//0
Cruise	Station	Type	mon/day/yr	hh:mm	Lon [°E]	Lat [°N]	Bot. Depth[m]	Depth[m]	QF	Temperature[°C]	QF	Salinity	QF	Density	QF	Oxygen[µM]	QF	OxygenSat[%]	QF	Nitrate[µM]	QF	Chlorophyll[µg/l]	QF	BackScatter[/m/sr]	QF	CDOM[ppb]	QF	pHinsitu[Total]	QF	pH25C[Total]	QF
0510SoOcn	1	C	02/25/2016	15:45	82.357	-57.413		1999.60	0	0.5248	0	34.6750	0	27.814	0	234.1	0	66.2	0	36.00	0	0.03	0	0.000091	0	2.96	0	7.8188	0	7.5509	0
0510SoOcn	1	C	02/25/2016	15:45	82.357	-57.413		1948.30	0	0.5454	0	34.6750	0	27.813	0	223.0	0	63.1	0	36.00	0	0.03	0	0.000093	0	2.92	0	7.8171	0	7.5481	0
0510SoOcn	1	C	02/25/2016	15:45	82.357	-57.413		1898.50	0	0.5596	0	34.6770	0	27.814	0	221.9	0	62.8	0	36.00	0	0.02	0	0.000091	0	2.98	0	7.8177	0	7.5472	0
0510SoOcn	1	C	02/25/2016	15:45	82.357	-57.413		1849.10	0	0.5770	0	34.6780	0	27.814	0	221.3	0	62.7	0	36.00	0	0.02	0	0.000092	0	2.95	0	7.8190	0	7.5469	0
0510SoOcn	1	C	02/25/2016	15:45	82.357	-57.413		1798.80	0	0.5847	0	34.6780	0	27.813	0	220.8	0	62.5	0	36.00	0	0.03	0	0.000091	0	2.95	0	7.8195	0	7.5458	0
0510SoOcn	1	C	02/25/2016	15:45	82.357	-57.413		1748.80	0	0.6167	0	34.6800	0	27.813	0	220.2	0	62.4	0	36.00	0	0.03	0	0.000092	0	2.97	0	7.8225	0	7.5474	0
0510SoOcn	1	C	02/25/2016	15:45	82.357	-57.413		1699.00	0	0.6321	0	34.6800	0	27.812	0	219.7	0	62.3	0	36.00	0	0.03	0	0.000093	0	2.97	0	7.8240	0	7.5473	0
0510SoOcn	1	C	02/25/2016	15:45	82.357	-57.413		1648.80	0	0.6669	0	34.6820	0	27.811	0	219.0	0	62.2	0	35.90	0	0.03	0	0.000091	0	2.99	0	7.8257	0	7.5477	0
0510SoOcn	1	C	02/25/2016	15:45	82.357	-57.413		1599.50	0	0.6957	0	34.6830	0	27.810	0	218.6	0	62.1	0	35.90	0	0.03	0	0.000092	0	3.00	0	7.8271	0	7.5478	0
0510SoOcn	1	C	02/25/2016	15:45	82.357	-57.413		1549.80	0	0.7196	0	34.6840	0	27.810	0	218.4	0	62.1	0	35.70	0	0.03	0	0.000090	0	2.95	0	7.8288	0	7.5480	0
0510SoOcn	1	C	02/25/2016	15:45	82.357	-57.413		1499.30	0	0.7366	0	34.6850	0	27.809	0	218.2	0	62.0	0	35.80	0	0.03	0	0.000090	0	3.00	0	7.8303	0	7.5479	0
0510SoOcn	1	C	02/25/2016	15:45	82.357	-57.413		1449.40	0	0.7709	0	34.6870	0	27.809	0	217.6	0	61.9	0	35.70	0	0.04	0	0.000091	0	2.96	0	7.8309	0	7.5473	0
0510SoOcn	1	C	02/25/2016	15:45	82.357	-57.413		1400.20	0	0.8062	0	34.6890	0	27.808	0	216.9	0	61.8	0	35.80	0	0.03	0	0.000092	0	2.99	0	7.8335	0	7.5485	0
0510SoOcn	1	C	02/25/2016	15:45	82.357	-57.413		1348.80	0	0.8609	0	34.6930	0	27.808	0	216.1	0	61.6	0	35.50	0	0.03	0	0.000094	0	2.98	0	7.8351	0	7.5491	0
0510SoOcn	1	C	02/25/2016	15:45	82.357	-57.413		1299.50	0	0.8931	0	34.6950	0	27.807	0	215.5	0	61.5	0	35.40	0	0.03	0	0.000092	0	3.02	0	7.8381	0	7.5506	0
0510SoOcn	1	C	02/25/2016	15:45	82.357	-57.413		1249.80	0	0.9685	0	34.6990	0	27.806	0	214.7	0	61.4	0	35.50	0	0.03	0	0.000093	0	2.99	0	7.8410	0	7.5527	0
0510SoOcn	1	C	02/25/2016	15:45	82.357	-57.413		1199.40	0	1.0199	0	34.7010	0	27.804	0	214.1	0	61.3	0	35.40	0	0.03	0	0.000094	0	2.99	0	7.8410	0	7.5517	0
0510SoOcn	1	C	02/25/2016	15:45	82.357	-57.413		1149.20	0	1.0449	0	34.7030	0	27.804	0	213.7	0	61.2	0	35.20	0	0.03	0	0.000102	0	3.01	0	7.8441	0	7.5533	0
0510SoOcn	1	C	02/25/2016	15:45	82.357	-57.413		1099.20	0	1.0760	0	34.7040	0	27.802	0	213.3	0	61.2	0	35.30	0	0.03	0	0.000095	0	2.97	0	7.8463	0	7.5541	0
0510SoOcn	1	C	02/25/2016	15:45	82.357	-57.413		1049.40	0	1.1064	0	34.7050	0	27.801	0	212.8	0	61.1	0	35.00	0	0.03	0	0.000096	0	3.02	0	7.8489	0	7.5553	0
0510SoOcn	1	C	02/25/2016	15:45	82.357	-57.413		999.50	0	1.1437	0	34.7060	0	27.799	0	212.4	0	61.0	0	35.00	0	0.03	0	0.000096	0	2.97	0	7.8520	0	7.5570	0
0510SoOcn	1	C	02/25/2016	15:45	82.357	-57.413		979.90	0	1.1690	0	34.7070	0	27.799	0	211.9	0	60.9	0		8		8		8		8	7.8449	0	7.5501	0
0510SoOcn	1	C	02/25/2016	15:45	82.357	-57.413		978.00	0	1.1680	0	34.7070	0	27.799	0	211.8	0	60.9	0		8	0.03	0	0.000298	0	2.98	0	7.8442	0	7.5494	0
0510SoOcn	1	C	02/25/2016	15:45	82.357	-57.413		976.00	0	1.1680	0	34.7070	0	27.799	0	211.8	0	60.9	0		8	0.03	0	0.000100	0	2.97	0	7.8431	0	7.5484	0
0510SoOcn	1	C	02/25/2016	15:45	82.357	-57.413		974.00	0	1.1690	0	34.7070	0	27.799	0	211.7	0	60.9	0		8	0.03	0	0.000095	0	2.97	0	7.8416	0	7.5469	0
0510SoOcn	1	C	02/25/2016	15:45	82.357	-57.413		972.00	0	1.1690	0	34.7070	0	27.799	0	211.7	0	60.9	0		8	0.03	0	0.000094	0	2.98	0	7.8407	0	7.5461	0
0510SoOcn	1	C	02/25/2016	15:45	82.357	-57.413		970.00	0	1.1690	0	34.7070	0	27.799	0	211.7	0	60.9	0		8	0.03	0	0.000094	0	2.96	0	7.8401	0	7.5455	0
0510SoOcn	1	C	02/25/2016	15:45	82.357	-57.413		968.00	0	1.1690	0	34.7070	0	27.799	0	211.7	0	60.9	0		8	0.03	0	0.000096	0	2.97	0	7.8397	0	7.5450	0
0510SoOcn	1	C	02/25/2016	15:45	82.357	-57.413		966.00	0	1.1700	0	34.7070	0	27.798	0	211.7	0	60.9	0		8	0.03	0	0.000182	0	2.98	0	7.8393	0	7.5446	0
0510SoOcn	1	C	02/25/2016	15:45	82.357	-57.413		964.00	0	1.1710	0	34.7070	0	27.798	0	211.7	0	60.9	0		8	0.03	0	0.000100	0	2.96	0	7.8382	0	7.5436	0
0510SoOcn	1	C	02/25/2016	15:45	82.357	-57.413		962.00	0	1.1770	0	34.7070	0	27.798	0	211.6	0	60.9	0		8	0.03	0	0.000098	0	2.96	0	7.8375	0	7.5429	0
0510SoOcn	1	C	02/25/2016	15:45	82.357	-57.413		960.00	0	1.1860	0	34.7070	0	27.797	0	211.5	0	60.8	0		8	0.03	0	0.000098	0	2.94	0	7.8369	0	7.5424	0
0510SoOcn	1	C	02/25/2016	15:45	82.357	-57.413		958.00	0	1.1870	0	34.7070	0	27.797	0	211.5	0	60.8	0		8	0.04	0	0.000110	0	2.96	0	7.8366	0	7.5421	0
0510SoOcn	1	C	02/25/2016	15:45	82.357	-57.413		956.00	0	1.1870	0	34.7070	0	27.797	0	211.4	0	60.8	0		8	0.03	0	0.000106	0	2.94	0	7.8363	0	7.5418	0
0510SoOcn	1	C	02/25/2016	15:45	82.357	-57.413		954.00	0	1.1880	0	34.7070	0	27.797	0	211.4	0	60.8	0		8	0.03	0	0.000100	0	2.96	0	7.8360	0	7.5414	0
0510SoOcn	1	C	02/25/2016	15:45	82.357	-57.413		952.00	0	1.1910	0	34.7070	0	27.797	0	211.4	0	60.8	0	35.10	0	0.03	0	0.000111	0	2.95	0	7.8358	0	7.5412	0
0510SoOcn	1	C	02/25/2016	15:45	82.357	-57.413		950.00	0	1.1920	0	34.7070	0	27.797	0	211.4	0	60.8	0		8	0.03	0	0.000100	0	2.95	0	7.8352	0	7.5406	0
0510SoOcn	1	C	02/25/2016	15:45	82.357	-57.413		948.00	0	1.1930	0	34.7070	0	27.797	0	211.3	0	60.8	0		8	0.04	0	0.000133	0	2.94	0	7.8351	0	7.5405	0
0510SoOcn	1	C	02/25/2016	15:45	82.357	-57.413		946.00	0	1.1940	0	34.7070	0	27.797	0	211.3	0	60.8	0		8	0.03	0	0.000100	0	2.93	0	7.8353	0	7.5406	0
0510SoOcn	1	C	02/25/2016	15:45	82.357	-57.413		944.00	0	1.1960	0	34.7070	0	27.797	0	211.3	0	60.8	0		8	0.03	0	0.000105	0	2.96	0	7.8353	0	7.5406	0
0510SoOcn	1	C	02/25/2016	15:45	82.357	-57.413		942.00	0	1.1940	0	34.7070	0	27.797	0	211.3	0	60.8	0		8	0.03	0	0.000099	0	2.94	0	7.8346	0	7.5398	0
0510SoOcn	1	C	02/25/2016	15:45	82.357	-57.413		940.00	0	1.1950	0	34.7070	0	27.797	0	211.2	0	60.8	0		8	0.03	0	0.000106	0	2.95	0	7.8347	0	7.5399	0
0510SoOcn	1	C	02/25/2016	15:45	82.357	-57.413		938.00	0	1.2040	0	34.7070	0	27.796	0	211.2	0	60.8	0		8	0.03	0	0.000099	0	2.95	0	7.8340	0	7.5393	0
0510SoOcn	1	C	02/25/2016	15:45	82.357	-57.413		936.00	0	1.2090	0	34.7080	0	27.797	0	211.1	0	60.8	0		8	0.03	0	0.000098	0	2.95	0	7.8340	0	7.5393	0
0510SoOcn	1	C	02/25/2016	15:45	82.357	-57.413		934.00	0	1.2050	0	34.7080	0	27.797	0	211.1	0	60.8	0		8	0.04	0	0.000118	0	2.95	0	7.8338	0	7.5390	0
0510SoOcn	1	C	02/25/2016	15:45	82.357	-57.413		932.00	0	1.2090	0	34.7080	0	27.797	0	211.1	0	60.7	0		8	0.03	0	0.000097	0	2.96	0	7.8333	0	7.5386	0
0510SoOcn	1	C	02/25/2016	15:45	82.357	-57.413		930.00	0	1.2090	0	34.7080	0	27.797	0	211.1	0	60.8	0		8	0.03	0	0.000100	0	2.95	0	7.8335	0	7.5387	0
0510SoOcn	1	C	02/25/2016	15:45	82.357	-57.413		928.00	0	1.2100	0	34.7080	0	27.797	0	211.0	0	60.7	0		8	0.03	0	0.000098	0	2.96	0	7.8336	0	7.5387	0
0510SoOcn	1	C	02/25/2016	15:45	82.357	-57.413		926.00	0	1.2140	0	34.7080	0	27.796	0	211.0	0	60.7	0		8	0.03	0	0.000097	0	2.96	0	7.8334	0	7.5385	0
0510SoOcn	1	C	02/25/2016	15:45	82.357	-57.413		924.00	0	1.2220	0	34.7080	0	27.796	0	211.0	0	60.7	0		8	0.03	0	0.000098	0	2.95	0	7.8333	0	7.5384	0
0510SoOcn	1	C	02/25/2016	15:45	82.357	-57.413		922.00	0	1.2270	0	34.7080	0	27.795	0	210.8	0	60.7	0		8	0.03	0	0.000102	0	2.94	0	7.8334	0	7.5385	0
0510SoOcn	1	C	02/25/2016	15:45	82.357	-57.413		920.00	0	1.2340	0	34.7080	0	27.795	0	210.8	0	60.7	0		8	0.03	0	0.000102	0	2.95	0	7.8335	0	7.5386	0
0510SoOcn	1	C	02/25/2016	15:45	82.357	-57.413		918.00	0	1.2390	0	34.7090	0	27.795	0	210.7	0	60.7	0		8	0.03	0	0.000099	0	2.96	0	7.8330	0	7.5382	0
0510SoOcn	1	C	02/25/2016	15:45	82.357	-57.413		916.00	0	1.2420	0	34.7080	0	27.794	0	210.6	0	60.7	0		8	0.03	0	0.000102	0	2.95	0	7.8328	0	7.5380	0
0510SoOcn	1	C	02/25/2016	15:45	82.357	-57.413		914.00	0	1.2620	0	34.7080	0	27.793	0	210.4	0	60.6	0		8	0.03	0	0.000100	0	2.95	0	7.8321	0	7.5375	0
0510SoOcn	1	C	02/25/2016	15:45	82.357	-57.413		912.00	0	1.2630	0	34.7090	0	27.794	0	210.4	0	60.6	0		8	0.03	0	0.000100	0	2.95	0	7.8316	0	7.5370	0
0510SoOcn	1	C	02/25/2016	15:45	82.357	-57.413		910.00	0	1.2660	0	34.7090	0	27.793	0	210.3	0	60.6	0		8	0.03	0	0.000101	0	2.95	0	7.8317	0	7.5371	0
0510SoOcn	1	C	02/25/2016	15:45	82.357	-57.413		908.00	0	1.2680	0	34.7090	0	27.793	0	210.2	0	60.6	0		8	0.03	0	0.000099	0	2.96	0	7.8314	0	7.5368	0
0510SoOcn	1	C	02/25/2016	15:45	82.357	-57.413		906.00	0	1.2680	0	34.7090	0	27.793	0	210.2	0	60.6	0		8	0.03	0	0.000107	0	2.95	0	7.8318	0	7.5371	0
0510SoOcn	1	C	02/25/2016	15:45	82.357	-57.413		904.00	0	1.2690	0	34.7090	0	27.793	0	210.3	0	60.6	0		8	0.03	0	0.000098	0	2.96	0	7.8321	0	7.5373	0
0510SoOcn	1	C	02/25/2016	15:45	82.357	-57.413		902.00	0	1.2690	0	34.7090	0	27.793	0	210.2	0	60.6	0	35.00	0	0.03	0	0.000102	0	2.95	0	7.8320	0	7.5372	0
0510SoOcn	1	C	02/25/2016	15:45	82.357	-57.413		900.00	0	1.2590	0	34.7100	0	27.795	0	210.2	0	60.6	0		8	0.04	0	0.000108	0	2.97	0	7.8320	0	7.5369	0
0510SoOcn	1	C	02/25/2016	15:45	82.357	-57.413		898.00	0	1.2690	0	34.7090	0	27.793	0	210.1	0	60.6	0		8	0.04	0	0.000108	0	2.93	0	7.8320	0	7.5370	0
0510SoOcn	1	C	02/25/2016	15:45	82.357	-57.413		896.00	0	1.2660	0	34.7090	0	27.793	0	210.2	0	60.6	0		8	0.03	0	0.000099	0	2.96	0	7.8319	0	7.5369	0
0510SoOcn	1	C	02/25/2016	15:45	82.357	-57.413		894.00	0	1.2650	0	34.7090	0	27.793	0	210.2	0	60.6	0		8	0.03	0	0.000106	0	2.93	0	7.8321	0	7.5369	0
0510SoOcn	1	C	02/25/2016	15:45	82.357	-57.413		892.00	0	1.2660	0	34.7090	0	27.793	0	210.1	0	60.6	0		8	0.03	0	0.000103	0	2.96	0	7.8327	0	7.5374	0
0510SoOcn	1	C	02/25/2016	15:45	82.357	-57.413		890.00	0	1.2660	0	34.7090	0	27.793	0	210.2	0	60.6	0		8	0.04	0	0.000163	0	2.95	0	7.8323	0	7.5370	0
0510SoOcn	1	C	02/25/2016	15:45	82.357	-57.413		888.00	0	1.2650	0	34.7090	0	27.793	0	210.2	0	60.6	0		8	0.03	0	0.000097	0	2.96	0	7.8324	0	7.5370	0
0510SoOcn	1	C	02/25/2016	15:45	82.357	-57.413		886.00	0	1.2670	0	34.7090	0	27.793	0	210.2	0	60.6	0		8	0.03	0	0.000100	0	2.96	0	7.8325	0	7.5371	0
0510SoOcn	1	C	02/25/2016	15:45	82.357	-57.413		884.00	0	1.2680	0	34.7090	0	27.793	0	210.2	0	60.6	0		8	0.03	0	0.000100	0	2.95	0	7.8324	0	7.5369	0
0510SoOcn	1	C	02/25/2016	15:45	82.357	-57.413		882.00	0	1.2680	0	34.7090	0	27.793	0	210.1	0	60.6	0		8	0.04	0	0.000099	0	2.96	0	7.8322	0	7.5367	0
0510SoOcn	1	C	02/25/2016	15:45	82.357	-57.413		880.00	0	1.2700	0	34.7090	0	27.793	0	210.1	0	60.6	0		8	0.03	0	0.000098	0	2.96	0	7.8318	0	7.5363	0
0510SoOcn	1	C	02/25/2016	15:45	82.357	-57.413		878.00	0	1.2700	0	34.7090	0	27.793	0	210.1	0	60.6	0		8	0.03	0	0.000120	0	2.93	0	7.8322	0	7.5365	0
0510SoOcn	1	C	02/25/2016	15:45	82.357	-57.413		875.90	0	1.2700	0	34.7090	0	27.793	0	210.1	0	60.6	0		8	0.03	0	0.000100	0	2.95	0	7.8324	0	7.5367	0
0510SoOcn	1	C	02/25/2016	15:45	82.357	-57.413		874.00	0	1.2700	0	34.7090	0	27.793	0	210.1	0	60.6	0		8	0.03	0	0.000099	0	2.96	0	7.8321	0	7.5364	0
0510SoOcn	1	C	02/25/2016	15:45	82.357	-57.413		872.00	0	1.2720	0	34.7090	0	27.793	0	210.0	0	60.5	0		8	0.03	0	0.000099	0	2.96	0	7.8324	0	7.5366	0
0510SoOcn	1	C	02/25/2016	15:45	82.357	-57.413		870.00	0	1.2720	0	34.7090	0	27.793	0	210.1	0	60.6	0		8	0.03	0	0.000103	0	2.95	0	7.8327	0	7.5368	0
0510SoOcn	1	C	02/25/2016	15:45	82.357	-57.413		868.00	0	1.2720	0	34.7090	0	27.793	0	210.0	0	60.5	0		8	0.03	0	0.000106	0	2.96	0	7.8327	0	7.5367	0
0510SoOcn	1	C	02/25/2016	15:45	82.357	-57.413		865.90	0	1.2710	0	34.7090	0	27.793	0	210.0	0	60.5	0		8	0.03	0	0.000102	0	2.96	0	7.8326	0	7.5366	0
0510SoOcn	1	C	02/25/2016	15:45	82.357	-57.413		864.00	0	1.2690	0	34.7090	0	27.793	0	210.1	0	60.5	0		8	0.03	0	0.000099	0	2.93	0	7.8321	0	7.5360	0
0510SoOcn	1	C	02/25/2016	15:45	82.357	-57.413		862.00	0	1.2710	0	34.7090	0	27.793	0	210.0	0	60.5	0		8	0.03	0	0.000107	0	2.95	0	7.8329	0	7.5367	0
0510SoOcn	1	C	02/25/2016	15:45	82.357	-57.413		860.00	0	1.2870	0	34.7090	0	27.792	0	209.9	0	60.5	0		8	0.03	0	0.000105	0	2.96	0	7.8322	0	7.5362	0
0510SoOcn	1	C	02/25/2016	15:45	82.357	-57.413		858.00	0	1.2870	0	34.7090	0	27.792	0	209.8	0	60.5	0		8	0.03	0	0.000103	0	2.97	0	7.8320	0	7.5360	0
0510SoOcn	1	C	02/25/2016	15:45	82.357	-57.413		856.00	0	1.2880	0	34.7100	0	27.793	0	209.8	0	60.5	0		8	0.03	0	0.000100	0	2.96	0	7.8322	0	7.5361	0
0510SoOcn	1	C	02/25/2016	15:45	82.357	-57.413		854.00	0	1.2880	0	34.7090	0	27.792	0	209.8	0	60.5	0		8	0.03	0	0.000103	0	2.96	0	7.8327	0	7.5365	0
0510SoOcn	1	C	02/25/2016	15:45	82.357	-57.413		852.00	0	1.2870	0	34.7100	0	27.793	0	209.8	0	60.5	0	34.80	0	0.03	0	0.000100	0	2.97	0	7.8327	0	7.5364	0
0510SoOcn	1	C	02/25/2016	15:45	82.357	-57.413		850.00	0	1.2840	0	34.7100	0	27.793	0	209.8	0	60.5	0		8	0.03	0	0.000099	0	2.96	0	7.8327	0	7.5363	0
0510SoOcn	1	C	02/25/2016	15:45	82.357	-57.413		848.00	0	1.2830	0	34.7100	0	27.793	0	209.8	0	60.5	0		8	0.03	0	0.000134	0	2.96	0	7.8328	0	7.5363	0
0510SoOcn	1	C	02/25/2016	15:45	82.357	-57.413		846.00	0	1.2880	0	34.7090	0	27.792	0	209.8	0	60.5	0		8	0.03	0	0.000109	0	2.97	0	7.8327	0	7.5362	0
0510SoOcn	1	C	02/25/2016	15:45	82.357	-57.413		844.00	0	1.2900	0	34.7090	0	27.792	0	209.7	0	60.5	0		8	0.03	0	0.000101	0	2.95	0	7.8326	0	7.5361	0
0510SoOcn	1	C	02/25/2016	15:45	82.357	-57.413		842.00	0	1.2900	0	34.7090	0	27.792	0	209.7	0	60.5	0		8	0.03	0	0.000103	0	2.95	0	7.8329	0	7.5363	0
0510SoOcn	1	C	02/25/2016	15:45	82.357	-57.413		840.00	0	1.2910	0	34.7090	0	27.792	0	209.7	0	60.5	0		8	0.03	0	0.000101	0	2.96	0	7.8329	0	7.5363	0
0510SoOcn	1	C	02/25/2016	15:45	82.357	-57.413		838.00	0	1.2910	0	34.7090	0	27.792	0	209.7	0	60.5	0		8	0.03	0	0.000100	0	2.97	0	7.8326	0	7.5359	0
0510SoOcn	1	C	02/25/2016	15:45	82.357	-57.413		836.00	0	1.2910	0	34.7090	0	27.792	0	209.7	0	60.5	0		8	0.03	0	0.000104	0	2.96	0	7.8327	0	7.5360	0
0510SoOcn	1	C	02/25/2016	15:45	82.357	-57.413		834.00	0	1.2950	0	34.7090	0	27.791	0	209.7	0	60.5	0		8	0.03	0	0.000109	0	2.96	0	7.8331	0	7.5363	0
0510SoOcn	1	C	02/25/2016	15:45	82.357	-57.413		832.00	0	1.2990	0	34.7080	0	27.790	0	209.5	0	60.4	0		8	0.03	0	0.000103	0	2.96	0	7.8319	0	7.5352	0
0510SoOcn	1	C	02/25/2016	15:45	82.357	-57.413		830.00	0	1.3020	0	34.7080	0	27.790	0	209.5	0	60.4	0		8	0.03	0	0.000115	0	2.94	0	7.8317	0	7.5350	0
0510SoOcn	1	C	02/25/2016	15:45	82.357	-57.413		828.00	0	1.3060	0	34.7080	0	27.790	0	209.5	0	60.4	0		8	0.03	0	0.000107	0	2.96	0	7.8316	0	7.5349	0
0510SoOcn	1	C	02/25/2016	15:45	82.357	-57.413		826.00	0	1.3080	0	34.7080	0	27.790	0	209.4	0	60.4	0		8	0.03	0	0.000100	0	2.96	0	7.8313	0	7.5346	0
0510SoOcn	1	C	02/25/2016	15:45	82.357	-57.413		824.00	0	1.3140	0	34.7080	0	27.789	0	209.3	0	60.4	0		8	0.03	0	0.000109	0	2.95	0	7.8312	0	7.5345	0
0510SoOcn	1	C	02/25/2016	15:45	82.357	-57.413		822.00	0	1.3170	0	34.7080	0	27.789	0	209.2	0	60.4	0		8	0.03	0	0.000102	0	2.95	0	7.8311	0	7.5344	0
0510SoOcn	1	C	02/25/2016	15:45	82.357	-57.413		820.00	0	1.3300	0	34.7070	0	27.787	0	209.1	0	60.4	0		8	0.03	0	0.000117	0	2.97	0	7.8313	0	7.5347	0
0510SoOcn	1	C	02/25/2016	15:45	82.357	-57.413		818.00	0	1.3310	0	34.7080	0	27.788	0	208.9	0	60.3	0		8	0.03	0	0.000104	0	2.96	0	7.8313	0	7.5347	0
0510SoOcn	1	C	02/25/2016	15:45	82.357	-57.413		816.00	0	1.3320	0	34.7080	0	27.788	0	208.9	0	60.3	0		8	0.03	0	0.000104	0	2.96	0	7.8312	0	7.5345	0
0510SoOcn	1	C	02/25/2016	15:45	82.357	-57.413		814.00	0	1.3320	0	34.7080	0	27.788	0	208.8	0	60.3	0		8	0.03	0	0.000105	0	2.96	0	7.8313	0	7.5345	0
0510SoOcn	1	C	02/25/2016	15:45	82.357	-57.413		812.00	0	1.3320	0	34.7080	0	27.788	0	208.8	0	60.3	0		8	0.03	0	0.000104	0	2.95	0	7.8315	0	7.5347	0
0510SoOcn	1	C	02/25/2016	15:45	82.357	-57.413		810.00	0	1.3340	0	34.7080	0	27.788	0	208.8	0	60.3	0		8	0.04	0	0.000103	0	2.97	0	7.8315	0	7.5346	0
0510SoOcn	1	C	02/25/2016	15:45	82.357	-57.413		808.00	0	1.3330	0	34.7080	0	27.788	0	208.8	0	60.3	0		8	0.04	0	0.000102	0	2.94	0	7.8314	0	7.5344	0
0510SoOcn	1	C	02/25/2016	15:45	82.357	-57.413		806.00	0	1.3380	0	34.7080	0	27.788	0	208.8	0	60.3	0		8	0.03	0	0.000104	0	2.96	0	7.8310	0	7.5340	0
0510SoOcn	1	C	02/25/2016	15:45	82.357	-57.413		804.00	0	1.3460	0	34.7080	0	27.787	0	208.7	0	60.3	0		8	0.04	0	0.000100	0	2.97	0	7.8308	0	7.5339	0
0510SoOcn	1	C	02/25/2016	15:45	82.357	-57.413		802.00	0	1.3470	0	34.7080	0	27.787	0	208.6	0	60.2	0		8	0.04	0	0.000138	0	2.96	0	7.8311	0	7.5341	0
0510SoOcn	1	C	02/25/2016	15:45	82.357	-57.413		800.00	0	1.3480	0	34.7080	0	27.787	0	208.5	0	60.2	0	35.00	0	0.04	0	0.000108	0	2.97	0	7.8316	0	7.5346	0
0510SoOcn	1	C	02/25/2016	15:45	82.357	-57.413		798.00	0	1.3480	0	34.7080	0	27.787	0	208.5	0	60.2	0		8	0.04	0	0.000104	0	2.97	0	7.8314	0	7.5343	0
0510SoOcn	1	C	02/25/2016	15:45	82.357	-57.413		796.00	0	1.3480	0	34.7080	0	27.787	0	208.5	0	60.2	0		8	0.04	0	0.000101	0	2.97	0	7.8313	0	7.5342	0
0510SoOcn	1	C	02/25/2016	15:45	82.357	-57.413		794.00	0	1.3480	0	34.7080	0	27.787	0	208.5	0	60.2	0		8	0.04	0	0.000118	0	2.94	0	7.8315	0	7.5342	0
0510SoOcn	1	C	02/25/2016	15:45	82.357	-57.413		792.00	0	1.3480	0	34.7080	0	27.787	0	208.5	0	60.2	0		8	0.04	0	0.000105	0	2.95	0	7.8318	0	7.5344	0
0510SoOcn	1	C	02/25/2016	15:45	82.357	-57.413		790.00	0	1.3500	0	34.7080	0	27.787	0	208.4	0	60.2	0		8	0.04	0	0.000143	0	2.97	0	7.8319	0	7.5345	0
0510SoOcn	1	C	02/25/2016	15:45	82.357	-57.413		788.00	0	1.3510	0	34.7080	0	27.787	0	208.4	0	60.2	0		8	0.03	0	0.000105	0	2.96	0	7.8316	0	7.5342	0
0510SoOcn	1	C	02/25/2016	15:45	82.357	-57.413		786.00	0	1.3610	0	34.7090	0	27.787	0	208.4	0	60.2	0		8	0.03	0	0.000117	0	2.97	0	7.8316	0	7.5341	0
0510SoOcn	1	C	02/25/2016	15:45	82.357	-57.413		784.00	0	1.3700	0	34.7090	0	27.786	0	208.2	0	60.2	0		8	0.03	0	0.000105	0	2.98	0	7.8318	0	7.5344	0
0510SoOcn	1	C	02/25/2016	15:45	82.357	-57.413		782.00	0	1.3760	0	34.7100	0	27.786	0	208.1	0	60.2	0		8	0.04	0	0.000118	0	2.96	0	7.8321	0	7.5348	0
0510SoOcn	1	C	02/25/2016	15:45	82.357	-57.413		780.00	0	1.3780	0	34.7100	0	27.786	0	208.1	0	60.1	0		8	0.04	0	0.000102	0	2.96	0	7.8318	0	7.5345	0
0510SoOcn	1	C	02/25/2016	15:45	82.357	-57.413		778.00	0	1.3820	0	34.7100	0	27.786	0	208.0	0	60.1	0		8	0.03	0	0.000104	0	2.96	0	7.8322	0	7.5348	0
0510SoOcn	1	C	02/25/2016	15:45	82.357	-57.413		776.00	0	1.3870	0	34.7100	0	27.786	0	207.8	0	60.1	0		8	0.03	0	0.000105	0	2.98	0	7.8316	0	7.5343	0
0510SoOcn	1	C	02/25/2016	15:45	82.357	-57.413		774.00	0	1.3870	0	34.7100	0	27.786	0	207.8	0	60.1	0		8	0.04	0	0.000104	0	2.97	0	7.8319	0	7.5344	0
0510SoOcn	1	C	02/25/2016	15:45	82.357	-57.413		772.00	0	1.3910	0	34.7100	0	27.785	0	207.7	0	60.1	0		8	0.04	0	0.000108	0	2.97	0	7.8321	0	7.5347	0
0510SoOcn	1	C	02/25/2016	15:45	82.357	-57.413		770.00	0	1.3960	0	34.7100	0	27.785	0	207.7	0	60.1	0		8	0.03	0	0.000104	0	2.97	0	7.8318	0	7.5344	0
0510SoOcn	1	C	02/25/2016	15:45	82.357	-57.413		768.00	0	1.3970	0	34.7100	0	27.785	0	207.6	0	60.0	0		8	0.03	0	0.000105	0	2.97	0	7.8320	0	7.5345	0
0510SoOcn	1	C	02/25/2016	15:45	82.357	-57.413		766.00	0	1.3990	0	34.7100	0	27.785	0	207.6	0	60.0	0		8	0.03	0	0.000113	0	2.98	0	7.8315	0	7.5340	0
0510SoOcn	1	C	02/25/2016	15:45	82.357	-57.413		764.00	0	1.4010	0	34.7100	0	27.785	0	207.5	0	60.0	0		8	0.03	0	0.000102	0	2.97	0	7.8312	0	7.5337	0
0510SoOcn	1	C	02/25/2016	15:45	82.357	-57.413		762.00	0	1.4000	0	34.7100	0	27.785	0	207.5	0	60.0	0		8	0.04	0	0.000101	0	2.97	0	7.8315	0	7.5339	0
0510SoOcn	1	C	02/25/2016	15:45	82.357	-57.413		760.00	0	1.3990	0	34.7100	0	27.785	0	207.5	0	60.0	0		8	0.03	0	0.000104	0	2.97	0	7.8308	0	7.5332	0
0510SoOcn	1	C	02/25/2016	15:45	82.357	-57.413		758.00	0	1.3990	0	34.7090	0	27.784	0	207.5	0	60.0	0		8	0.09	0	0.000199	0	2.97	0	7.8310	0	7.5333	0
0510SoOcn	1	C	02/25/2016	15:45	82.357	-57.413		756.00	0	1.3990	0	34.7090	0	27.784	0	207.5	0	60.0	0		8	0.03	0	0.000108	0	2.97	0	7.8311	0	7.5333	0
0510SoOcn	1	C	02/25/2016	15:45	82.357	-57.413		754.00	0	1.3980	0	34.7090	0	27.784	0	207.4	0	60.0	0		8	0.04	0	0.000104	0	2.97	0	7.8309	0	7.5331	0
0510SoOcn	1	C	02/25/2016	15:45	82.357	-57.413		752.00	0	1.4000	0	34.7090	0	27.784	0	207.4	0	60.0	0	34.90	0	0.03	0	0.000104	0	2.98	0	7.8309	0	7.5331	0
0510SoOcn	1	C	02/25/2016	15:45	82.357	-57.413		750.00	0	1.4030	0	34.7090	0	27.784	0	207.4	0	60.0	0		8	0.04	0	0.000103	0	2.97	0	7.8304	0	7.5326	0
0510SoOcn	1	C	02/25/2016	15:45	82.357	-57.413		748.00	0	1.4060	0	34.7090	0	27.783	0	207.3	0	60.0	0		8	0.03	0	0.000104	0	2.96	0	7.8311	0	7.5331	0
0510SoOcn	1	C	02/25/2016	15:45	82.357	-57.413		746.00	0	1.4090	0	34.7090	0	27.783	0	207.3	0	60.0	0		8	0.04	0	0.000105	0	2.96	0	7.8314	0	7.5334	0
0510SoOcn	1	C	02/25/2016	15:45	82.357	-57.413		744.00	0	1.4050	0	34.7090	0	27.784	0	207.2	0	59.9	0		8	0.04	0	0.000104	0	2.95	0	7.8319	0	7.5338	0
0510SoOcn	1	C	02/25/2016	15:45	82.357	-57.413		742.00	0	1.4070	0	34.7090	0	27.783	0	207.2	0	59.9	0		8	0.04	0	0.000102	0	2.95	0	7.8314	0	7.5333	0
0510SoOcn	1	C	02/25/2016	15:45	82.357	-57.413		740.00	0	1.4050	0	34.7090	0	27.784	0	207.2	0	59.9	0		8	0.03	0	0.000105	0	2.96	0	7.8318	0	7.5336	0
0510SoOcn	1	C	02/25/2016	15:45	82.357	-57.413		738.00	0	1.4060	0	34.7090	0	27.783	0	207.2	0	59.9	0		8	0.03	0	0.000111	0	2.97	0	7.8318	0	7.5335	0
0510SoOcn	1	C	02/25/2016	15:45	82.357	-57.413		736.00	0	1.4110	0	34.7090	0	27.783	0	207.2	0	59.9	0		8	0.04	0	0.000490	0	2.97	0	7.8318	0	7.5335	0
0510SoOcn	1	C	02/25/2016	15:45	82.357	-57.413		734.00	0	1.4140	0	34.7090	0	27.783	0	207.1	0	59.9	0		8	0.04	0	0.000127	0	2.97	0	7.8316	0	7.5333	0
0510SoOcn	1	C	02/25/2016	15:45	82.357	-57.413		732.00	0	1.4160	0	34.7090	0	27.783	0	207.0	0	59.9	0		8	0.03	0	0.000104	0	2.98	0	7.8316	0	7.5333	0
0510SoOcn	1	C	02/25/2016	15:45	82.357	-57.413		730.00	0	1.4170	0	34.7100	0	27.784	0	207.0	0	59.9	0		8	0.03	0	0.000106	0	2.98	0	7.8317	0	7.5332	0
0510SoOcn	1	C	02/25/2016	15:45	82.357	-57.413		728.00	0	1.4180	0	34.7100	0	27.783	0	207.0	0	59.9	0		8	0.04	0	0.000130	0	2.96	0	7.8316	0	7.5332	0
0510SoOcn	1	C	02/25/2016	15:45	82.357	-57.413		725.90	0	1.4260	0	34.7100	0	27.783	0	206.9	0	59.9	0		8	0.03	0	0.000111	0	2.98	0	7.8312	0	7.5327	0
0510SoOcn	1	C	02/25/2016	15:45	82.357	-57.413		724.00	0	1.4390	0	34.7100	0	27.782	0	206.7	0	59.8	0		8	0.03	0	0.000109	0	2.95	0	7.8310	0	7.5327	0
0510SoOcn	1	C	02/25/2016	15:45	82.357	-57.413		722.00	0	1.4390	0	34.7100	0	27.782	0	206.6	0	59.8	0		8	0.03	0	0.000105	0	2.95	0	7.8309	0	7.5326	0
0510SoOcn	1	C	02/25/2016	15:45	82.357	-57.413		720.00	0	1.4410	0	34.7100	0	27.782	0	206.5	0	59.8	0		8	0.03	0	0.000104	0	2.97	0	7.8309	0	7.5325	0
0510SoOcn	1	C	02/25/2016	15:45	82.357	-57.413		718.00	0	1.4420	0	34.7100	0	27.782	0	206.4	0	59.8	0		8	0.03	0	0.000109	0	2.97	0	7.8308	0	7.5324	0
0510SoOcn	1	C	02/25/2016	15:45	82.357	-57.413		716.00	0	1.4440	0	34.7100	0	27.782	0	206.4	0	59.8	0		8	0.04	0	0.000107	0	2.97	0	7.8309	0	7.5325	0
0510SoOcn	1	C	02/25/2016	15:45	82.357	-57.413		714.00	0	1.4430	0	34.7090	0	27.781	0	206.3	0	59.7	0		8	0.03	0	0.000106	0	2.97	0	7.8309	0	7.5323	0
0510SoOcn	1	C	02/25/2016	15:45	82.357	-57.413		712.00	0	1.4450	0	34.7090	0	27.781	0	206.3	0	59.7	0		8	0.03	0	0.000104	0	2.96	0	7.8307	0	7.5321	0
0510SoOcn	1	C	02/25/2016	15:45	82.357	-57.413		710.00	0	1.4490	0	34.7090	0	27.780	0	206.2	0	59.7	0		8	0.03	0	0.000107	0	2.96	0	7.8307	0	7.5321	0
0510SoOcn	1	C	02/25/2016	15:45	82.357	-57.413		708.00	0	1.4510	0	34.7090	0	27.780	0	206.2	0	59.7	0		8	0.05	0	0.000269	0	2.95	0	7.8309	0	7.5323	0
0510SoOcn	1	C	02/25/2016	15:45	82.357	-57.413		706.00	0	1.4510	0	34.7090	0	27.780	0	206.1	0	59.7	0		8	0.03	0	0.000105	0	2.96	0	7.8306	0	7.5320	0
0510SoOcn	1	C	02/25/2016	15:45	82.357	-57.413		704.00	0	1.4510	0	34.7090	0	27.780	0	206.1	0	59.7	0		8	0.03	0	0.000106	0	2.97	0	7.8313	0	7.5325	0
0510SoOcn	1	C	02/25/2016	15:45	82.357	-57.413		702.00	0	1.4510	0	34.7090	0	27.780	0	206.1	0	59.7	0	35.00	0	0.04	0	0.000105	0	2.96	0	7.8316	0	7.5327	0
0510SoOcn	1	C	02/25/2016	15:45	82.357	-57.413		700.00	0	1.4510	0	34.7100	0	27.781	0	206.0	0	59.7	0		8	0.03	0	0.000105	0	2.96	0	7.8316	0	7.5327	0
0510SoOcn	1	C	02/25/2016	15:45	82.357	-57.413		698.00	0	1.4520	0	34.7090	0	27.780	0	206.1	0	59.7	0		8	0.04	0	0.000105	0	2.97	0	7.8315	0	7.5325	0
0510SoOcn	1	C	02/25/2016	15:45	82.357	-57.413		696.00	0	1.4550	0	34.7090	0	27.780	0	206.0	0	59.7	0		8	0.03	0	0.000108	0	2.98	0	7.8316	0	7.5325	0
0510SoOcn	1	C	02/25/2016	15:45	82.357	-57.413		694.00	0	1.4550	0	34.7100	0	27.781	0	206.0	0	59.7	0		8	0.03	0	0.000107	0	2.97	0	7.8314	0	7.5323	0
0510SoOcn	1	C	02/25/2016	15:45	82.357	-57.413		692.00	0	1.4550	0	34.7100	0	27.781	0	205.9	0	59.6	0		8	0.03	0	0.000104	0	2.98	0	7.8316	0	7.5324	0
0510SoOcn	1	C	02/25/2016	15:45	82.357	-57.413		690.00	0	1.4540	0	34.7100	0	27.781	0	206.0	0	59.6	0		8	0.04	0	0.000106	0	2.96	0	7.8314	0	7.5322	0
0510SoOcn	1	C	02/25/2016	15:45	82.357	-57.413		688.00	0	1.4600	0	34.7090	0	27.780	0	205.8	0	59.6	0		8	0.03	0	0.000107	0	2.97	0	7.8315	0	7.5323	0
0510SoOcn	1	C	02/25/2016	15:45	82.357	-57.413		686.00	0	1.4620	0	34.7100	0	27.780	0	205.8	0	59.6	0		8	0.03	0	0.000106	0	2.97	0	7.8315	0	7.5322	0
0510SoOcn	1	C	02/25/2016	15:45	82.357	-57.413		684.00	0	1.4640	0	34.7090	0	27.779	0	205.8	0	59.6	0		8	0.03	0	0.000115	0	2.96	0	7.8305	0	7.5313	0
0510SoOcn	1	C	02/25/2016	15:45	82.357	-57.413		682.00	0	1.4640	0	34.7100	0	27.780	0	205.7	0	59.6	0		8	0.04	0	0.000108	0	2.97	0	7.8309	0	7.5316	0
0510SoOcn	1	C	02/25/2016	15:45	82.357	-57.413		680.00	0	1.4650	0	34.7090	0	27.779	0	205.7	0	59.6	0		8	0.03	0	0.000105	0	2.96	0	7.8313	0	7.5319	0
0510SoOcn	1	C	02/25/2016	15:45	82.357	-57.413		678.00	0	1.4660	0	34.7090	0	27.779	0	205.6	0	59.6	0		8	0.04	0	0.000115	0	2.98	0	7.8307	0	7.5314	0
0510SoOcn	1	C	02/25/2016	15:45	82.357	-57.413		676.00	0	1.4660	0	34.7090	0	27.779	0	205.6	0	59.5	0		8	0.04	0	0.000114	0	2.97	0	7.8314	0	7.5319	0
0510SoOcn	1	C	02/25/2016	15:45	82.357	-57.413		674.00	0	1.4650	0	34.7090	0	27.779	0	205.5	0	59.5	0		8	0.03	0	0.000110	0	2.98	0	7.8313	0	7.5317	0
0510SoOcn	1	C	02/25/2016	15:45	82.357	-57.413		672.00	0	1.4660	0	34.7090	0	27.779	0	205.5	0	59.5	0		8	0.03	0	0.000107	0	2.98	0	7.8312	0	7.5316	0
0510SoOcn	1	C	02/25/2016	15:45	82.357	-57.413		670.00	0	1.4640	0	34.7100	0	27.780	0	205.6	0	59.6	0		8	0.03	0	0.000108	0	2.97	0	7.8316	0	7.5319	0
0510SoOcn	1	C	02/25/2016	15:45	82.357	-57.413		668.00	0	1.4650	0	34.7100	0	27.780	0	205.6	0	59.6	0		8	0.03	0	0.000132	0	2.96	0	7.8315	0	7.5317	0
0510SoOcn	1	C	02/25/2016	15:45	82.357	-57.413		666.00	0	1.4650	0	34.7100	0	27.780	0	205.6	0	59.6	0		8	0.04	0	0.000106	0	2.98	0	7.8314	0	7.5316	0
0510SoOcn	1	C	02/25/2016	15:45	82.357	-57.413		664.00	0	1.4650	0	34.7100	0	27.780	0	205.5	0	59.5	0		8	0.04	0	0.000107	0	2.95	0	7.8318	0	7.5318	0
0510SoOcn	1	C	02/25/2016	15:45	82.357	-57.413		662.00	0	1.4650	0	34.7090	0	27.779	0	205.6	0	59.6	0		8	0.03	0	0.000110	0	2.97	0	7.8313	0	7.5313	0
0510SoOcn	1	C	02/25/2016	15:45	82.357	-57.413		660.00	0	1.4670	0	34.7090	0	27.779	0	205.5	0	59.5	0		8	0.04	0	0.000110	0	2.98	0	7.8311	0	7.5311	0
0510SoOcn	1	C	02/25/2016	15:45	82.357	-57.413		658.00	0	1.4680	0	34.7090	0	27.779	0	205.5	0	59.5	0		8	0.03	0	0.000106	0	2.96	0	7.8308	0	7.5308	0
0510SoOcn	1	C	02/25/2016	15:45	82.357	-57.413		656.00	0	1.4680	0	34.7090	0	27.779	0	205.4	0	59.5	0		8	0.04	0	0.000109	0	2.97	0	7.8309	0	7.5308	0
0510SoOcn	1	C	02/25/2016	15:45	82.357	-57.413		654.10	0	1.4720	0	34.7090	0	27.779	0	205.4	0	59.5	0		8	0.03	0	0.000118	0	2.97	0	7.8310	0	7.5308	0
0510SoOcn	1	C	02/25/2016	15:45	82.357	-57.413		652.00	0	1.4740	0	34.7090	0	27.779	0	205.4	0	59.5	0		8	0.03	0	0.000109	0	2.97	0	7.8311	0	7.5309	0
0510SoOcn	1	C	02/25/2016	15:45	82.357	-57.413		649.90	0	1.4750	0	34.7090	0	27.779	0	205.3	0	59.5	0	35.00	0	0.04	0	0.000111	0	2.97	0	7.8311	0	7.5309	0
0510SoOcn	1	C	02/25/2016	15:45	82.357	-57.413		648.00	0	1.4750	0	34.7090	0	27.779	0	205.3	0	59.5	0		8	0.04	0	0.000104	0	2.97	0	7.8310	0	7.5308	0
0510SoOcn	1	C	02/25/2016	15:45	82.357	-57.413		646.00	0	1.4760	0	34.7090	0	27.778	0	205.2	0	59.5	0		8	0.03	0	0.000112	0	2.96	0	7.8314	0	7.5311	0
0510SoOcn	1	C	02/25/2016	15:45	82.357	-57.413		644.00	0	1.4780	0	34.7090	0	27.778	0	205.2	0	59.5	0		8	0.03	0	0.000110	0	2.97	0	7.8312	0	7.5308	0
0510SoOcn	1	C	02/25/2016	15:45	82.357	-57.413		642.00	0	1.4800	0	34.7080	0	27.777	0	205.1	0	59.5	0		8	0.04	0	0.000116	0	2.98	0	7.8308	0	7.5305	0
0510SoOcn	1	C	02/25/2016	15:45	82.357	-57.413		640.00	0	1.4820	0	34.7080	0	27.777	0	205.0	0	59.4	0		8	0.04	0	0.000107	0	2.96	0	7.8310	0	7.5305	0
0510SoOcn	1	C	02/25/2016	15:45	82.357	-57.413		638.00	0	1.4850	0	34.7080	0	27.777	0	205.0	0	59.4	0		8	0.04	0	0.000106	0	2.98	0	7.8305	0	7.5300	0
0510SoOcn	1	C	02/25/2016	15:45	82.357	-57.413		636.00	0	1.4920	0	34.7070	0	27.776	0	204.8	0	59.4	0		8	0.04	0	0.000106	0	2.97	0	7.8302	0	7.5298	0
0510SoOcn	1	C	02/25/2016	15:45	82.357	-57.413		634.00	0	1.4910	0	34.7070	0	27.776	0	204.7	0	59.3	0		8	0.04	0	0.000106	0	2.97	0	7.8304	0	7.5300	0
0510SoOcn	1	C	02/25/2016	15:45	82.357	-57.413		632.00	0	1.4950	0	34.7070	0	27.775	0	204.6	0	59.3	0		8	0.04	0	0.000106	0	2.98	0	7.8297	0	7.5293	0
0510SoOcn	1	C	02/25/2016	15:45	82.357	-57.413		630.00	0	1.4960	0	34.7070	0	27.775	0	204.6	0	59.3	0		8	0.03	0	0.000103	0	2.97	0	7.8296	0	7.5292	0
0510SoOcn	1	C	02/25/2016	15:45	82.357	-57.413		628.00	0	1.5030	0	34.7060	0	27.774	0	204.4	0	59.3	0		8	0.04	0	0.000105	0	2.99	0	7.8292	0	7.5288	0
0510SoOcn	1	C	02/25/2016	15:45	82.357	-57.413		626.00	0	1.5070	0	34.7050	0	27.773	0	204.2	0	59.2	0		8	0.03	0	0.000106	0	2.98	0	7.8288	0	7.5285	0
0510SoOcn	1	C	02/25/2016	15:45	82.357	-57.413		624.00	0	1.5070	0	34.7050	0	27.773	0	204.1	0	59.2	0		8	0.04	0	0.000106	0	2.97	0	7.8283	0	7.5279	0
0510SoOcn	1	C	02/25/2016	15:45	82.357	-57.413		622.00	0	1.5070	0	34.7050	0	27.773	0	204.1	0	59.2	0		8	0.04	0	0.000105	0	2.97	0	7.8284	0	7.5279	0
0510SoOcn	1	C	02/25/2016	15:45	82.357	-57.413		620.00	0	1.5070	0	34.7050	0	27.773	0	204.0	0	59.1	0		8	0.03	0	0.000106	0	2.98	0	7.8278	0	7.5273	0
0510SoOcn	1	C	02/25/2016	15:45	82.357	-57.413		618.00	0	1.5070	0	34.7050	0	27.773	0	204.0	0	59.2	0		8	0.03	0	0.000108	0	2.95	0	7.8285	0	7.5279	0
0510SoOcn	1	C	02/25/2016	15:45	82.357	-57.413		616.00	0	1.5060	0	34.7050	0	27.773	0	203.9	0	59.1	0		8	0.04	0	0.000114	0	2.97	0	7.8295	0	7.5287	0
0510SoOcn	1	C	02/25/2016	15:45	82.357	-57.413		614.00	0	1.5070	0	34.7050	0	27.773	0	203.9	0	59.1	0		8	0.04	0	0.000111	0	2.96	0	7.8293	0	7.5285	0
0510SoOcn	1	C	02/25/2016	15:45	82.357	-57.413		612.00	0	1.5070	0	34.7050	0	27.773	0	203.9	0	59.1	0		8	0.04	0	0.000107	0	2.98	0	7.8288	0	7.5280	0
0510SoOcn	1	C	02/25/2016	15:45	82.357	-57.413		610.00	0	1.5070	0	34.7050	0	27.773	0	203.9	0	59.1	0		8	0.03	0	0.000109	0	2.98	0	7.8288	0	7.5279	0
0510SoOcn	1	C	02/25/2016	15:45	82.357	-57.413		608.00	0	1.5070	0	34.7050	0	27.773	0	203.8	0	59.1	0		8	0.04	0	0.000114	0	2.96	0	7.8294	0	7.5284	0
0510SoOcn	1	C	02/25/2016	15:45	82.357	-57.413		606.00	0	1.5070	0	34.7050	0	27.773	0	203.9	0	59.1	0		8	0.03	0	0.000107	0	2.95	0	7.8294	0	7.5283	0
0510SoOcn	1	C	02/25/2016	15:45	82.357	-57.413		604.00	0	1.5070	0	34.7050	0	27.773	0	203.8	0	59.1	0		8	0.04	0	0.000115	0	2.97	0	7.8291	0	7.5280	0
0510SoOcn	1	C	02/25/2016	15:45	82.357	-57.413		602.00	0	1.5070	0	34.7040	0	27.772	0	203.8	0	59.1	0	35.10	0	0.03	0	0.000111	0	2.95	0	7.8290	0	7.5278	0
0510SoOcn	1	C	02/25/2016	15:45	82.357	-57.413		600.00	0	1.5070	0	34.7050	0	27.773	0	203.8	0	59.1	0		8	0.03	0	0.000110	0	2.96	0	7.8291	0	7.5279	0
0510SoOcn	1	C	02/25/2016	15:45	82.357	-57.413		598.00	0	1.5060	0	34.7050	0	27.773	0	203.9	0	59.1	0		8	0.04	0	0.000113	0	2.95	0	7.8292	0	7.5279	0
0510SoOcn	1	C	02/25/2016	15:45	82.357	-57.413		596.00	0	1.5050	0	34.7040	0	27.772	0	203.8	0	59.1	0		8	0.03	0	0.000108	0	2.97	0	7.8290	0	7.5276	0
0510SoOcn	1	C	02/25/2016	15:45	82.357	-57.413		594.00	0	1.5040	0	34.7040	0	27.772	0	203.9	0	59.1	0		8	0.04	0	0.000124	0	2.97	0	7.8296	0	7.5281	0
0510SoOcn	1	C	02/25/2016	15:45	82.357	-57.413		592.00	0	1.5060	0	34.7040	0	27.772	0	203.9	0	59.1	0		8	0.03	0	0.000108	0	2.96	0	7.8297	0	7.5282	0
0510SoOcn	1	C	02/25/2016	15:45	82.357	-57.413		590.00	0	1.5070	0	34.7030	0	27.771	0	203.8	0	59.1	0		8	0.03	0	0.000108	0	2.98	0	7.8293	0	7.5277	0
0510SoOcn	1	C	02/25/2016	15:45	82.357	-57.413		588.00	0	1.5070	0	34.7030	0	27.771	0	203.8	0	59.1	0		8	0.04	0	0.000110	0	2.95	0	7.8285	0	7.5269	0
0510SoOcn	1	C	02/25/2016	15:45	82.357	-57.413		586.00	0	1.5080	0	34.7030	0	27.771	0	203.8	0	59.1	0		8	0.04	0	0.000107	0	2.97	0	7.8288	0	7.5271	0
0510SoOcn	1	C	02/25/2016	15:45	82.357	-57.413		584.00	0	1.5090	0	34.7030	0	27.771	0	203.7	0	59.1	0		8	0.03	0	0.000118	0	2.96	0	7.8284	0	7.5267	0
0510SoOcn	1	C	02/25/2016	15:45	82.357	-57.413		582.00	0	1.5110	0	34.7030	0	27.771	0	203.7	0	59.1	0		8	0.04	0	0.000105	0	2.97	0	7.8283	0	7.5266	0
0510SoOcn	1	C	02/25/2016	15:45	82.357	-57.413		580.00	0	1.5140	0	34.7020	0	27.770	0	203.6	0	59.0	0		8	0.03	0	0.000110	0	2.95	0	7.8278	0	7.5261	0
0510SoOcn	1	C	02/25/2016	15:45	82.357	-57.413		578.00	0	1.5140	0	34.7020	0	27.770	0	203.6	0	59.0	0		8	0.04	0	0.000107	0	2.97	0	7.8277	0	7.5260	0
0510SoOcn	1	C	02/25/2016	15:45	82.357	-57.413		576.00	0	1.5140	0	34.7020	0	27.770	0	203.5	0	59.0	0		8	0.04	0	0.000109	0	2.95	0	7.8274	0	7.5256	0
0510SoOcn	1	C	02/25/2016	15:45	82.357	-57.413		574.00	0	1.5150	0	34.7020	0	27.770	0	203.5	0	59.0	0		8	0.04	0	0.000106	0	2.97	0	7.8275	0	7.5256	0
0510SoOcn	1	C	02/25/2016	15:45	82.357	-57.413		572.00	0	1.5170	0	34.7020	0	27.770	0	203.4	0	59.0	0		8	0.04	0	0.000112	0	2.96	0	7.8271	0	7.5252	0
0510SoOcn	1	C	02/25/2016	15:45	82.357	-57.413		570.00	0	1.5170	0	34.7020	0	27.770	0	203.4	0	59.0	0		8	0.03	0	0.000127	0	2.97	0	7.8275	0	7.5255	0
0510SoOcn	1	C	02/25/2016	15:45	82.357	-57.413		568.00	0	1.5180	0	34.7020	0	27.770	0	203.4	0	59.0	0		8	0.04	0	0.000111	0	2.98	0	7.8273	0	7.5253	0
0510SoOcn	1	C	02/25/2016	15:45	82.357	-57.413		566.00	0	1.5180	0	34.7020	0	27.770	0	203.3	0	59.0	0		8	0.05	0	0.000131	0	2.97	0	7.8275	0	7.5254	0
0510SoOcn	1	C	02/25/2016	15:45	82.357	-57.413		564.00	0	1.5200	0	34.7020	0	27.770	0	203.3	0	59.0	0		8	0.04	0	0.000107	0	2.97	0	7.8274	0	7.5253	0
0510SoOcn	1	C	02/25/2016	15:45	82.357	-57.413		562.00	0	1.5210	0	34.7020	0	27.770	0	203.2	0	58.9	0		8	0.04	0	0.000106	0	2.97	0	7.8274	0	7.5253	0
0510SoOcn	1	C	02/25/2016	15:45	82.357	-57.413		560.00	0	1.5210	0	34.7020	0	27.770	0	203.2	0	59.0	0		8	0.03	0	0.000107	0	2.96	0	7.8278	0	7.5256	0
0510SoOcn	1	C	02/25/2016	15:45	82.357	-57.413		558.00	0	1.5210	0	34.7020	0	27.770	0	203.2	0	59.0	0		8	0.04	0	0.000108	0	2.96	0	7.8280	0	7.5257	0
0510SoOcn	1	C	02/25/2016	15:45	82.357	-57.413		556.00	0	1.5220	0	34.7020	0	27.769	0	203.1	0	58.9	0		8	0.03	0	0.000107	0	2.98	0	7.8274	0	7.5251	0
0510SoOcn	1	C	02/25/2016	15:45	82.357	-57.413		554.00	0	1.5250	0	34.7020	0	27.769	0	203.1	0	58.9	0		8	0.04	0	0.000114	0	2.96	0	7.8277	0	7.5253	0
0510SoOcn	1	C	02/25/2016	15:45	82.357	-57.413		552.00	0	1.5260	0	34.7020	0	27.769	0	203.2	0	58.9	0		8	0.04	0	0.000115	0	2.96	0	7.8278	0	7.5253	0
0510SoOcn	1	C	02/25/2016	15:45	82.357	-57.413		550.00	0	1.5260	0	34.7020	0	27.769	0	203.1	0	58.9	0	35.30	0	0.04	0	0.000108	0	2.95	0	7.8271	0	7.5247	0
0510SoOcn	1	C	02/25/2016	15:45	82.357	-57.413		548.00	0	1.5250	0	34.7020	0	27.769	0	203.1	0	58.9	0		8	0.03	0	0.000115	0	2.97	0	7.8278	0	7.5252	0
0510SoOcn	1	C	02/25/2016	15:45	82.357	-57.413		546.00	0	1.5250	0	34.7020	0	27.769	0	203.1	0	58.9	0		8	0.04	0	0.000110	0	2.96	0	7.8279	0	7.5253	0
0510SoOcn	1	C	02/25/2016	15:45	82.357	-57.413		544.00	0	1.5260	0	34.7020	0	27.769	0	203.1	0	58.9	0		8	0.03	0	0.000104	0	2.95	0	7.8284	0	7.5257	0
0510SoOcn	1	C	02/25/2016	15:45	82.357	-57.413		542.00	0	1.5260	0	34.7020	0	27.769	0	203.1	0	58.9	0		8	0.04	0	0.000105	0	2.98	0	7.8280	0	7.5252	0
0510SoOcn	1	C	02/25/2016	15:45	82.357	-57.413		540.00	0	1.5270	0	34.7020	0	27.769	0	203.1	0	58.9	0		8	0.04	0	0.000104	0	2.96	0	7.8285	0	7.5256	0
0510SoOcn	1	C	02/25/2016	15:45	82.357	-57.413		538.00	0	1.5260	0	34.7020	0	27.769	0	203.0	0	58.9	0		8	0.03	0	0.000106	0	2.97	0	7.8279	0	7.5250	0
0510SoOcn	1	C	02/25/2016	15:45	82.357	-57.413		536.00	0	1.5260	0	34.7020	0	27.769	0	203.0	0	58.9	0		8	0.03	0	0.000108	0	2.97	0	7.8284	0	7.5254	0
0510SoOcn	1	C	02/25/2016	15:45	82.357	-57.413		534.00	0	1.5270	0	34.7020	0	27.769	0	203.0	0	58.9	0		8	0.03	0	0.000111	0	2.96	0	7.8284	0	7.5253	0
0510SoOcn	1	C	02/25/2016	15:45	82.357	-57.413		532.00	0	1.5290	0	34.7020	0	27.769	0	203.0	0	58.9	0		8	0.04	0	0.000108	0	2.97	0	7.8283	0	7.5251	0
0510SoOcn	1	C	02/25/2016	15:45	82.357	-57.413		530.00	0	1.5330	0	34.7010	0	27.768	0	202.9	0	58.9	0		8	0.04	0	0.000108	0	2.97	0	7.8284	0	7.5253	0
0510SoOcn	1	C	02/25/2016	15:45	82.357	-57.413		528.00	0	1.5330	0	34.7010	0	27.768	0	202.9	0	58.9	0		8	0.04	0	0.000106	0	2.96	0	7.8281	0	7.5249	0
0510SoOcn	1	C	02/25/2016	15:45	82.357	-57.413		526.00	0	1.5330	0	34.7010	0	27.768	0	202.8	0	58.8	0		8	0.04	0	0.000112	0	2.97	0	7.8280	0	7.5248	0
0510SoOcn	1	C	02/25/2016	15:45	82.357	-57.413		524.00	0	1.5310	0	34.7020	0	27.769	0	202.8	0	58.8	0		8	0.04	0	0.000108	0	2.97	0	7.8283	0	7.5250	0
0510SoOcn	1	C	02/25/2016	15:45	82.357	-57.413		522.00	0	1.5340	0	34.7010	0	27.768	0	202.8	0	58.9	0		8	0.04	0	0.000111	0	2.98	0	7.8277	0	7.5244	0
0510SoOcn	1	C	02/25/2016	15:45	82.357	-57.413		520.00	0	1.5370	0	34.7010	0	27.768	0	202.6	0	58.8	0		8	0.04	0	0.000107	0	2.97	0	7.8279	0	7.5246	0
0510SoOcn	1	C	02/25/2016	15:45	82.357	-57.413		518.00	0	1.5370	0	34.7010	0	27.768	0	202.6	0	58.8	0		8	0.04	0	0.000104	0	2.97	0	7.8277	0	7.5243	0
0510SoOcn	1	C	02/25/2016	15:45	82.357	-57.413		516.00	0	1.5370	0	34.7010	0	27.768	0	202.5	0	58.8	0		8	0.04	0	0.000109	0	2.96	0	7.8275	0	7.5241	0
0510SoOcn	1	C	02/25/2016	15:45	82.357	-57.413		514.00	0	1.5370	0	34.7010	0	27.768	0	202.6	0	58.8	0		8	0.03	0	0.000109	0	2.98	0	7.8278	0	7.5242	0
0510SoOcn	1	C	02/25/2016	15:45	82.357	-57.413		512.00	0	1.5370	0	34.7010	0	27.768	0	202.6	0	58.8	0		8	0.03	0	0.000108	0	2.97	0	7.8275	0	7.5239	0
0510SoOcn	1	C	02/25/2016	15:45	82.357	-57.413		510.00	0	1.5370	0	34.7010	0	27.768	0	202.5	0	58.8	0		8	0.04	0	0.000110	0	2.96	0	7.8276	0	7.5240	0
0510SoOcn	1	C	02/25/2016	15:45	82.357	-57.413		508.00	0	1.5370	0	34.7010	0	27.768	0	202.6	0	58.8	0		8	0.04	0	0.000108	0	2.95	0	7.8277	0	7.5240	0
0510SoOcn	1	C	02/25/2016	15:45	82.357	-57.413		506.00	0	1.5370	0	34.7010	0	27.768	0	202.5	0	58.8	0		8	0.04	0	0.000108	0	2.97	0	7.8277	0	7.5239	0
0510SoOcn	1	C	02/25/2016	15:45	82.357	-57.413		504.00	0	1.5370	0	34.7010	0	27.768	0	202.5	0	58.8	0		8	0.03	0	0.000111	0	2.96	0	7.8279	0	7.5240	0
0510SoOcn	1	C	02/25/2016	15:45	82.357	-57.413		502.00	0	1.5390	0	34.7010	0	27.767	0	202.5	0	58.8	0		8	0.03	0	0.000107	0	2.95	0	7.8278	0	7.5239	0
0510SoOcn	1	C	02/25/2016	15:45	82.357	-57.413		500.00	0	1.5410	0	34.7010	0	27.767	0	202.4	0	58.8	0	35.30	0	0.03	0	0.000106	0	2.97	0	7.8279	0	7.5239	0
0510SoOcn	1	C	02/25/2016	15:45	82.357	-57.413		498.00	0	1.5420	0	34.7000	0	27.766	0	202.4	0	58.8	0		8	0.04	0	0.000109	0	2.96	0	7.8279	0	7.5239	0
0510SoOcn	1	C	02/25/2016	15:45	82.357	-57.413		496.00	0	1.5430	0	34.7000	0	27.766	0	202.3	0	58.7	0		8	0.03	0	0.000124	0	2.98	0	7.8276	0	7.5236	0
0510SoOcn	1	C	02/25/2016	15:45	82.357	-57.413		494.00	0	1.5450	0	34.7000	0	27.766	0	202.3	0	58.7	0		8	0.04	0	0.000106	0	2.97	0	7.8272	0	7.5232	0
0510SoOcn	1	C	02/25/2016	15:45	82.357	-57.413		492.00	0	1.5540	0	34.6990	0	27.765	0	202.1	0	58.7	0		8	0.03	0	0.000107	0	2.96	0	7.8270	0	7.5230	0
0510SoOcn	1	C	02/25/2016	15:45	82.357	-57.413		490.00	0	1.5540	0	34.6990	0	27.765	0	201.9	0	58.6	0		8	0.04	0	0.000113	0	2.96	0	7.8262	0	7.5222	0
0510SoOcn	1	C	02/25/2016	15:45	82.357	-57.413		488.00	0	1.5520	0	34.6990	0	27.765	0	201.9	0	58.6	0		8	0.04	0	0.000105	0	2.95	0	7.8265	0	7.5224	0
0510SoOcn	1	C	02/25/2016	15:45	82.357	-57.413		486.00	0	1.5520	0	34.6990	0	27.765	0	201.9	0	58.6	0		8	0.04	0	0.000119	0	2.96	0	7.8262	0	7.5220	0
0510SoOcn	1	C	02/25/2016	15:45	82.357	-57.413		484.00	0	1.5530	0	34.6990	0	27.765	0	201.8	0	58.6	0		8	0.04	0	0.000107	0	2.97	0	7.8267	0	7.5225	0
0510SoOcn	1	C	02/25/2016	15:45	82.357	-57.413		482.00	0	1.5560	0	34.6980	0	27.764	0	201.8	0	58.6	0		8	0.04	0	0.000110	0	2.95	0	7.8264	0	7.5221	0
0510SoOcn	1	C	02/25/2016	15:45	82.357	-57.413		480.00	0	1.5550	0	34.6990	0	27.765	0	201.7	0	58.6	0		8	0.04	0	0.000106	0	2.98	0	7.8261	0	7.5218	0
0510SoOcn	1	C	02/25/2016	15:45	82.357	-57.413		478.00	0	1.5550	0	34.6990	0	27.765	0	201.7	0	58.6	0		8	0.04	0	0.000106	0	2.96	0	7.8262	0	7.5219	0
0510SoOcn	1	C	02/25/2016	15:45	82.357	-57.413		476.00	0	1.5550	0	34.6990	0	27.765	0	201.7	0	58.6	0		8	0.03	0	0.000108	0	2.97	0	7.8257	0	7.5214	0
0510SoOcn	1	C	02/25/2016	15:45	82.357	-57.413		474.00	0	1.5550	0	34.6990	0	27.765	0	201.6	0	58.5	0		8	0.04	0	0.000107	0	2.97	0	7.8264	0	7.5219	0
0510SoOcn	1	C	02/25/2016	15:45	82.357	-57.413		472.00	0	1.5550	0	34.6990	0	27.765	0	201.6	0	58.5	0		8	0.04	0	0.000108	0	2.96	0	7.8259	0	7.5213	0
0510SoOcn	1	C	02/25/2016	15:45	82.357	-57.413		470.00	0	1.5550	0	34.6990	0	27.765	0	201.7	0	58.5	0		8	0.04	0	0.000108	0	2.96	0	7.8268	0	7.5222	0
0510SoOcn	1	C	02/25/2016	15:45	82.357	-57.413		468.00	0	1.5560	0	34.6990	0	27.765	0	201.6	0	58.5	0		8	0.04	0	0.000106	0	2.96	0	7.8265	0	7.5218	0
0510SoOcn	1	C	02/25/2016	15:45	82.357	-57.413		466.00	0	1.5570	0	34.6990	0	27.764	0	201.6	0	58.5	0		8	0.04	0	0.000108	0	2.96	0	7.8271	0	7.5223	0
0510SoOcn	1	C	02/25/2016	15:45	82.357	-57.413		464.00	0	1.5560	0	34.6990	0	27.765	0	201.6	0	58.5	0		8	0.04	0	0.000108	0	2.97	0	7.8273	0	7.5224	0
0510SoOcn	1	C	02/25/2016	15:45	82.357	-57.413		462.00	0	1.5560	0	34.6980	0	27.764	0	201.6	0	58.5	0		8	0.03	0	0.000106	0	2.95	0	7.8269	0	7.5220	0
0510SoOcn	1	C	02/25/2016	15:45	82.357	-57.413		460.00	0	1.5560	0	34.6980	0	27.764	0	201.6	0	58.5	0		8	0.04	0	0.000104	0	2.97	0	7.8264	0	7.5214	0
0510SoOcn	1	C	02/25/2016	15:45	82.357	-57.413		458.00	0	1.5560	0	34.6980	0	27.764	0	201.5	0	58.5	0		8	0.03	0	0.000104	0	2.97	0	7.8263	0	7.5213	0
0510SoOcn	1	C	02/25/2016	15:45	82.357	-57.413		456.00	0	1.5550	0	34.6980	0	27.764	0	201.5	0	58.5	0		8	0.04	0	0.000107	0	2.98	0	7.8266	0	7.5215	0
0510SoOcn	1	C	02/25/2016	15:45	82.357	-57.413		454.00	0	1.5560	0	34.6980	0	27.764	0	201.5	0	58.5	0		8	0.04	0	0.000108	0	2.96	0	7.8266	0	7.5215	0
0510SoOcn	1	C	02/25/2016	15:45	82.357	-57.413		452.00	0	1.5550	0	34.6980	0	27.764	0	201.5	0	58.5	0	35.30	0	0.04	0	0.000109	0	2.97	0	7.8267	0	7.5214	0
0510SoOcn	1	C	02/25/2016	15:45	82.357	-57.413		450.00	0	1.5550	0	34.6980	0	27.764	0	201.5	0	58.5	0		8	0.03	0	0.000106	0	2.97	0	7.8262	0	7.5209	0
0510SoOcn	1	C	02/25/2016	15:45	82.357	-57.413		448.00	0	1.5540	0	34.6980	0	27.764	0	201.5	0	58.5	0		8	0.04	0	0.000105	0	2.97	0	7.8264	0	7.5210	0
0510SoOcn	1	C	02/25/2016	15:45	82.357	-57.413		446.00	0	1.5550	0	34.6990	0	27.765	0	201.5	0	58.5	0		8	0.04	0	0.000108	0	2.97	0	7.8263	0	7.5209	0
0510SoOcn	1	C	02/25/2016	15:45	82.357	-57.413		444.00	0	1.5550	0	34.6980	0	27.764	0	201.5	0	58.5	0		8	0.04	0	0.000106	0	2.98	0	7.8266	0	7.5211	0
0510SoOcn	1	C	02/25/2016	15:45	82.357	-57.413		442.00	0	1.5480	0	34.6940	0	27.761	0	201.5	0	58.5	0		8	0.04	0	0.000106	0	2.97	0	7.8264	0	7.5208	0
0510SoOcn	1	C	02/25/2016	15:45	82.357	-57.413		440.00	0	1.5480	0	34.6930	0	27.760	0	201.3	0	58.4	0		8	0.05	0	0.000111	0	2.95	0	7.8245	0	7.5190	0
0510SoOcn	1	C	02/25/2016	15:45	82.357	-57.413		438.00	0	1.5480	0	34.6930	0	27.760	0	201.2	0	58.4	0		8	0.04	0	0.000106	0	2.95	0	7.8243	0	7.5187	0
0510SoOcn	1	C	02/25/2016	15:45	82.357	-57.413		436.00	0	1.5480	0	34.6920	0	27.760	0	201.0	0	58.4	0		8	0.04	0	0.000107	0	2.96	0	7.8241	0	7.5184	0
0510SoOcn	1	C	02/25/2016	15:45	82.357	-57.413		434.00	0	1.5470	0	34.6920	0	27.760	0	201.0	0	58.3	0		8	0.04	0	0.000105	0	2.97	0	7.8238	0	7.5181	0
0510SoOcn	1	C	02/25/2016	15:45	82.357	-57.413		432.00	0	1.5460	0	34.6920	0	27.760	0	200.9	0	58.3	0		8	0.04	0	0.000107	0	2.96	0	7.8240	0	7.5182	0
0510SoOcn	1	C	02/25/2016	15:45	82.357	-57.413		430.00	0	1.5450	0	34.6910	0	27.759	0	200.8	0	58.3	0		8	0.05	0	0.000113	0	2.97	0	7.8234	0	7.5176	0
0510SoOcn	1	C	02/25/2016	15:45	82.357	-57.413		428.00	0	1.5390	0	34.6890	0	27.758	0	200.8	0	58.3	0		8	0.04	0	0.000106	0	2.96	0	7.8235	0	7.5175	0
0510SoOcn	1	C	02/25/2016	15:45	82.357	-57.413		426.00	0	1.5350	0	34.6880	0	27.757	0	200.8	0	58.3	0		8	0.04	0	0.000113	0	2.97	0	7.8229	0	7.5168	0
0510SoOcn	1	C	02/25/2016	15:45	82.357	-57.413		424.00	0	1.5350	0	34.6870	0	27.756	0	200.8	0	58.3	0		8	0.04	0	0.000110	0	2.97	0	7.8230	0	7.5168	0
0510SoOcn	1	C	02/25/2016	15:45	82.357	-57.413		422.00	0	1.5320	0	34.6870	0	27.757	0	200.8	0	58.3	0		8	0.04	0	0.000106	0	2.96	0	7.8230	0	7.5168	0
0510SoOcn	1	C	02/25/2016	15:45	82.357	-57.413		420.00	0	1.5310	0	34.6860	0	27.756	0	200.8	0	58.3	0		8	0.04	0	0.000123	0	2.97	0	7.8226	0	7.5163	0
0510SoOcn	1	C	02/25/2016	15:45	82.357	-57.413		418.00	0	1.5310	0	34.6870	0	27.757	0	200.8	0	58.2	0		8	0.04	0	0.000106	0	2.95	0	7.8227	0	7.5164	0
0510SoOcn	1	C	02/25/2016	15:45	82.357	-57.413		416.00	0	1.5300	0	34.6860	0	27.756	0	200.8	0	58.3	0		8	0.04	0	0.000107	0	2.95	0	7.8226	0	7.5162	0
0510SoOcn	1	C	02/25/2016	15:45	82.357	-57.413		414.00	0	1.5280	0	34.6860	0	27.756	0	200.8	0	58.2	0		8	0.04	0	0.000139	0	2.95	0	7.8223	0	7.5158	0
0510SoOcn	1	C	02/25/2016	15:45	82.357	-57.413		412.00	0	1.5280	0	34.6860	0	27.756	0	200.7	0	58.2	0		8	0.03	0	0.000115	0	2.96	0	7.8220	0	7.5155	0
0510SoOcn	1	C	02/25/2016	15:45	82.357	-57.413		410.00	0	1.5280	0	34.6860	0	27.756	0	200.7	0	58.2	0		8	0.03	0	0.000110	0	2.96	0	7.8220	0	7.5154	0
0510SoOcn	1	C	02/25/2016	15:45	82.357	-57.413		408.00	0	1.5280	0	34.6850	0	27.755	0	200.7	0	58.2	0		8	0.04	0	0.000107	0	2.95	0	7.8224	0	7.5158	0
0510SoOcn	1	C	02/25/2016	15:45	82.357	-57.413		406.00	0	1.5290	0	34.6850	0	27.755	0	200.7	0	58.2	0		8	0.04	0	0.000427	0	2.96	0	7.8222	0	7.5154	0
0510SoOcn	1	C	02/25/2016	15:45	82.357	-57.413		404.00	0	1.5290	0	34.6850	0	27.755	0	200.6	0	58.2	0		8	0.04	0	0.000107	0	2.96	0	7.8220	0	7.5152	0
0510SoOcn	1	C	02/25/2016	15:45	82.357	-57.413		402.00	0	1.5290	0	34.6840	0	27.755	0	200.5	0	58.2	0	35.80	0	0.03	0	0.000107	0	2.95	0	7.8217	0	7.5149	0
0510SoOcn	1	C	02/25/2016	15:45	82.357	-57.413		400.00	0	1.5300	0	34.6820	0	27.753	0	200.4	0	58.1	0		8	0.04	0	0.000107	0	2.96	0	7.8213	0	7.5145	0
0510SoOcn	1	C	02/25/2016	15:45	82.357	-57.413		398.00	0	1.5310	0	34.6820	0	27.753	0	200.3	0	58.1	0		8	0.04	0	0.000119	0	2.95	0	7.8205	0	7.5136	0
0510SoOcn	1	C	02/25/2016	15:45	82.357	-57.413		396.00	0	1.5310	0	34.6820	0	27.753	0	200.2	0	58.1	0		8	0.05	0	0.000107	0	2.96	0	7.8208	0	7.5139	0
0510SoOcn	1	C	02/25/2016	15:45	82.357	-57.413		394.00	0	1.5330	0	34.6810	0	27.752	0	200.1	0	58.0	0		8	0.04	0	0.000111	0	2.95	0	7.8213	0	7.5143	0
0510SoOcn	1	C	02/25/2016	15:45	82.357	-57.413		392.00	0	1.5370	0	34.6800	0	27.751	0	199.9	0	58.0	0		8	0.04	0	0.000109	0	2.95	0	7.8206	0	7.5137	0
0510SoOcn	1	C	02/25/2016	15:45	82.357	-57.413		390.00	0	1.5380	0	34.6800	0	27.751	0	199.8	0	58.0	0		8	0.04	0	0.000113	0	2.96	0	7.8199	0	7.5130	0
0510SoOcn	1	C	02/25/2016	15:45	82.357	-57.413		388.00	0	1.5390	0	34.6790	0	27.750	0	199.6	0	57.9	0		8	0.04	0	0.000108	0	2.98	0	7.8195	0	7.5125	0
0510SoOcn	1	C	02/25/2016	15:45	82.357	-57.413		386.00	0	1.5380	0	34.6800	0	27.751	0	199.5	0	57.9	0		8	0.05	0	0.000122	0	2.96	0	7.8195	0	7.5124	0
0510SoOcn	1	C	02/25/2016	15:45	82.357	-57.413		384.00	0	1.5390	0	34.6790	0	27.750	0	199.5	0	57.9	0		8	0.04	0	0.000110	0	2.96	0	7.8202	0	7.5131	0
0510SoOcn	1	C	02/25/2016	15:45	82.357	-57.413		382.00	0	1.5480	0	34.6780	0	27.748	0	199.2	0	57.8	0	35.80	0	0.04	0	0.000113	0	2.96	0	7.8194	0	7.5124	0
0510SoOcn	1	C	02/25/2016	15:45	82.357	-57.413		380.00	0	1.5450	0	34.6790	0	27.749	0	199.1	0	57.8	0		8	0.04	0	0.000147	0	2.97	0	7.8187	0	7.5116	0
0510SoOcn	1	C	02/25/2016	15:45	82.357	-57.413		378.00	0	1.5430	0	34.6790	0	27.749	0	199.2	0	57.8	0		8	0.04	0	0.000120	0	2.96	0	7.8190	0	7.5118	0
0510SoOcn	1	C	02/25/2016	15:45	82.357	-57.413		376.00	0	1.5420	0	34.6790	0	27.750	0	199.1	0	57.8	0		8	0.04	0	0.000121	0	2.95	0	7.8192	0	7.5120	0
0510SoOcn	1	C	02/25/2016	15:45	82.357	-57.413		374.00	0	1.5460	0	34.6780	0	27.748	0	199.1	0	57.8	0		8	0.03	0	0.000113	0	2.96	0	7.8191	0	7.5118	0
0510SoOcn	1	C	02/25/2016	15:45	82.357	-57.413		372.00	0	1.5480	0	34.6790	0	27.749	0	199.0	0	57.8	0		8	0.04	0	0.000111	0	2.97	0	7.8187	0	7.5114	0
0510SoOcn	1	C	02/25/2016	15:45	82.357	-57.413		370.00	0	1.5520	0	34.6780	0	27.748	0	198.8	0	57.7	0		8	0.04	0	0.000112	0	2.98	0	7.8184	0	7.5111	0
0510SoOcn	1	C	02/25/2016	15:45	82.357	-57.413		368.00	0	1.5550	0	34.6780	0	27.748	0	198.6	0	57.6	0		8	0.04	0	0.000299	0	2.97	0	7.8180	0	7.5107	0
0510SoOcn	1	C	02/25/2016	15:45	82.357	-57.413		366.00	0	1.5620	0	34.6780	0	27.747	0	198.4	0	57.6	0		8	0.04	0	0.000110	0	2.96	0	7.8177	0	7.5104	0
0510SoOcn	1	C	02/25/2016	15:45	82.357	-57.413		364.00	0	1.5880	0	34.6790	0	27.746	0	198.0	0	57.5	0		8	0.05	0	0.000115	0	2.96	0	7.8173	0	7.5102	0
0510SoOcn	1	C	02/25/2016	15:45	82.357	-57.413		362.00	0	1.6010	0	34.6800	0	27.746	0	197.5	0	57.4	0	36.20	0	0.04	0	0.000131	0	2.98	0	7.8167	0	7.5099	0
0510SoOcn	1	C	02/25/2016	15:45	82.357	-57.413		360.00	0	1.6070	0	34.6800	0	27.746	0	197.2	0	57.3	0		8	0.05	0	0.000119	0	2.96	0	7.8168	0	7.5100	0
0510SoOcn	1	C	02/25/2016	15:45	82.357	-57.413		358.00	0	1.6100	0	34.6800	0	27.745	0	196.8	0	57.2	0		8	0.05	0	0.000262	0	2.96	0	7.8168	0	7.5100	0
0510SoOcn	1	C	02/25/2016	15:45	82.357	-57.413		356.00	0	1.6140	0	34.6800	0	27.745	0	196.6	0	57.2	0		8	0.04	0	0.000160	0	2.96	0	7.8165	0	7.5097	0
0510SoOcn	1	C	02/25/2016	15:45	82.357	-57.413		354.00	0	1.6150	0	34.6800	0	27.745	0	196.5	0	57.1	0		8	0.04	0	0.000120	0	2.98	0	7.8159	0	7.5092	0
0510SoOcn	1	C	02/25/2016	15:45	82.357	-57.413		352.00	0	1.6180	0	34.6800	0	27.745	0	196.4	0	57.1	0	36.10	0	0.04	0	0.000111	0	2.96	0	7.8164	0	7.5095	0
0510SoOcn	1	C	02/25/2016	15:45	82.357	-57.413		350.00	0	1.6200	0	34.6800	0	27.745	0	196.3	0	57.1	0		8	0.04	0	0.000112	0	2.94	0	7.8161	0	7.5093	0
0510SoOcn	1	C	02/25/2016	15:45	82.357	-57.413		348.00	0	1.6240	0	34.6800	0	27.744	0	196.1	0	57.0	0		8	0.05	0	0.000110	0	2.97	0	7.8160	0	7.5092	0
0510SoOcn	1	C	02/25/2016	15:45	82.357	-57.413		346.00	0	1.6280	0	34.6800	0	27.744	0	196.0	0	57.0	0		8	0.04	0	0.000112	0	2.96	0	7.8160	0	7.5091	0
0510SoOcn	1	C	02/25/2016	15:45	82.357	-57.413		344.00	0	1.6320	0	34.6800	0	27.744	0	195.9	0	57.0	0		8	0.05	0	0.000112	0	2.97	0	7.8158	0	7.5089	0
0510SoOcn	1	C	02/25/2016	15:45	82.357	-57.413		342.00	0	1.6380	0	34.6800	0	27.743	0	195.7	0	56.9	0	35.90	0	0.04	0	0.000108	0	2.96	0	7.8161	0	7.5093	0
0510SoOcn	1	C	02/25/2016	15:45	82.357	-57.413		340.00	0	1.6410	0	34.6800	0	27.743	0	195.4	0	56.9	0		8	0.05	0	0.000117	0	2.96	0	7.8155	0	7.5087	0
0510SoOcn	1	C	02/25/2016	15:45	82.357	-57.413		338.00	0	1.6420	0	34.6790	0	27.742	0	195.3	0	56.8	0		8	0.05	0	0.000108	0	2.97	0	7.8148	0	7.5080	0
0510SoOcn	1	C	02/25/2016	15:45	82.357	-57.413		336.00	0	1.6440	0	34.6770	0	27.740	0	195.1	0	56.8	0		8	0.04	0	0.000114	0	2.97	0	7.8146	0	7.5078	0
0510SoOcn	1	C	02/25/2016	15:45	82.357	-57.413		334.00	0	1.6450	0	34.6770	0	27.740	0	194.9	0	56.7	0		8	0.05	0	0.000119	0	2.97	0	7.8141	0	7.5073	0
0510SoOcn	1	C	02/25/2016	15:45	82.357	-57.413		332.00	0	1.6450	0	34.6770	0	27.740	0	194.7	0	56.7	0	36.20	0	0.04	0	0.000114	0	2.96	0	7.8138	0	7.5069	0
0510SoOcn	1	C	02/25/2016	15:45	82.357	-57.413		330.00	0	1.6440	0	34.6760	0	27.740	0	194.7	0	56.7	0		8	0.04	0	0.000115	0	2.97	0	7.8134	0	7.5064	0
0510SoOcn	1	C	02/25/2016	15:45	82.357	-57.413		328.00	0	1.6440	0	34.6760	0	27.740	0	194.6	0	56.6	0		8	0.04	0	0.000109	0	2.96	0	7.8137	0	7.5067	0
0510SoOcn	1	C	02/25/2016	15:45	82.357	-57.413		326.00	0	1.6430	0	34.6750	0	27.739	0	194.5	0	56.6	0		8	0.04	0	0.000109	0	2.97	0	7.8137	0	7.5066	0
0510SoOcn	1	C	02/25/2016	15:45	82.357	-57.413		324.00	0	1.6420	0	34.6740	0	27.738	0	194.5	0	56.6	0		8	0.05	0	0.000109	0	2.95	0	7.8132	0	7.5061	0
0510SoOcn	1	C	02/25/2016	15:45	82.357	-57.413		322.00	0	1.6420	0	34.6730	0	27.737	0	194.4	0	56.5	0	36.40	0	0.04	0	0.000117	0	2.97	0	7.8129	0	7.5057	0
0510SoOcn	1	C	02/25/2016	15:45	82.357	-57.413		320.00	0	1.6380	0	34.6710	0	27.736	0	194.3	0	56.5	0		8	0.04	0	0.000110	0	2.96	0	7.8124	0	7.5051	0
0510SoOcn	1	C	02/25/2016	15:45	82.357	-57.413		318.00	0	1.6300	0	34.6680	0	27.734	0	194.2	0	56.5	0		8	0.04	0	0.000114	0	2.97	0	7.8115	0	7.5042	0
0510SoOcn	1	C	02/25/2016	15:45	82.357	-57.413		316.00	0	1.6250	0	34.6660	0	27.733	0	194.2	0	56.5	0		8	0.05	0	0.000242	0	2.97	0	7.8110	0	7.5035	0
0510SoOcn	1	C	02/25/2016	15:45	82.357	-57.413		314.00	0	1.6230	0	34.6660	0	27.733	0	194.1	0	56.4	0		8	0.05	0	0.000112	0	2.95	0	7.8104	0	7.5029	0
0510SoOcn	1	C	02/25/2016	15:45	82.357	-57.413		312.00	0	1.6210	0	34.6660	0	27.733	0	194.1	0	56.4	0	36.30	0	0.05	0	0.000324	0	2.96	0	7.8102	0	7.5027	0
0510SoOcn	1	C	02/25/2016	15:45	82.357	-57.413		310.00	0	1.6160	0	34.6640	0	27.732	0	194.1	0	56.4	0		8	0.04	0	0.000115	0	2.95	0	7.8098	0	7.5021	0
0510SoOcn	1	C	02/25/2016	15:45	82.357	-57.413		308.00	0	1.6070	0	34.6620	0	27.731	0	194.2	0	56.4	0		8	0.05	0	0.000117	0	2.96	0	7.8095	0	7.5017	0
0510SoOcn	1	C	02/25/2016	15:45	82.357	-57.413		306.00	0	1.6030	0	34.6610	0	27.731	0	194.2	0	56.4	0		8	0.04	0	0.000117	0	2.97	0	7.8099	0	7.5019	0
0510SoOcn	1	C	02/25/2016	15:45	82.357	-57.413		304.00	0	1.6000	0	34.6610	0	27.731	0	194.2	0	56.4	0		8	0.05	0	0.000116	0	2.97	0	7.8097	0	7.5016	0
0510SoOcn	1	C	02/25/2016	15:45	82.357	-57.413		302.00	0	1.5910	0	34.6580	0	27.729	0	194.3	0	56.4	0	36.80	0	0.05	0	0.000120	0	2.95	0	7.8098	0	7.5016	0
0510SoOcn	1	C	02/25/2016	15:45	82.357	-57.413		300.00	0	1.5870	0	34.6570	0	27.729	0	194.3	0	56.5	0		8	0.05	0	0.000118	0	2.97	0	7.8090	0	7.5007	0
0510SoOcn	1	C	02/25/2016	15:45	82.357	-57.413		298.00	0	1.5850	0	34.6560	0	27.728	0	194.3	0	56.4	0		8	0.05	0	0.000115	0	2.96	0	7.8089	0	7.5005	0
0510SoOcn	1	C	02/25/2016	15:45	82.357	-57.413		296.00	0	1.5830	0	34.6550	0	27.727	0	194.4	0	56.5	0		8	0.05	0	0.000120	0	2.96	0	7.8087	0	7.5002	0
0510SoOcn	1	C	02/25/2016	15:45	82.357	-57.413		294.00	0	1.5810	0	34.6540	0	27.727	0	194.4	0	56.5	0		8	0.04	0	0.000113	0	2.95	0	7.8083	0	7.4998	0
0510SoOcn	1	C	02/25/2016	15:45	82.357	-57.413		292.00	0	1.5770	0	34.6530	0	27.726	0	194.4	0	56.4	0	36.70	0	0.04	0	0.000117	0	2.95	0	7.8084	0	7.4997	0
0510SoOcn	1	C	02/25/2016	15:45	82.357	-57.413		290.00	0	1.5760	0	34.6530	0	27.726	0	194.3	0	56.4	0		8	0.04	0	0.000119	0	2.96	0	7.8086	0	7.4998	0
0510SoOcn	1	C	02/25/2016	15:45	82.357	-57.413		288.00	0	1.5760	0	34.6530	0	27.726	0	194.3	0	56.4	0		8	0.05	0	0.000119	0	2.93	0	7.8080	0	7.4992	0
0510SoOcn	1	C	02/25/2016	15:45	82.357	-57.413		286.00	0	1.5790	0	34.6530	0	27.726	0	194.3	0	56.4	0		8	0.05	0	0.000122	0	2.97	0	7.8087	0	7.4998	0
0510SoOcn	1	C	02/25/2016	15:45	82.357	-57.413		284.00	0	1.5800	0	34.6530	0	27.726	0	194.2	0	56.4	0		8	0.05	0	0.000117	0	2.96	0	7.8083	0	7.4995	0
0510SoOcn	1	C	02/25/2016	15:45	82.357	-57.413		282.00	0	1.5790	0	34.6520	0	27.725	0	194.2	0	56.4	0	36.50	0	0.05	0	0.000115	0	2.97	0	7.8080	0	7.4991	0
0510SoOcn	1	C	02/25/2016	15:45	82.357	-57.413		280.00	0	1.5780	0	34.6520	0	27.725	0	194.1	0	56.4	0		8	0.05	0	0.000131	0	2.95	0	7.8078	0	7.4988	0
0510SoOcn	1	C	02/25/2016	15:45	82.357	-57.413		278.00	0	1.5760	0	34.6510	0	27.725	0	194.1	0	56.4	0		8	0.05	0	0.000136	0	2.95	0	7.8078	0	7.4987	0
0510SoOcn	1	C	02/25/2016	15:45	82.357	-57.413		276.00	0	1.5770	0	34.6510	0	27.724	0	194.0	0	56.3	0		8	0.05	0	0.000115	0	2.95	0	7.8076	0	7.4984	0
0510SoOcn	1	C	02/25/2016	15:45	82.357	-57.413		274.00	0	1.5720	0	34.6500	0	27.724	0	194.1	0	56.3	0		8	0.05	0	0.000118	0	2.95	0	7.8082	0	7.4989	0
0510SoOcn	1	C	02/25/2016	15:45	82.357	-57.413		272.00	0	1.5640	0	34.6490	0	27.724	0	194.2	0	56.4	0	36.70	0	0.05	0	0.000123	0	2.96	0	7.8082	0	7.4987	0
0510SoOcn	1	C	02/25/2016	15:45	82.357	-57.413		270.00	0	1.5620	0	34.6480	0	27.723	0	194.2	0	56.4	0		8	0.05	0	0.000127	0	2.96	0	7.8075	0	7.4980	0
0510SoOcn	1	C	02/25/2016	15:45	82.357	-57.413		268.00	0	1.5550	0	34.6460	0	27.722	0	194.2	0	56.4	0		8	0.05	0	0.000365	0	2.95	0	7.8080	0	7.4983	0
0510SoOcn	1	C	02/25/2016	15:45	82.357	-57.413		266.00	0	1.5500	0	34.6460	0	27.722	0	194.3	0	56.4	0		8	0.05	0	0.000133	0	2.94	0	7.8078	0	7.4980	0
0510SoOcn	1	C	02/25/2016	15:45	82.357	-57.413		264.00	0	1.5410	0	34.6440	0	27.722	0	194.5	0	56.4	0		8	0.05	0	0.000127	0	2.93	0	7.8078	0	7.4978	0
0510SoOcn	1	C	02/25/2016	15:45	82.357	-57.413		262.00	0	1.5400	0	34.6440	0	27.722	0	194.5	0	56.4	0	36.80	0	0.05	0	0.000119	0	2.93	0	7.8072	0	7.4972	0
0510SoOcn	1	C	02/25/2016	15:45	82.357	-57.413		260.00	0	1.5400	0	34.6440	0	27.722	0	194.6	0	56.4	0		8	0.05	0	0.000123	0	2.95	0	7.8076	0	7.4975	0
0510SoOcn	1	C	02/25/2016	15:45	82.357	-57.413		258.00	0	1.5250	0	34.6410	0	27.720	0	194.7	0	56.5	0		8	0.05	0	0.000120	0	2.94	0	7.8077	0	7.4974	0
0510SoOcn	1	C	02/25/2016	15:45	82.357	-57.413		256.00	0	1.4860	0	34.6320	0	27.716	0	195.1	0	56.5	0		8	0.05	0	0.000128	0	2.94	0	7.8074	0	7.4965	0
0510SoOcn	1	C	02/25/2016	15:45	82.357	-57.413		254.00	0	1.4720	0	34.6280	0	27.714	0	195.3	0	56.6	0		8	0.05	0	0.000136	0	2.91	0	7.8054	0	7.4944	0
0510SoOcn	1	C	02/25/2016	15:45	82.357	-57.413		252.00	0	1.4520	0	34.6240	0	27.712	0	195.7	0	56.6	0	37.20	0	0.05	0	0.000125	0	2.92	0	7.8051	0	7.4938	0
0510SoOcn	1	C	02/25/2016	15:45	82.357	-57.413		250.00	0	1.4210	0	34.6210	0	27.712	0	196.2	0	56.7	0		8	0.06	0	0.000132	0	2.92	0	7.8053	0	7.4935	0
0510SoOcn	1	C	02/25/2016	15:45	82.357	-57.413		248.00	0	1.3990	0	34.6180	0	27.711	0	196.9	0	56.9	0		8	0.05	0	0.000123	0	2.92	0	7.8055	0	7.4933	0
0510SoOcn	1	C	02/25/2016	15:45	82.357	-57.413		246.00	0	1.4030	0	34.6150	0	27.708	0	197.2	0	57.0	0		8	0.06	0	0.000132	0	2.91	0	7.8054	0	7.4931	0
0510SoOcn	1	C	02/25/2016	15:45	82.357	-57.413		244.00	0	1.4010	0	34.6100	0	27.704	0	197.2	0	57.0	0		8	0.05	0	0.000123	0	2.90	0	7.8042	0	7.4919	0
0510SoOcn	1	C	02/25/2016	15:45	82.357	-57.413		242.00	0	1.3750	0	34.6060	0	27.703	0	197.3	0	57.0	0		8	0.06	0	0.000168	0	2.91	0	7.8034	0	7.4908	0
0510SoOcn	1	C	02/25/2016	15:45	82.357	-57.413		240.00	0	1.3630	0	34.6030	0	27.701	0	197.6	0	57.0	0	37.30	0	0.06	0	0.000205	0	2.88	0	7.8031	0	7.4903	0
0510SoOcn	1	C	02/25/2016	15:45	82.357	-57.413		238.00	0	1.3530	0	34.6010	0	27.701	0	197.7	0	57.1	0		8	0.06	0	0.000126	0	2.90	0	7.8024	0	7.4895	0
0510SoOcn	1	C	02/25/2016	15:45	82.357	-57.413		236.00	0	1.3490	0	34.6000	0	27.700	0	197.9	0	57.1	0		8	0.06	0	0.000338	0	2.88	0	7.8027	0	7.4896	0
0510SoOcn	1	C	02/25/2016	15:45	82.357	-57.413		234.00	0	1.3490	0	34.6000	0	27.700	0	198.0	0	57.1	0		8	0.06	0	0.000130	0	2.92	0	7.8026	0	7.4894	0
0510SoOcn	1	C	02/25/2016	15:45	82.357	-57.413		232.00	0	1.3340	0	34.5970	0	27.699	0	198.2	0	57.2	0	37.40	0	0.06	0	0.000155	0	2.88	0	7.8027	0	7.4893	0
0510SoOcn	1	C	02/25/2016	15:45	82.357	-57.413		230.00	0	1.3050	0	34.5920	0	27.697	0	198.7	0	57.3	0		8	0.06	0	0.000127	0	2.88	0	7.8030	0	7.4891	0
0510SoOcn	1	C	02/25/2016	15:45	82.357	-57.413		228.00	0	1.2990	0	34.5900	0	27.695	0	198.9	0	57.3	0		8	0.07	0	0.000121	0	2.87	0	7.8025	0	7.4885	0
0510SoOcn	1	C	02/25/2016	15:45	82.357	-57.413		226.00	0	1.2860	0	34.5880	0	27.695	0	199.3	0	57.4	0		8	0.06	0	0.000138	0	2.90	0	7.8025	0	7.4882	0
0510SoOcn	1	C	02/25/2016	15:45	82.357	-57.413		224.00	0	1.2790	0	34.5870	0	27.694	0	199.5	0	57.5	0		8	0.06	0	0.000130	0	2.87	0	7.8031	0	7.4886	0
0510SoOcn	1	C	02/25/2016	15:45	82.357	-57.413		222.00	0	1.2770	0	34.5860	0	27.694	0	199.7	0	57.5	0	37.40	0	0.06	0	0.000128	0	2.86	0	7.8029	0	7.4883	0
0510SoOcn	1	C	02/25/2016	15:45	82.357	-57.413		220.00	0	1.2750	0	34.5860	0	27.694	0	199.7	0	57.5	0		8	0.07	0	0.000132	0	2.88	0	7.8026	0	7.4880	0
0510SoOcn	1	C	02/25/2016	15:45	82.357	-57.413		218.00	0	1.2730	0	34.5850	0	27.693	0	199.9	0	57.6	0		8	0.10	0	0.000193	0	2.87	0	7.8028	0	7.4880	0
0510SoOcn	1	C	02/25/2016	15:45	82.357	-57.413		216.00	0	1.2640	0	34.5830	0	27.692	0	199.9	0	57.6	0		8	0.06	0	0.000136	0	2.88	0	7.8033	0	7.4884	0
0510SoOcn	1	C	02/25/2016	15:45	82.357	-57.413		214.00	0	1.2580	0	34.5820	0	27.692	0	200.1	0	57.6	0		8	0.06	0	0.000128	0	2.86	0	7.8029	0	7.4879	0
0510SoOcn	1	C	02/25/2016	15:45	82.357	-57.413		212.00	0	1.2560	0	34.5810	0	27.691	0	200.1	0	57.6	0	37.30	0	0.07	0	0.000135	0	2.87	0	7.8026	0	7.4874	0
0510SoOcn	1	C	02/25/2016	15:45	82.357	-57.413		210.00	0	1.2550	0	34.5810	0	27.691	0	200.2	0	57.6	0		8	0.07	0	0.000132	0	2.86	0	7.8032	0	7.4879	0
0510SoOcn	1	C	02/25/2016	15:45	82.357	-57.413		208.00	0	1.2540	0	34.5800	0	27.691	0	200.2	0	57.6	0		8	0.07	0	0.000123	0	2.87	0	7.8031	0	7.4877	0
0510SoOcn	1	C	02/25/2016	15:45	82.357	-57.413		206.00	0	1.2540	0	34.5800	0	27.691	0	200.2	0	57.6	0		8	0.07	0	0.000135	0	2.90	0	7.8035	0	7.4880	0
0510SoOcn	1	C	02/25/2016	15:45	82.357	-57.413		204.00	0	1.2520	0	34.5800	0	27.691	0	200.2	0	57.6	0		8	0.07	0	0.000132	0	2.86	0	7.8037	0	7.4881	0
0510SoOcn	1	C	02/25/2016	15:45	82.357	-57.413		202.00	0	1.2510	0	34.5800	0	27.691	0	200.3	0	57.7	0	37.50	0	0.10	0	0.000175	0	2.86	0	7.8035	0	7.4879	0
0510SoOcn	1	C	02/25/2016	15:45	82.357	-57.413		200.00	0	1.2410	0	34.5780	0	27.690	0	200.4	0	57.7	0		8	0.06	0	0.000124	0	2.88	0	7.8038	0	7.4880	0
0510SoOcn	1	C	02/25/2016	15:45	82.357	-57.413		198.00	0	1.2370	0	34.5770	0	27.689	0	200.4	0	57.7	0		8	0.30	0	0.000134	0	2.86	0	7.8037	0	7.4877	0
0510SoOcn	1	C	02/25/2016	15:45	82.357	-57.413		196.00	0	1.2360	0	34.5770	0	27.689	0	200.6	0	57.7	0		8	0.07	0	0.000129	0	2.86	0	7.8042	0	7.4881	0
0510SoOcn	1	C	02/25/2016	15:45	82.357	-57.413		194.00	0	1.2380	0	34.5770	0	27.689	0	200.6	0	57.7	0		8	0.07	0	0.000129	0	2.86	0	7.8049	0	7.4886	0
0510SoOcn	1	C	02/25/2016	15:45	82.357	-57.413		192.00	0	1.2360	0	34.5760	0	27.689	0	200.6	0	57.7	0	37.30	0	0.07	0	0.000139	0	2.87	0	7.8047	0	7.4884	0
0510SoOcn	1	C	02/25/2016	15:45	82.357	-57.413		190.00	0	1.2280	0	34.5740	0	27.688	0	200.7	0	57.7	0		8	0.07	0	0.000125	0	2.86	0	7.8050	0	7.4885	0
0510SoOcn	1	C	02/25/2016	15:45	82.357	-57.413		188.00	0	1.2270	0	34.5740	0	27.688	0	200.7	0	57.7	0		8	0.07	0	0.000133	0	2.86	0	7.8045	0	7.4879	0
0510SoOcn	1	C	02/25/2016	15:45	82.357	-57.413		186.00	0	1.2260	0	34.5740	0	27.688	0	200.7	0	57.7	0		8	0.07	0	0.000134	0	2.85	0	7.8053	0	7.4887	0
0510SoOcn	1	C	02/25/2016	15:45	82.357	-57.413		184.00	0	1.2230	0	34.5730	0	27.687	0	200.8	0	57.7	0		8	0.07	0	0.000132	0	2.87	0	7.8046	0	7.4879	0
0510SoOcn	1	C	02/25/2016	15:45	82.357	-57.413		182.00	0	1.2200	0	34.5720	0	27.687	0	200.8	0	57.7	0	37.40	0	0.07	0	0.000125	0	2.84	0	7.8040	0	7.4872	0
0510SoOcn	1	C	02/25/2016	15:45	82.357	-57.413		180.00	0	1.2180	0	34.5710	0	27.686	0	200.8	0	57.8	0		8	0.08	0	0.000189	0	2.85	0	7.8045	0	7.4876	0
0510SoOcn	1	C	02/25/2016	15:45	82.357	-57.413		178.00	0	1.2080	0	34.5690	0	27.685	0	200.9	0	57.8	0		8	0.07	0	0.000130	0	2.85	0	7.8052	0	7.4880	0
0510SoOcn	1	C	02/25/2016	15:45	82.357	-57.413		176.00	0	1.1960	0	34.5660	0	27.683	0	201.1	0	57.8	0		8	0.08	0	0.000125	0	2.85	0	7.8049	0	7.4875	0
0510SoOcn	1	C	02/25/2016	15:45	82.357	-57.413		174.00	0	1.1880	0	34.5660	0	27.684	0	201.3	0	57.9	0		8	0.08	0	0.000133	0	2.84	0	7.8052	0	7.4876	0
0510SoOcn	1	C	02/25/2016	15:45	82.357	-57.413		172.00	0	1.1740	0	34.5630	0	27.682	0	201.6	0	57.9	0	37.50	0	0.07	0	0.000132	0	2.85	0	7.8054	0	7.4876	0
0510SoOcn	1	C	02/25/2016	15:45	82.357	-57.413		170.00	0	1.1590	0	34.5600	0	27.681	0	202.0	0	58.0	0		8	0.07	0	0.000128	0	2.84	0	7.8054	0	7.4873	0
0510SoOcn	1	C	02/25/2016	15:45	82.357	-57.413		168.00	0	1.1540	0	34.5590	0	27.681	0	202.2	0	58.1	0		8	0.09	0	0.000136	0	2.86	0	7.8054	0	7.4871	0
0510SoOcn	1	C	02/25/2016	15:45	82.357	-57.413		166.00	0	1.1400	0	34.5560	0	27.679	0	202.5	0	58.1	0		8	0.07	0	0.000129	0	2.85	0	7.8060	0	7.4875	0
0510SoOcn	1	C	02/25/2016	15:45	82.357	-57.413		164.00	0	1.1270	0	34.5540	0	27.678	0	202.9	0	58.2	0		8	0.08	0	0.000137	0	2.84	0	7.8059	0	7.4871	0
0510SoOcn	1	C	02/25/2016	15:45	82.357	-57.413		162.00	0	1.1200	0	34.5520	0	27.677	0	203.2	0	58.3	0	37.60	0	0.08	0	0.000146	0	2.83	0	7.8059	0	7.4870	0
0510SoOcn	1	C	02/25/2016	15:45	82.357	-57.413		160.00	0	1.1010	0	34.5490	0	27.676	0	203.5	0	58.3	0		8	0.08	0	0.000129	0	2.84	0	7.8062	0	7.4870	0
0510SoOcn	1	C	02/25/2016	15:45	82.357	-57.413		158.00	0	1.0760	0	34.5440	0	27.674	0	204.1	0	58.5	0		8	0.09	0	0.000143	0	2.81	0	7.8067	0	7.4870	0
0510SoOcn	1	C	02/25/2016	15:45	82.357	-57.413		156.00	0	1.0230	0	34.5340	0	27.669	0	204.8	0	58.6	0		8	0.09	0	0.000155	0	2.82	0	7.8070	0	7.4867	0
0510SoOcn	1	C	02/25/2016	15:45	82.357	-57.413		154.00	0	0.9910	0	34.5290	0	27.667	0	206.0	0	58.9	0		8	0.09	0	0.000157	0	2.80	0	7.8078	0	7.4868	0
0510SoOcn	1	C	02/25/2016	15:45	82.357	-57.413		152.00	0	0.9850	0	34.5260	0	27.665	0	206.7	0	59.1	0	37.50	0	0.09	0	0.000129	0	2.80	0	7.8076	0	7.4864	0
0510SoOcn	1	C	02/25/2016	15:45	82.357	-57.413		150.00	0	0.9570	0	34.5220	0	27.664	0	207.4	0	59.2	0		8	0.10	0	0.000145	0	2.81	0	7.8088	0	7.4871	0
0510SoOcn	1	C	02/25/2016	15:45	82.357	-57.413		148.00	0	0.9320	0	34.5180	0	27.662	0	208.3	0	59.4	0		8	0.11	0	0.000142	0	2.80	0	7.8092	0	7.4871	0
0510SoOcn	1	C	02/25/2016	15:45	82.357	-57.413		146.00	0	0.9100	0	34.5150	0	27.661	0	209.1	0	59.6	0		8	0.10	0	0.000145	0	2.79	0	7.8104	0	7.4878	0
0510SoOcn	1	C	02/25/2016	15:45	82.357	-57.413		144.00	0	0.8930	0	34.5100	0	27.658	0	209.8	0	59.8	0		8	0.10	0	0.000139	0	2.78	0	7.8106	0	7.4877	0
0510SoOcn	1	C	02/25/2016	15:45	82.357	-57.413		142.00	0	0.8760	0	34.5050	0	27.656	0	210.4	0	60.0	0	37.60	0	0.16	0	0.000137	0	2.75	0	7.8103	0	7.4871	0
0510SoOcn	1	C	02/25/2016	15:45	82.357	-57.413		140.00	0	0.8740	0	34.5000	0	27.652	0	210.8	0	60.1	0		8	0.26	0	0.000259	0	2.76	0	7.8110	0	7.4875	0
0510SoOcn	1	C	02/25/2016	15:45	82.357	-57.413		138.00	0	0.8940	0	34.4950	0	27.646	0	210.6	0	60.0	0		8	0.13	0	0.000145	0	2.74	0	7.8086	0	7.4855	0
0510SoOcn	1	C	02/25/2016	15:45	82.357	-57.413		136.00	0	0.8800	0	34.4920	0	27.645	0	210.6	0	60.0	0		8	0.14	0	0.000137	0	2.77	0	7.8088	0	7.4856	0
0510SoOcn	1	C	02/25/2016	15:45	82.357	-57.413		134.00	0	0.8660	0	34.4890	0	27.643	0	211.0	0	60.1	0		8	0.14	0	0.000143	0	2.77	0	7.8084	0	7.4849	0
0510SoOcn	1	C	02/25/2016	15:45	82.357	-57.413		132.00	0	0.8670	0	34.4860	0	27.641	0	211.1	0	60.1	0	37.70	0	0.15	0	0.000163	0	2.75	0	7.8095	0	7.4858	0
0510SoOcn	1	C	02/25/2016	15:45	82.357	-57.413		130.00	0	0.7880	0	34.4770	0	27.639	0	212.0	0	60.3	0		8	0.14	0	0.000159	0	2.73	0	7.8103	0	7.4858	0
0510SoOcn	1	C	02/25/2016	15:45	82.357	-57.413		128.00	0	0.6600	0	34.4620	0	27.634	0	214.9	0	60.9	0		8	0.16	0	0.000155	0	2.70	0	7.8154	0	7.4885	0
0510SoOcn	1	C	02/25/2016	15:45	82.357	-57.413		126.00	0	0.6440	0	34.4560	0	27.631	0	217.3	0	61.5	0		8	0.61	0	0.000157	0	2.70	0	7.8179	0	7.4904	0
0510SoOcn	1	C	02/25/2016	15:45	82.357	-57.413		124.00	0	0.6200	0	34.4510	0	27.628	0	218.9	0	61.9	0		8	0.19	0	0.000220	0	2.69	0	7.8186	0	7.4906	0
0510SoOcn	1	C	02/25/2016	15:45	82.357	-57.413		122.00	0	0.6150	0	34.4500	0	27.628	0	220.0	0	62.2	0	37.40	0	0.25	0	0.000146	0	2.69	0	7.8188	0	7.4906	0
0510SoOcn	1	C	02/25/2016	15:45	82.357	-57.413		120.00	0	0.5630	0	34.4400	0	27.623	0	221.2	0	62.5	0		8	0.27	0	0.000168	0	2.68	0	7.8201	0	7.4912	0
0510SoOcn	1	C	02/25/2016	15:45	82.357	-57.413		118.00	0	0.4640	0	34.4210	0	27.613	0	223.9	0	63.1	0		8	0.22	0	0.000171	0	2.67	0	7.8227	0	7.4922	0
0510SoOcn	1	C	02/25/2016	15:45	82.357	-57.413		116.00	0	0.4540	0	34.4130	0	27.607	0	226.3	0	63.7	0		8	0.22	0	0.000166	0	2.65	0	7.8239	0	7.4930	0
0510SoOcn	1	C	02/25/2016	15:45	82.357	-57.413		114.00	0	0.4540	0	34.4160	0	27.610	0	227.4	0	64.1	0		8	0.20	0	0.000160	0	2.66	0	7.8252	0	7.4941	0
0510SoOcn	1	C	02/25/2016	15:45	82.357	-57.413		112.00	0	0.4110	0	34.4060	0	27.604	0	228.5	0	64.3	0	37.10	0	0.22	0	0.000166	0	2.64	0	7.8257	0	7.4940	0
0510SoOcn	1	C	02/25/2016	15:45	82.357	-57.413		110.00	0	0.3850	0	34.4030	0	27.603	0	229.7	0	64.6	0		8	0.23	0	0.000166	0	2.63	0	7.8280	0	7.4956	0
0510SoOcn	1	C	02/25/2016	15:45	82.357	-57.413		108.00	0	0.3610	0	34.4000	0	27.602	0	230.9	0	64.9	0		8	0.25	0	0.000173	0	2.62	0	7.8285	0	7.4956	0
0510SoOcn	1	C	02/25/2016	15:45	82.357	-57.413		106.00	0	0.3620	0	34.3980	0	27.601	0	231.6	0	65.1	0		8	0.26	0	0.000208	0	2.64	0	7.8287	0	7.4957	0
0510SoOcn	1	C	02/25/2016	15:45	82.357	-57.413		104.00	0	0.3370	0	34.3960	0	27.600	0	232.3	0	65.2	0		8	0.23	0	0.000158	0	2.63	0	7.8294	0	7.4960	0
0510SoOcn	1	C	02/25/2016	15:45	82.357	-57.413		102.00	0	0.3590	0	34.3850	0	27.590	0	232.8	0	65.4	0	37.00	0	0.25	0	0.000186	0	2.61	0	7.8298	0	7.4964	0
0510SoOcn	1	C	02/25/2016	15:45	82.357	-57.413		100.00	0	0.3980	0	34.3810	0	27.585	0	232.9	0	65.5	0		8	0.28	0	0.000192	0	2.62	0	7.8287	0	7.4959	0
0510SoOcn	1	C	02/25/2016	15:45	82.357	-57.413		98.00	0	0.4260	0	34.3790	0	27.582	0	232.9	0	65.5	0		8	0.26	0	0.000169	0	2.61	0	7.8288	0	7.4962	0
0510SoOcn	1	C	02/25/2016	15:45	82.357	-57.413		96.00	0	0.4910	0	34.3750	0	27.575	0	232.4	0	65.5	0	36.90	0	0.40	0	0.000203	0	2.61	0	7.8276	0	7.4958	0
0510SoOcn	1	C	02/25/2016	15:45	82.357	-57.413		94.00	0	0.5400	0	34.3740	0	27.571	0	231.4	0	65.3	0		8	0.39	0	0.000211	0	2.61	0	7.8260	0	7.4950	0
0510SoOcn	1	C	02/25/2016	15:45	82.357	-57.413		92.00	0	0.6390	0	34.3730	0	27.564	0	229.8	0	65.0	0	37.00	0	0.37	0	0.000195	0	2.63	0	7.8241	0	7.4944	0
0510SoOcn	1	C	02/25/2016	15:45	82.357	-57.413		90.00	0	0.7120	0	34.3710	0	27.558	0	228.3	0	64.7	0		8	0.36	0	0.000197	0	2.63	0	7.8218	0	7.4934	0
0510SoOcn	1	C	02/25/2016	15:45	82.357	-57.413		88.00	0	0.7120	0	34.3670	0	27.555	0	228.1	0	64.7	0		8	0.37	0	0.000565	0	2.63	0	7.8221	0	7.4937	0
0510SoOcn	1	C	02/25/2016	15:45	82.357	-57.413		86.00	0	0.7110	0	34.3650	0	27.553	0	228.2	0	64.7	0	36.90	0	0.39	0	0.000246	0	2.63	0	7.8224	0	7.4940	0
0510SoOcn	1	C	02/25/2016	15:45	82.357	-57.413		84.00	0	0.7040	0	34.3610	0	27.550	0	228.7	0	64.8	0		8	0.41	0	0.000193	0	2.64	0	7.8240	0	7.4952	0
0510SoOcn	1	C	02/25/2016	15:45	82.357	-57.413		82.00	0	0.6860	0	34.3520	0	27.544	0	229.9	0	65.1	0	36.70	0	0.49	0	0.000352	0	2.62	0	7.8255	0	7.4964	0
0510SoOcn	1	C	02/25/2016	15:45	82.357	-57.413		80.00	0	0.6760	0	34.3480	0	27.542	0	231.4	0	65.5	0		8	0.42	0	0.000226	0	2.62	0	7.8272	0	7.4977	0
0510SoOcn	1	C	02/25/2016	15:45	82.357	-57.413		78.00	0	0.6760	0	34.3470	0	27.541	0	232.3	0	65.8	0		8	0.43	0	0.000205	0	2.61	0	7.8281	0	7.4985	0
0510SoOcn	1	C	02/25/2016	15:45	82.357	-57.413		76.00	0	0.6580	0	34.3350	0	27.532	0	233.2	0	66.0	0	36.80	0	0.41	0	0.000224	0	2.60	0	7.8290	0	7.4991	0
0510SoOcn	1	C	02/25/2016	15:45	82.357	-57.413		74.00	0	0.6120	0	34.3130	0	27.517	0	237.1	0	67.0	0		8	0.46	0	0.000221	0	2.58	0	7.8350	0	7.5039	0
0510SoOcn	1	C	02/25/2016	15:45	82.357	-57.413		72.00	0	0.5980	0	34.3030	0	27.510	0	240.7	0	68.0	0	36.10	0	0.50	0	0.000225	0	2.56	0	7.8391	0	7.5073	0
0510SoOcn	1	C	02/25/2016	15:45	82.357	-57.413		70.00	0	0.6040	0	34.2940	0	27.503	0	242.9	0	68.6	0		8	0.56	0	0.000247	0	2.56	0	7.8412	0	7.5092	0
0510SoOcn	1	C	02/25/2016	15:45	82.357	-57.413		68.00	0	0.5880	0	34.2660	0	27.481	0	246.8	0	69.7	0		8	0.63	0	0.000274	0	2.53	0	7.8461	0	7.5135	0
0510SoOcn	1	C	02/25/2016	15:45	82.357	-57.413		66.00	0	0.5790	0	34.2460	0	27.465	0	251.5	0	71.0	0	35.70	0	0.72	0	0.000279	0	2.51	0	7.8518	0	7.5185	0
0510SoOcn	1	C	02/25/2016	15:45	82.357	-57.413		64.00	0	0.7010	0	34.1130	0	27.351	0	265.0	0	75.0	0		8	1.06	0	0.000397	0	2.40	0	7.8732	0	7.5393	0
0510SoOcn	1	C	02/25/2016	15:45	82.357	-57.413		62.00	0	0.8350	0	34.0500	0	27.292	0	284.0	0	80.6	0	32.90	0	1.27	0	0.000387	0	2.33	0	7.9022	0	7.5678	0
0510SoOcn	1	C	02/25/2016	15:45	82.357	-57.413		60.00	0	0.9330	0	34.0150	0	27.258	0	296.4	0	84.3	0		8	1.52	0	0.000433	0	2.29	0	7.9146	0	7.5804	0
0510SoOcn	1	C	02/25/2016	15:45	82.357	-57.413		58.00	0	0.9930	0	33.9940	0	27.237	0	303.6	0	86.5	0		8	1.60	0	0.000482	0	2.27	0	7.9229	0	7.5889	0
0510SoOcn	1	C	02/25/2016	15:45	82.357	-57.413		56.00	0	1.0480	0	33.9760	0	27.219	0	308.2	0	87.9	0	31.70	0	1.89	0	0.000438	0	2.26	0	7.9289	0	7.5950	0
0510SoOcn	1	C	02/25/2016	15:45	82.357	-57.413		53.90	0	1.1700	0	33.9360	0	27.179	0	314.4	0	89.9	0		8	2.09	0	0.000628	0	2.22	0	7.9391	0	7.6059	0
0510SoOcn	1	C	02/25/2016	15:45	82.357	-57.413		52.00	0	1.2500	0	33.9090	0	27.152	0	321.3	0	92.0	0	30.30	0	2.44	0	0.002237	0	2.22	0	7.9489	0	7.6160	0
0510SoOcn	1	C	02/25/2016	15:45	82.357	-57.413		50.10	0	1.3010	0	33.8860	0	27.130	0	324.9	0	93.2	0		8	3.37	0	0.000688	0	2.21	0	7.9545	0	7.6218	0
0510SoOcn	1	C	02/25/2016	15:45	82.357	-57.413		48.00	0	1.3930	0	33.8490	0	27.094	0	327.9	0	94.2	0		8	3.76	0	0.001195	0	2.17	0	7.9608	0	7.6287	0
0510SoOcn	1	C	02/25/2016	15:45	82.357	-57.413		46.00	0	1.4370	0	33.8320	0	27.077	0	331.2	0	95.3	0	29.20	0	3.96	0	0.000854	0	2.15	0	7.9660	0	7.6341	0
0510SoOcn	1	C	02/25/2016	15:45	82.357	-57.413		44.00	0	1.4800	0	33.8090	0	27.056	0	333.5	0	96.0	0		8	5.88	0	0.000925	0	2.16	0	7.9701	0	7.6384	0
0510SoOcn	1	C	02/25/2016	15:45	82.357	-57.413		42.00	0	1.4890	0	33.7700	0	27.024	0	336.1	0	96.8	0		8	5.46	0	0.000886	0	2.16	0	7.9772	0	7.6450	0
0510SoOcn	1	C	02/25/2016	15:45	82.357	-57.413		40.00	0	1.4620	0	33.7450	0	27.006	0	338.5	0	97.4	0	28.20	0	5.66	0	0.001006	0	2.14	0	7.9819	0	7.6489	0
0510SoOcn	1	C	02/25/2016	15:45	82.357	-57.413		38.00	0	1.5020	0	33.7280	0	26.989	0	339.5	0	97.8	0		8	5.45	0	0.000924	0	2.16	0	7.9839	0	7.6509	0
0510SoOcn	1	C	02/25/2016	15:45	82.357	-57.413		36.00	0	1.5590	0	33.7090	0	26.970	0	340.6	0	98.2	0	27.70	0	3.63	0	0.000808	0	2.14	0	7.9883	0	7.6559	0
0510SoOcn	1	C	02/25/2016	15:45	82.357	-57.413		34.00	0	1.5370	0	33.6870	0	26.954	0	343.4	0	99.0	0		8	3.89	0	0.000769	0	2.13	0	7.9935	0	7.6603	0
0510SoOcn	1	C	02/25/2016	15:45	82.357	-57.413		32.00	0	1.5340	0	33.6850	0	26.952	0	345.4	0	99.5	0	27.50	0	4.58	0	0.000823	0	2.13	0	7.9963	0	7.6628	0
0510SoOcn	1	C	02/25/2016	15:45	82.357	-57.413		30.00	0	1.5640	0	33.6780	0	26.945	0	346.8	0	100.0	0		8	4.31	0	0.000847	0	2.12	0	7.9979	0	7.6645	0
0510SoOcn	1	C	02/25/2016	15:45	82.357	-57.413		28.00	0	1.5850	0	33.6760	0	26.942	0	348.3	0	100.5	0		8	4.07	0	0.000664	0	2.12	0	8.0009	0	7.6675	0
0510SoOcn	1	C	02/25/2016	15:45	82.357	-57.413		26.00	0	1.5850	0	33.6760	0	26.942	0	349.2	0	100.8	0	27.50	0	3.63	0	0.000849	0	2.10	0	8.0023	0	7.6688	0
0510SoOcn	1	C	02/25/2016	15:45	82.357	-57.413		24.00	0	1.5850	0	33.6760	0	26.942	0	349.5	0	100.8	0		8	3.98	0	0.000784	0	2.11	0	8.0031	0	7.6695	0
0510SoOcn	1	C	02/25/2016	15:45	82.357	-57.413		22.00	0	1.5850	0	33.6760	0	26.942	0	349.8	0	100.9	0	27.50	0	4.67	0	0.000804	0	2.09	0	8.0025	0	7.6689	0
0510SoOcn	1	C	02/25/2016	15:45	82.357	-57.413		20.00	0	1.5830	0	33.6770	0	26.942	0	349.8	0	100.9	0		8	4.15	0	0.000753	0	2.10	0	8.0025	0	7.6687	0
0510SoOcn	1	C	02/25/2016	15:45	82.357	-57.413		18.00	0	1.5830	0	33.6770	0	26.942	0	349.7	0	100.9	0		8	4.69	0	0.000780	0	2.11	0	8.0023	0	7.6686	0
0510SoOcn	1	C	02/25/2016	15:45	82.357	-57.413		16.00	0	1.5830	0	33.6770	0	26.942	0	349.8	0	100.9	0	27.30	0	3.96	0	0.000767	0	2.10	0	8.0028	0	7.6689	0
0510SoOcn	1	C	02/25/2016	15:45	82.357	-57.413		14.00	0	1.5830	0	33.6770	0	26.942	0	349.8	0	100.9	0		8	4.26	0	0.000779	0	2.11	0	8.0029	0	7.6689	0
0510SoOcn	1	C	02/25/2016	15:45	82.357	-57.413		12.00	0	1.5820	0	33.6770	0	26.943	0	349.7	0	100.9	0		8	5.13	0	0.000818	0	2.10	0	8.0022	0	7.6682	0
0510SoOcn	1	C	02/25/2016	15:45	82.357	-57.413		10.00	0	1.5830	0	33.6770	0	26.942	0	349.7	0	100.9	0	27.30	0	4.91	0	0.000809	0	2.18	0	8.0026	0	7.6685	0
0510SoOcn	1	C	02/25/2016	15:45	82.357	-57.413		8.00	0	1.5830	0	33.6770	0	26.942	0	349.7	0	100.9	0	27.60	0	4.08	0	0.000745	0	2.10	0	8.0010	0	7.6670	0
0510SoOcn	1	C	02/25/2016	15:45	82.357	-57.413		6.10	0	1.5820	0	33.6770	0	26.943	0	349.7	0	100.9	0		8	5.17	0	0.000936	0	2.11	0	8.0010	0	7.6669	0
0510SoOcn	1	C	02/25/2016	15:45	82.357	-57.413		4.10	0	1.5820	0	33.6770	0	26.943	0	349.6	0	100.9	0		8	4.01	0	0.000769	0	2.11	0	8.0042	0	7.6698	0
0510SoOcn	1	C	02/25/2016	15:45	82.357	-57.413																									
