//0
Cruise	Station	Type	mon/day/yr	hh:mm	Lon [°E]	Lat [°N]	Bot. Depth[m]	Depth[m]	QF	Temperature[°C]	QF	Salinity	QF	Density	QF	Oxygen[µM]	QF	OxygenSat[%]	QF	Nitrate[µM]	QF	Chlorophyll[µg/l]	QF	BackScatter[/m/sr]	QF	CDOM[ppb]	QF	pHinsitu[Total]	QF	pH25C[Total]	QF
0564SoOcn	1	C	02/23/2016	12:39	82.466	-63.497		357.80	0	1.9610	0	34.6710	0	27.711	0	185.0	0	54.2	0		8	0.03	0	0.000117	0	2.75	0	7.8442	0	7.5400	0
0564SoOcn	1	C	02/23/2016	12:39	82.466	-63.497		356.10	0	1.9610	0	34.6700	0	27.710	0	179.3	0	52.6	0		8	0.04	0	0.000116	0	2.73	0	7.8436	0	7.5394	0
0564SoOcn	1	C	02/23/2016	12:39	82.466	-63.497		354.00	0	1.9610	0	34.6690	0	27.710	0	178.1	0	52.2	0		8	0.03	0	0.000115	0	2.73	0	7.8435	0	7.5392	0
0564SoOcn	1	C	02/23/2016	12:39	82.466	-63.497		352.00	0	1.9610	0	34.6690	0	27.710	0	177.6	0	52.1	0		8	0.04	0	0.000115	0	2.73	0	7.8428	0	7.5386	0
0564SoOcn	1	C	02/23/2016	12:39	82.466	-63.497		350.00	0	1.9610	0	34.6680	0	27.709	0	177.2	0	52.0	0	36.30	0	0.03	0	0.000116	0	2.72	0	7.8421	0	7.5378	0
0564SoOcn	1	C	02/23/2016	12:39	82.466	-63.497		348.00	0	1.9610	0	34.6670	0	27.708	0	176.9	0	51.9	0		8	0.03	0	0.000120	0	2.72	0	7.8417	0	7.5374	0
0564SoOcn	1	C	02/23/2016	12:39	82.466	-63.497		346.00	0	1.9610	0	34.6660	0	27.707	0	176.7	0	51.8	0		8	0.03	0	0.000115	0	2.71	0	7.8411	0	7.5368	0
0564SoOcn	1	C	02/23/2016	12:39	82.466	-63.497		344.00	0	1.9620	0	34.6650	0	27.706	0	176.5	0	51.7	0		8	0.04	0	0.000118	0	2.73	0	7.8402	0	7.5359	0
0564SoOcn	1	C	02/23/2016	12:39	82.466	-63.497		342.00	0	1.9620	0	34.6650	0	27.706	0	176.3	0	51.7	0	36.40	0	0.04	0	0.000115	0	2.72	0	7.8399	0	7.5355	0
0564SoOcn	1	C	02/23/2016	12:39	82.466	-63.497		340.00	0	1.9620	0	34.6640	0	27.706	0	176.2	0	51.7	0		8	0.04	0	0.000116	0	2.72	0	7.8402	0	7.5357	0
0564SoOcn	1	C	02/23/2016	12:39	82.466	-63.497		338.00	0	1.9610	0	34.6640	0	27.706	0	176.0	0	51.6	0		8	0.04	0	0.000119	0	2.72	0	7.8393	0	7.5349	0
0564SoOcn	1	C	02/23/2016	12:39	82.466	-63.497		336.00	0	1.9610	0	34.6630	0	27.705	0	175.9	0	51.6	0		8	0.04	0	0.000116	0	2.72	0	7.8396	0	7.5350	0
0564SoOcn	1	C	02/23/2016	12:39	82.466	-63.497		334.00	0	1.9610	0	34.6630	0	27.705	0	175.9	0	51.6	0		8	0.04	0	0.000123	0	2.72	0	7.8388	0	7.5343	0
0564SoOcn	1	C	02/23/2016	12:39	82.466	-63.497		331.90	0	1.9610	0	34.6620	0	27.704	0	175.7	0	51.5	0	36.50	0	0.04	0	0.000116	0	2.68	0	7.8378	0	7.5333	0
0564SoOcn	1	C	02/23/2016	12:39	82.466	-63.497		330.00	0	1.9610	0	34.6610	0	27.703	0	175.6	0	51.5	0		8	0.04	0	0.000136	0	2.73	0	7.8378	0	7.5332	0
0564SoOcn	1	C	02/23/2016	12:39	82.466	-63.497		328.00	0	1.9620	0	34.6590	0	27.702	0	175.4	0	51.4	0		8	0.03	0	0.000115	0	2.72	0	7.8367	0	7.5321	0
0564SoOcn	1	C	02/23/2016	12:39	82.466	-63.497		326.00	0	1.9600	0	34.6580	0	27.701	0	175.3	0	51.4	0		8	0.04	0	0.000116	0	2.72	0	7.8356	0	7.5311	0
0564SoOcn	1	C	02/23/2016	12:39	82.466	-63.497		324.00	0	1.9600	0	34.6570	0	27.700	0	175.1	0	51.3	0		8	0.03	0	0.000115	0	2.73	0	7.8350	0	7.5304	0
0564SoOcn	1	C	02/23/2016	12:39	82.466	-63.497		322.00	0	1.9600	0	34.6560	0	27.699	0	174.9	0	51.3	0		8	0.03	0	0.000117	0	2.72	0	7.8347	0	7.5301	0
0564SoOcn	1	C	02/23/2016	12:39	82.466	-63.497		320.00	0	1.9590	0	34.6550	0	27.699	0	174.8	0	51.3	0	36.70	0	0.08	0	0.000310	0	2.71	0	7.8331	0	7.5286	0
0564SoOcn	1	C	02/23/2016	12:39	82.466	-63.497		318.00	0	1.9590	0	34.6540	0	27.698	0	174.7	0	51.2	0		8	0.04	0	0.000119	0	2.72	0	7.8327	0	7.5281	0
0564SoOcn	1	C	02/23/2016	12:39	82.466	-63.497		316.00	0	1.9590	0	34.6540	0	27.698	0	174.6	0	51.2	0		8	0.04	0	0.000116	0	2.71	0	7.8326	0	7.5280	0
0564SoOcn	1	C	02/23/2016	12:39	82.466	-63.497		314.00	0	1.9590	0	34.6540	0	27.698	0	174.5	0	51.2	0		8	0.04	0	0.000113	0	2.71	0	7.8326	0	7.5279	0
0564SoOcn	1	C	02/23/2016	12:39	82.466	-63.497		312.00	0	1.9610	0	34.6530	0	27.697	0	174.3	0	51.1	0	36.80	0	0.04	0	0.000119	0	2.72	0	7.8312	0	7.5266	0
0564SoOcn	1	C	02/23/2016	12:39	82.466	-63.497		310.00	0	1.9610	0	34.6520	0	27.696	0	174.3	0	51.1	0		8	0.04	0	0.000118	0	2.71	0	7.8314	0	7.5267	0
0564SoOcn	1	C	02/23/2016	12:39	82.466	-63.497		308.00	0	1.9620	0	34.6520	0	27.696	0	174.1	0	51.1	0		8	0.04	0	0.000118	0	2.69	0	7.8308	0	7.5261	0
0564SoOcn	1	C	02/23/2016	12:39	82.466	-63.497		306.00	0	1.9620	0	34.6510	0	27.695	0	174.0	0	51.0	0		8	0.04	0	0.000116	0	2.73	0	7.8306	0	7.5258	0
0564SoOcn	1	C	02/23/2016	12:39	82.466	-63.497		304.00	0	1.9620	0	34.6500	0	27.694	0	173.9	0	51.0	0		8	0.04	0	0.000117	0	2.72	0	7.8296	0	7.5249	0
0564SoOcn	1	C	02/23/2016	12:39	82.466	-63.497		302.00	0	1.9600	0	34.6490	0	27.694	0	173.8	0	51.0	0	36.90	0	0.04	0	0.000116	0	2.72	0	7.8291	0	7.5243	0
0564SoOcn	1	C	02/23/2016	12:39	82.466	-63.497		300.00	0	1.9590	0	34.6480	0	27.693	0	173.7	0	50.9	0		8	0.04	0	0.000119	0	2.70	0	7.8285	0	7.5237	0
0564SoOcn	1	C	02/23/2016	12:39	82.466	-63.497		298.00	0	1.9580	0	34.6470	0	27.692	0	173.5	0	50.9	0		8	0.04	0	0.000119	0	2.72	0	7.8278	0	7.5230	0
0564SoOcn	1	C	02/23/2016	12:39	82.466	-63.497		296.00	0	1.9590	0	34.6460	0	27.691	0	173.4	0	50.8	0		8	0.04	0	0.000118	0	2.71	0	7.8275	0	7.5226	0
0564SoOcn	1	C	02/23/2016	12:39	82.466	-63.497		294.00	0	1.9610	0	34.6460	0	27.691	0	173.3	0	50.8	0		8	0.04	0	0.000115	0	2.72	0	7.8266	0	7.5217	0
0564SoOcn	1	C	02/23/2016	12:39	82.466	-63.497		292.00	0	1.9610	0	34.6450	0	27.690	0	173.2	0	50.8	0	37.10	0	0.04	0	0.000117	0	2.72	0	7.8266	0	7.5216	0
0564SoOcn	1	C	02/23/2016	12:39	82.466	-63.497		290.00	0	1.9600	0	34.6440	0	27.690	0	173.1	0	50.7	0		8	0.04	0	0.000116	0	2.72	0	7.8265	0	7.5215	0
0564SoOcn	1	C	02/23/2016	12:39	82.466	-63.497		288.00	0	1.9560	0	34.6430	0	27.689	0	173.0	0	50.7	0		8	0.04	0	0.000124	0	2.71	0	7.8256	0	7.5206	0
0564SoOcn	1	C	02/23/2016	12:39	82.466	-63.497		286.00	0	1.9550	0	34.6430	0	27.689	0	172.9	0	50.7	0		8	0.04	0	0.000120	0	2.73	0	7.8251	0	7.5200	0
0564SoOcn	1	C	02/23/2016	12:39	82.466	-63.497		284.00	0	1.9550	0	34.6420	0	27.688	0	172.8	0	50.7	0		8	0.04	0	0.000122	0	2.70	0	7.8247	0	7.5196	0
0564SoOcn	1	C	02/23/2016	12:39	82.466	-63.497		282.00	0	1.9610	0	34.6420	0	27.688	0	172.7	0	50.6	0	37.20	0	0.04	0	0.000122	0	2.72	0	7.8243	0	7.5192	0
0564SoOcn	1	C	02/23/2016	12:39	82.466	-63.497		280.00	0	1.9660	0	34.6420	0	27.688	0	172.6	0	50.6	0		8	0.04	0	0.000119	0	2.72	0	7.8250	0	7.5199	0
0564SoOcn	1	C	02/23/2016	12:39	82.466	-63.497		278.00	0	1.9690	0	34.6410	0	27.687	0	172.5	0	50.6	0		8	0.03	0	0.000125	0	2.73	0	7.8242	0	7.5191	0
0564SoOcn	1	C	02/23/2016	12:39	82.466	-63.497		276.00	0	1.9690	0	34.6410	0	27.687	0	172.5	0	50.6	0		8	0.04	0	0.000122	0	2.72	0	7.8236	0	7.5185	0
0564SoOcn	1	C	02/23/2016	12:39	82.466	-63.497		274.00	0	1.9720	0	34.6400	0	27.686	0	172.4	0	50.6	0		8	0.04	0	0.000120	0	2.72	0	7.8238	0	7.5187	0
0564SoOcn	1	C	02/23/2016	12:39	82.466	-63.497		272.00	0	1.9730	0	34.6390	0	27.685	0	172.3	0	50.5	0		8	0.04	0	0.000123	0	2.72	0	7.8229	0	7.5178	0
0564SoOcn	1	C	02/23/2016	12:39	82.466	-63.497		270.00	0	1.9750	0	34.6390	0	27.684	0	172.2	0	50.5	0	37.00	0	0.04	0	0.000117	0	2.71	0	7.8224	0	7.5173	0
0564SoOcn	1	C	02/23/2016	12:39	82.466	-63.497		268.00	0	1.9760	0	34.6390	0	27.684	0	172.1	0	50.5	0		8	0.04	0	0.000127	0	2.72	0	7.8224	0	7.5173	0
0564SoOcn	1	C	02/23/2016	12:39	82.466	-63.497		266.00	0	1.9750	0	34.6380	0	27.684	0	172.1	0	50.5	0		8	0.04	0	0.000130	0	2.70	0	7.8224	0	7.5172	0
0564SoOcn	1	C	02/23/2016	12:39	82.466	-63.497		264.00	0	1.9750	0	34.6370	0	27.683	0	172.0	0	50.4	0		8	0.04	0	0.000120	0	2.72	0	7.8214	0	7.5162	0
0564SoOcn	1	C	02/23/2016	12:39	82.466	-63.497		262.00	0	1.9740	0	34.6350	0	27.681	0	171.9	0	50.4	0	37.20	0	0.04	0	0.000119	0	2.69	0	7.8215	0	7.5162	0
0564SoOcn	1	C	02/23/2016	12:39	82.466	-63.497		260.00	0	1.9690	0	34.6330	0	27.680	0	171.8	0	50.4	0		8	0.04	0	0.000125	0	2.69	0	7.8204	0	7.5151	0
0564SoOcn	1	C	02/23/2016	12:39	82.466	-63.497		258.00	0	1.9670	0	34.6310	0	27.679	0	171.7	0	50.3	0		8	0.04	0	0.000120	0	2.70	0	7.8194	0	7.5141	0
0564SoOcn	1	C	02/23/2016	12:39	82.466	-63.497		256.00	0	1.9690	0	34.6310	0	27.679	0	171.6	0	50.3	0		8	0.04	0	0.000120	0	2.72	0	7.8188	0	7.5135	0
0564SoOcn	1	C	02/23/2016	12:39	82.466	-63.497		254.00	0	1.9750	0	34.6300	0	27.677	0	171.4	0	50.3	0		8	0.04	0	0.000122	0	2.71	0	7.8178	0	7.5126	0
0564SoOcn	1	C	02/23/2016	12:39	82.466	-63.497		252.00	0	1.9760	0	34.6290	0	27.676	0	171.3	0	50.2	0	37.50	0	0.04	0	0.000120	0	2.72	0	7.8184	0	7.5130	0
0564SoOcn	1	C	02/23/2016	12:39	82.466	-63.497		250.00	0	1.9780	0	34.6290	0	27.676	0	171.2	0	50.2	0		8	0.04	0	0.000119	0	2.72	0	7.8176	0	7.5123	0
0564SoOcn	1	C	02/23/2016	12:39	82.466	-63.497		248.00	0	1.9770	0	34.6280	0	27.676	0	171.1	0	50.2	0		8	0.04	0	0.000120	0	2.68	0	7.8179	0	7.5124	0
0564SoOcn	1	C	02/23/2016	12:39	82.466	-63.497		246.00	0	1.9760	0	34.6270	0	27.675	0	171.1	0	50.2	0		8	0.04	0	0.000121	0	2.70	0	7.8173	0	7.5118	0
0564SoOcn	1	C	02/23/2016	12:39	82.466	-63.497		244.00	0	1.9740	0	34.6250	0	27.673	0	170.9	0	50.1	0		8	0.04	0	0.000122	0	2.70	0	7.8157	0	7.5103	0
0564SoOcn	1	C	02/23/2016	12:39	82.466	-63.497		242.00	0	1.9710	0	34.6240	0	27.673	0	170.8	0	50.1	0	37.60	0	0.04	0	0.000119	0	2.71	0	7.8154	0	7.5099	0
0564SoOcn	1	C	02/23/2016	12:39	82.466	-63.497		240.00	0	1.9690	0	34.6230	0	27.672	0	170.7	0	50.0	0		8	0.04	0	0.000120	0	2.71	0	7.8152	0	7.5096	0
0564SoOcn	1	C	02/23/2016	12:39	82.466	-63.497		238.00	0	1.9650	0	34.6210	0	27.671	0	170.6	0	50.0	0		8	0.04	0	0.000194	0	2.70	0	7.8145	0	7.5089	0
0564SoOcn	1	C	02/23/2016	12:39	82.466	-63.497		236.00	0	1.9660	0	34.6200	0	27.670	0	170.5	0	50.0	0		8	0.04	0	0.000122	0	2.69	0	7.8135	0	7.5079	0
0564SoOcn	1	C	02/23/2016	12:39	82.466	-63.497		234.00	0	1.9660	0	34.6190	0	27.669	0	170.4	0	49.9	0		8	0.04	0	0.000123	0	2.71	0	7.8122	0	7.5067	0
0564SoOcn	1	C	02/23/2016	12:39	82.466	-63.497		232.00	0	1.9650	0	34.6180	0	27.668	0	170.3	0	49.9	0		8	0.04	0	0.000121	0	2.69	0	7.8122	0	7.5066	0
0564SoOcn	1	C	02/23/2016	12:39	82.466	-63.497		230.00	0	1.9640	0	34.6170	0	27.668	0	170.2	0	49.9	0	37.70	0	0.04	0	0.000122	0	2.69	0	7.8112	0	7.5056	0
0564SoOcn	1	C	02/23/2016	12:39	82.466	-63.497		228.00	0	1.9630	0	34.6160	0	27.667	0	170.1	0	49.9	0		8	0.04	0	0.000176	0	2.71	0	7.8118	0	7.5061	0
0564SoOcn	1	C	02/23/2016	12:39	82.466	-63.497		226.00	0	1.9640	0	34.6150	0	27.666	0	170.0	0	49.9	0		8	0.04	0	0.000123	0	2.68	0	7.8109	0	7.5051	0
0564SoOcn	1	C	02/23/2016	12:39	82.466	-63.497		224.00	0	1.9630	0	34.6140	0	27.665	0	170.0	0	49.8	0		8	0.07	0	0.000222	0	2.71	0	7.8099	0	7.5042	0
0564SoOcn	1	C	02/23/2016	12:39	82.466	-63.497		222.00	0	1.9620	0	34.6130	0	27.665	0	169.9	0	49.8	0		8	0.04	0	0.000122	0	2.69	0	7.8100	0	7.5042	0
0564SoOcn	1	C	02/23/2016	12:39	82.466	-63.497		220.00	0	1.9620	0	34.6120	0	27.664	0	169.8	0	49.8	0	38.00	0	0.04	0	0.000127	0	2.71	0	7.8094	0	7.5036	0
0564SoOcn	1	C	02/23/2016	12:39	82.466	-63.497		218.00	0	1.9610	0	34.6110	0	27.663	0	169.8	0	49.8	0		8	0.04	0	0.000126	0	2.68	0	7.8097	0	7.5038	0
0564SoOcn	1	C	02/23/2016	12:39	82.466	-63.497		216.00	0	1.9610	0	34.6100	0	27.662	0	169.7	0	49.7	0		8	0.05	0	0.000129	0	2.71	0	7.8089	0	7.5030	0
0564SoOcn	1	C	02/23/2016	12:39	82.466	-63.497		214.00	0	1.9620	0	34.6080	0	27.661	0	169.7	0	49.7	0		8	0.04	0	0.000123	0	2.71	0	7.8085	0	7.5026	0
0564SoOcn	1	C	02/23/2016	12:39	82.466	-63.497		212.00	0	1.9620	0	34.6070	0	27.660	0	169.6	0	49.7	0	38.00	0	0.04	0	0.000130	0	2.71	0	7.8084	0	7.5024	0
0564SoOcn	1	C	02/23/2016	12:39	82.466	-63.497		210.00	0	1.9620	0	34.6070	0	27.660	0	169.5	0	49.7	0		8	0.05	0	0.000129	0	2.71	0	7.8076	0	7.5016	0
0564SoOcn	1	C	02/23/2016	12:39	82.466	-63.497		208.00	0	1.9610	0	34.6070	0	27.660	0	169.5	0	49.7	0		8	0.04	0	0.000127	0	2.71	0	7.8080	0	7.5018	0
0564SoOcn	1	C	02/23/2016	12:39	82.466	-63.497		206.00	0	1.9590	0	34.6050	0	27.658	0	169.4	0	49.7	0		8	0.05	0	0.000121	0	2.70	0	7.8071	0	7.5010	0
0564SoOcn	1	C	02/23/2016	12:39	82.466	-63.497		204.00	0	1.9580	0	34.6040	0	27.658	0	169.4	0	49.6	0		8	0.04	0	0.000122	0	2.71	0	7.8069	0	7.5007	0
0564SoOcn	1	C	02/23/2016	12:39	82.466	-63.497		202.00	0	1.9570	0	34.6030	0	27.657	0	169.4	0	49.7	0		8	0.05	0	0.000126	0	2.71	0	7.8069	0	7.5006	0
0564SoOcn	1	C	02/23/2016	12:39	82.466	-63.497		200.00	0	1.9540	0	34.6010	0	27.656	0	169.4	0	49.6	0	38.00	0	0.05	0	0.000125	0	2.69	0	7.8061	0	7.4998	0
0564SoOcn	1	C	02/23/2016	12:39	82.466	-63.497		198.00	0	1.9510	0	34.5990	0	27.654	0	169.3	0	49.6	0		8	0.05	0	0.000124	0	2.69	0	7.8052	0	7.4989	0
0564SoOcn	1	C	02/23/2016	12:39	82.466	-63.497		196.00	0	1.9490	0	34.5980	0	27.654	0	169.2	0	49.6	0		8	0.05	0	0.000127	0	2.70	0	7.8045	0	7.4982	0
0564SoOcn	1	C	02/23/2016	12:39	82.466	-63.497		194.00	0	1.9500	0	34.5970	0	27.653	0	169.2	0	49.6	0		8	0.05	0	0.000121	0	2.69	0	7.8043	0	7.4979	0
0564SoOcn	1	C	02/23/2016	12:39	82.466	-63.497		192.00	0	1.9460	0	34.5950	0	27.652	0	169.1	0	49.6	0	38.20	0	0.05	0	0.000121	0	2.71	0	7.8040	0	7.4975	0
0564SoOcn	1	C	02/23/2016	12:39	82.466	-63.497		190.00	0	1.9430	0	34.5930	0	27.650	0	169.1	0	49.5	0		8	0.05	0	0.000125	0	2.69	0	7.8034	0	7.4969	0
0564SoOcn	1	C	02/23/2016	12:39	82.466	-63.497		188.00	0	1.9390	0	34.5920	0	27.650	0	169.1	0	49.5	0		8	0.05	0	0.000127	0	2.68	0	7.8030	0	7.4964	0
0564SoOcn	1	C	02/23/2016	12:39	82.466	-63.497		186.00	0	1.9370	0	34.5910	0	27.649	0	169.1	0	49.5	0		8	0.05	0	0.000126	0	2.69	0	7.8035	0	7.4967	0
0564SoOcn	1	C	02/23/2016	12:39	82.466	-63.497		184.00	0	1.9350	0	34.5900	0	27.648	0	169.1	0	49.5	0		8	0.05	0	0.000128	0	2.68	0	7.8034	0	7.4965	0
0564SoOcn	1	C	02/23/2016	12:39	82.466	-63.497		182.00	0	1.9310	0	34.5890	0	27.648	0	169.1	0	49.5	0	38.20	0	0.05	0	0.000123	0	2.69	0	7.8027	0	7.4958	0
0564SoOcn	1	C	02/23/2016	12:39	82.466	-63.497		180.00	0	1.9300	0	34.5880	0	27.647	0	169.1	0	49.5	0		8	0.05	0	0.000127	0	2.68	0	7.8021	0	7.4952	0
0564SoOcn	1	C	02/23/2016	12:39	82.466	-63.497		178.00	0	1.9300	0	34.5880	0	27.647	0	169.1	0	49.5	0		8	0.05	0	0.000127	0	2.68	0	7.8016	0	7.4946	0
0564SoOcn	1	C	02/23/2016	12:39	82.466	-63.497		176.00	0	1.9280	0	34.5860	0	27.646	0	169.1	0	49.5	0		8	0.05	0	0.000123	0	2.68	0	7.8017	0	7.4946	0
0564SoOcn	1	C	02/23/2016	12:39	82.466	-63.497		174.00	0	1.9230	0	34.5840	0	27.644	0	169.1	0	49.5	0		8	0.15	0	0.000184	0	2.68	0	7.8014	0	7.4943	0
0564SoOcn	1	C	02/23/2016	12:39	82.466	-63.497		172.00	0	1.9190	0	34.5830	0	27.644	0	169.2	0	49.5	0	38.30	0	0.05	0	0.000130	0	2.68	0	7.8007	0	7.4935	0
0564SoOcn	1	C	02/23/2016	12:39	82.466	-63.497		170.00	0	1.9110	0	34.5800	0	27.642	0	169.2	0	49.5	0		8	0.06	0	0.000126	0	2.68	0	7.7996	0	7.4923	0
0564SoOcn	1	C	02/23/2016	12:39	82.466	-63.497		168.00	0	1.9060	0	34.5770	0	27.640	0	169.3	0	49.6	0		8	0.06	0	0.000133	0	2.68	0	7.7996	0	7.4921	0
0564SoOcn	1	C	02/23/2016	12:39	82.466	-63.497		166.00	0	1.9000	0	34.5760	0	27.640	0	169.4	0	49.6	0		8	0.06	0	0.000132	0	2.67	0	7.8000	0	7.4924	0
0564SoOcn	1	C	02/23/2016	12:39	82.466	-63.497		164.00	0	1.8940	0	34.5740	0	27.639	0	169.4	0	49.6	0		8	0.06	0	0.000130	0	2.65	0	7.7990	0	7.4913	0
0564SoOcn	1	C	02/23/2016	12:39	82.466	-63.497		162.00	0	1.8870	0	34.5720	0	27.638	0	169.5	0	49.6	0	38.60	0	0.06	0	0.000126	0	2.65	0	7.7982	0	7.4904	0
0564SoOcn	1	C	02/23/2016	12:39	82.466	-63.497		160.00	0	1.8850	0	34.5700	0	27.636	0	169.6	0	49.6	0		8	0.07	0	0.000133	0	2.65	0	7.7986	0	7.4906	0
0564SoOcn	1	C	02/23/2016	12:39	82.466	-63.497		158.00	0	1.8810	0	34.5690	0	27.636	0	169.6	0	49.6	0		8	0.07	0	0.000130	0	2.68	0	7.7978	0	7.4898	0
0564SoOcn	1	C	02/23/2016	12:39	82.466	-63.497		156.00	0	1.8910	0	34.5670	0	27.633	0	169.6	0	49.6	0		8	0.11	0	0.000133	0	2.65	0	7.7970	0	7.4891	0
0564SoOcn	1	C	02/23/2016	12:39	82.466	-63.497		154.00	0	1.8880	0	34.5660	0	27.633	0	169.5	0	49.6	0		8	0.07	0	0.000154	0	2.65	0	7.7968	0	7.4889	0
0564SoOcn	1	C	02/23/2016	12:39	82.466	-63.497		152.00	0	1.8820	0	34.5640	0	27.632	0	169.6	0	49.6	0	38.50	0	0.07	0	0.000175	0	2.65	0	7.7970	0	7.4889	0
0564SoOcn	1	C	02/23/2016	12:39	82.466	-63.497		150.00	0	1.8590	0	34.5610	0	27.631	0	169.8	0	49.6	0		8	0.08	0	0.000131	0	2.64	0	7.7962	0	7.4879	0
0564SoOcn	1	C	02/23/2016	12:39	82.466	-63.497		148.00	0	1.8400	0	34.5570	0	27.629	0	170.2	0	49.7	0		8	0.07	0	0.000143	0	2.64	0	7.7964	0	7.4877	0
0564SoOcn	1	C	02/23/2016	12:39	82.466	-63.497		146.00	0	1.8320	0	34.5530	0	27.627	0	170.4	0	49.8	0		8	0.09	0	0.000132	0	2.61	0	7.7960	0	7.4872	0
0564SoOcn	1	C	02/23/2016	12:39	82.466	-63.497		144.00	0	1.8240	0	34.5510	0	27.626	0	170.6	0	49.8	0		8	0.08	0	0.000140	0	2.63	0	7.7954	0	7.4864	0
0564SoOcn	1	C	02/23/2016	12:39	82.466	-63.497		142.00	0	1.8150	0	34.5480	0	27.624	0	170.8	0	49.9	0	38.80	0	0.07	0	0.000137	0	2.62	0	7.7957	0	7.4865	0
0564SoOcn	1	C	02/23/2016	12:39	82.466	-63.497		140.00	0	1.8160	0	34.5460	0	27.622	0	171.0	0	49.9	0		8	0.08	0	0.000135	0	2.62	0	7.7953	0	7.4860	0
0564SoOcn	1	C	02/23/2016	12:39	82.466	-63.497		138.00	0	1.8050	0	34.5430	0	27.621	0	171.2	0	50.0	0		8	0.08	0	0.000136	0	2.61	0	7.7947	0	7.4853	0
0564SoOcn	1	C	02/23/2016	12:39	82.466	-63.497		136.00	0	1.7940	0	34.5400	0	27.619	0	171.4	0	50.0	0		8	0.09	0	0.000127	0	2.62	0	7.7948	0	7.4852	0
0564SoOcn	1	C	02/23/2016	12:39	82.466	-63.497		134.00	0	1.7890	0	34.5360	0	27.616	0	171.6	0	50.1	0		8	0.10	0	0.000128	0	2.60	0	7.7935	0	7.4838	0
0564SoOcn	1	C	02/23/2016	12:39	82.466	-63.497		132.00	0	1.7890	0	34.5350	0	27.616	0	171.8	0	50.1	0		8	0.17	0	0.000198	0	2.61	0	7.7931	0	7.4834	0
0564SoOcn	1	C	02/23/2016	12:39	82.466	-63.497		130.00	0	1.7860	0	34.5340	0	27.615	0	171.9	0	50.1	0	39.00	0	0.11	0	0.000131	0	2.60	0	7.7937	0	7.4838	0
0564SoOcn	1	C	02/23/2016	12:39	82.466	-63.497		128.00	0	1.7810	0	34.5320	0	27.614	0	172.0	0	50.2	0		8	0.12	0	0.000132	0	2.59	0	7.7936	0	7.4836	0
0564SoOcn	1	C	02/23/2016	12:39	82.466	-63.497		126.00	0	1.7680	0	34.5290	0	27.612	0	172.2	0	50.2	0		8	0.12	0	0.000154	0	2.57	0	7.7938	0	7.4836	0
0564SoOcn	1	C	02/23/2016	12:39	82.466	-63.497		124.00	0	1.7450	0	34.5230	0	27.609	0	172.6	0	50.3	0		8	0.13	0	0.000127	0	2.56	0	7.7934	0	7.4829	0
0564SoOcn	1	C	02/23/2016	12:39	82.466	-63.497		122.00	0	1.7280	0	34.5180	0	27.607	0	173.1	0	50.4	0		8	0.14	0	0.000175	0	2.56	0	7.7931	0	7.4823	0
0564SoOcn	1	C	02/23/2016	12:39	82.466	-63.497		120.00	0	1.7210	0	34.5160	0	27.605	0	173.5	0	50.5	0	38.90	0	0.16	0	0.000137	0	2.55	0	7.7928	0	7.4819	0
0564SoOcn	1	C	02/23/2016	12:39	82.466	-63.497		118.00	0	1.7070	0	34.5120	0	27.603	0	173.9	0	50.6	0		8	0.18	0	0.000129	0	2.56	0	7.7925	0	7.4814	0
0564SoOcn	1	C	02/23/2016	12:39	82.466	-63.497		116.00	0	1.7030	0	34.5090	0	27.601	0	174.2	0	50.7	0		8	0.22	0	0.000191	0	2.54	0	7.7936	0	7.4822	0
0564SoOcn	1	C	02/23/2016	12:39	82.466	-63.497		114.00	0	1.6710	0	34.5040	0	27.600	0	174.6	0	50.8	0		8	0.20	0	0.000175	0	2.55	0	7.7937	0	7.4819	0
0564SoOcn	1	C	02/23/2016	12:39	82.466	-63.497		112.00	0	1.6440	0	34.4990	0	27.598	0	175.3	0	50.9	0	38.90	0	0.22	0	0.000160	0	2.53	0	7.7946	0	7.4822	0
0564SoOcn	1	C	02/23/2016	12:39	82.466	-63.497		110.10	0	1.5960	0	34.4900	0	27.594	0	176.3	0	51.2	0		8	0.20	0	0.000142	0	2.53	0	7.7950	0	7.4821	0
0564SoOcn	1	C	02/23/2016	12:39	82.466	-63.497		108.00	0	1.5640	0	34.4840	0	27.591	0	177.6	0	51.5	0		8	0.23	0	0.000151	0	2.51	0	7.7964	0	7.4826	0
0564SoOcn	1	C	02/23/2016	12:39	82.466	-63.497		106.00	0	1.5560	0	34.4820	0	27.590	0	178.4	0	51.7	0		8	0.26	0	0.000147	0	2.48	0	7.7977	0	7.4837	0
0564SoOcn	1	C	02/23/2016	12:39	82.466	-63.497		104.00	0	1.5190	0	34.4750	0	27.587	0	179.3	0	51.9	0		8	0.29	0	0.000167	0	2.50	0	7.7978	0	7.4834	0
0564SoOcn	1	C	02/23/2016	12:39	82.466	-63.497		102.00	0	1.4840	0	34.4670	0	27.584	0	180.5	0	52.2	0	38.60	0	0.26	0	0.000151	0	2.49	0	7.7997	0	7.4844	0
0564SoOcn	1	C	02/23/2016	12:39	82.466	-63.497		100.00	0	1.4330	0	34.4530	0	27.576	0	182.2	0	52.6	0		8	0.33	0	0.000154	0	2.45	0	7.8016	0	7.4855	0
0564SoOcn	1	C	02/23/2016	12:39	82.466	-63.497		98.00	0	1.3540	0	34.4380	0	27.570	0	184.6	0	53.2	0		8	0.30	0	0.000154	0	2.41	0	7.8041	0	7.4870	0
0564SoOcn	1	C	02/23/2016	12:39	82.466	-63.497		96.00	0	1.2110	0	34.4190	0	27.564	0	188.0	0	54.0	0	38.40	0	0.36	0	0.000212	0	2.39	0	7.8107	0	7.4910	0
0564SoOcn	1	C	02/23/2016	12:39	82.466	-63.497		94.00	0	1.1270	0	34.4050	0	27.559	0	191.6	0	54.9	0		8	0.39	0	0.000173	0	2.39	0	7.8171	0	7.4955	0
0564SoOcn	1	C	02/23/2016	12:39	82.466	-63.497		92.00	0	1.0550	0	34.3930	0	27.554	0	195.3	0	55.9	0	38.10	0	0.45	0	0.000182	0	2.37	0	7.8208	0	7.4979	0
0564SoOcn	1	C	02/23/2016	12:39	82.466	-63.497		90.00	0	0.9380	0	34.3760	0	27.548	0	199.6	0	56.9	0		8	0.27	0	0.000163	0	2.36	0	7.8259	0	7.5010	0
0564SoOcn	1	C	02/23/2016	12:39	82.466	-63.497		88.00	0	0.8100	0	34.3520	0	27.537	0	204.1	0	58.0	0		8	0.35	0	0.000199	0	2.31	0	7.8338	0	7.5064	0
0564SoOcn	1	C	02/23/2016	12:39	82.466	-63.497		86.00	0	0.6790	0	34.3300	0	27.527	0	209.3	0	59.3	0	37.40	0	0.40	0	0.000185	0	2.30	0	7.8388	0	7.5095	0
0564SoOcn	1	C	02/23/2016	12:39	82.466	-63.497		84.00	0	0.5610	0	34.3130	0	27.520	0	215.0	0	60.7	0		8	0.31	0	0.000213	0	2.29	0	7.8472	0	7.5152	0
0564SoOcn	1	C	02/23/2016	12:39	82.466	-63.497		82.00	0	0.4790	0	34.2980	0	27.513	0	219.7	0	61.9	0		8	0.38	0	0.000204	0	2.28	0	7.8515	0	7.5180	0
0564SoOcn	1	C	02/23/2016	12:39	82.466	-63.497		80.00	0	0.3140	0	34.2750	0	27.504	0	225.1	0	63.1	0	37.00	0	0.33	0	0.000240	0	2.24	0	7.8597	0	7.5236	0
0564SoOcn	1	C	02/23/2016	12:39	82.466	-63.497		78.00	0	0.1960	0	34.2540	0	27.494	0	230.9	0	64.5	0		8	0.51	0	0.000206	0	2.22	0	7.8690	0	7.5300	0
0564SoOcn	1	C	02/23/2016	12:39	82.466	-63.497		76.00	0	0.1250	0	34.2340	0	27.481	0	236.7	0	66.0	0	36.30	0	0.93	0	0.000299	0	2.20	0	7.8734	0	7.5330	0
0564SoOcn	1	C	02/23/2016	12:39	82.466	-63.497		74.00	0	-0.0110	0	34.2090	0	27.468	0	243.1	0	67.6	0		8	0.71	0	0.000295	0	2.17	0	7.8827	0	7.5398	0
0564SoOcn	1	C	02/23/2016	12:39	82.466	-63.497		72.00	0	-0.1750	0	34.1730	0	27.447	0	250.2	0	69.2	0	35.60	0	0.56	0	0.000222	0	2.16	0	7.8908	0	7.5452	0
0564SoOcn	1	C	02/23/2016	12:39	82.466	-63.497		70.00	0	-0.4430	0	34.1010	0	27.402	0	263.4	0	72.3	0		8	1.26	0	0.000363	0	2.07	0	7.9096	0	7.5589	0
0564SoOcn	1	C	02/23/2016	12:39	82.466	-63.497		68.00	0	-0.5170	0	34.0400	0	27.356	0	278.8	0	76.4	0		8	1.54	0	0.000324	0	2.06	0	7.9316	0	7.5772	0
0564SoOcn	1	C	02/23/2016	12:39	82.466	-63.497		66.00	0	-0.4710	0	33.9950	0	27.317	0	292.3	0	80.1	0	33.70	0	1.47	0	0.000402	0	2.01	0	7.9464	0	7.5911	0
0564SoOcn	1	C	02/23/2016	12:39	82.466	-63.497		64.00	0	-0.3540	0	33.9720	0	27.293	0	301.6	0	82.9	0		8	1.87	0	0.000462	0	2.00	0	7.9521	0	7.5974	0
0564SoOcn	1	C	02/23/2016	12:39	82.466	-63.497		62.00	0	0.2860	0	33.8720	0	27.181	0	309.4	0	86.5	0	31.20	0	3.09	0	0.000671	0	1.90	0	7.9691	0	7.6202	0
0564SoOcn	1	C	02/23/2016	12:39	82.466	-63.497		60.10	0	0.7290	0	33.8240	0	27.117	0	320.3	0	90.5	0		8	3.65	0	0.000862	0	1.85	0	7.9858	0	7.6420	0
0564SoOcn	1	C	02/23/2016	12:39	82.466	-63.497		58.00	0	0.9490	0	33.7970	0	27.081	0	328.2	0	93.2	0		8	4.24	0	0.000904	0	1.84	0	7.9981	0	7.6564	0
0564SoOcn	1	C	02/23/2016	12:39	82.466	-63.497		55.90	0	1.2210	0	33.7540	0	27.029	0	334.4	0	95.6	0	28.90	0	5.63	0	0.001216	0	1.82	0	8.0151	0	7.6758	0
0564SoOcn	1	C	02/23/2016	12:39	82.466	-63.497		53.90	0	1.2510	0	33.7530	0	27.026	0	339.3	0	97.1	0		8	5.02	0	0.001124	0	1.80	0	8.0220	0	7.6829	0
0564SoOcn	1	C	02/23/2016	12:39	82.466	-63.497		52.00	0	1.2600	0	33.7520	0	27.025	0	341.7	0	97.8	0	27.80	0	4.80	0	0.000860	0	1.81	0	8.0245	0	7.6854	0
0564SoOcn	1	C	02/23/2016	12:39	82.466	-63.497		50.00	0	1.2670	0	33.7510	0	27.024	0	343.2	0	98.3	0		8	4.88	0	0.000923	0	1.80	0	8.0257	0	7.6866	0
0564SoOcn	1	C	02/23/2016	12:39	82.466	-63.497		48.00	0	1.2690	0	33.7510	0	27.024	0	344.1	0	98.5	0		8	5.28	0	0.001192	0	1.81	0	8.0270	0	7.6878	0
0564SoOcn	1	C	02/23/2016	12:39	82.466	-63.497		46.00	0	1.2680	0	33.7510	0	27.024	0	344.5	0	98.7	0	27.60	0	5.40	0	0.001240	0	1.81	0	8.0274	0	7.6881	0
0564SoOcn	1	C	02/23/2016	12:39	82.466	-63.497		43.90	0	1.2680	0	33.7510	0	27.024	0	344.8	0	98.7	0		8	5.81	0	0.001093	0	1.80	0	8.0282	0	7.6887	0
0564SoOcn	1	C	02/23/2016	12:39	82.466	-63.497		42.00	0	1.2680	0	33.7510	0	27.024	0	344.9	0	98.8	0	27.70	0	6.02	0	0.001276	0	1.80	0	8.0280	0	7.6885	0
0564SoOcn	1	C	02/23/2016	12:39	82.466	-63.497		40.00	0	1.2670	0	33.7510	0	27.024	0	345.0	0	98.8	0		8	5.94	0	0.001209	0	1.81	0	8.0289	0	7.6893	0
0564SoOcn	1	C	02/23/2016	12:39	82.466	-63.497		38.00	0	1.2670	0	33.7510	0	27.024	0	345.0	0	98.8	0		8	7.09	0	0.001031	0	1.81	0	8.0285	0	7.6889	0
0564SoOcn	1	C	02/23/2016	12:39	82.466	-63.497		36.00	0	1.2670	0	33.7510	0	27.024	0	345.2	0	98.8	0	27.80	0	5.63	0	0.001457	0	1.81	0	8.0285	0	7.6888	0
0564SoOcn	1	C	02/23/2016	12:39	82.466	-63.497		34.00	0	1.2670	0	33.7510	0	27.024	0	345.1	0	98.8	0		8	5.38	0	0.001161	0	1.80	0	8.0283	0	7.6886	0
0564SoOcn	1	C	02/23/2016	12:39	82.466	-63.497		32.00	0	1.2660	0	33.7510	0	27.024	0	345.2	0	98.8	0	27.80	0	4.87	0	0.001022	0	1.81	0	8.0293	0	7.6894	0
0564SoOcn	1	C	02/23/2016	12:39	82.466	-63.497		30.00	0	1.2650	0	33.7520	0	27.025	0	345.1	0	98.8	0		8	5.34	0	0.000995	0	1.79	0	8.0287	0	7.6888	0
0564SoOcn	1	C	02/23/2016	12:39	82.466	-63.497		28.00	0	1.2660	0	33.7510	0	27.024	0	345.2	0	98.8	0		8	6.14	0	0.001111	0	1.80	0	8.0286	0	7.6886	0
0564SoOcn	1	C	02/23/2016	12:39	82.466	-63.497		26.00	0	1.2680	0	33.7510	0	27.024	0	345.2	0	98.8	0	27.70	0	4.88	0	0.001098	0	1.81	0	8.0294	0	7.6893	0
0564SoOcn	1	C	02/23/2016	12:39	82.466	-63.497		24.00	0	1.2680	0	33.7500	0	27.023	0	345.3	0	98.9	0		8	5.90	0	0.001216	0	1.81	0	8.0296	0	7.6894	0
0564SoOcn	1	C	02/23/2016	12:39	82.466	-63.497		22.00	0	1.2690	0	33.7500	0	27.023	0	345.3	0	98.9	0	27.60	0	5.36	0	0.001262	0	1.78	0	8.0294	0	7.6892	0
0564SoOcn	1	C	02/23/2016	12:39	82.466	-63.497		20.00	0	1.2710	0	33.7500	0	27.023	0	345.3	0	98.9	0		8	4.89	0	0.001068	0	1.80	0	8.0304	0	7.6901	0
0564SoOcn	1	C	02/23/2016	12:39	82.466	-63.497		18.00	0	1.2700	0	33.7500	0	27.023	0	345.4	0	98.9	0		8	5.12	0	0.001135	0	1.79	0	8.0304	0	7.6900	0
0564SoOcn	1	C	02/23/2016	12:39	82.466	-63.497		16.10	0	1.2700	0	33.7500	0	27.023	0	345.3	0	98.9	0	27.60	0	4.56	0	0.000956	0	1.80	0	8.0306	0	7.6901	0
0564SoOcn	1	C	02/23/2016	12:39	82.466	-63.497		14.00	0	1.2700	0	33.7500	0	27.023	0	345.4	0	98.9	0		8	5.13	0	0.001000	0	1.83	0	8.0301	0	7.6896	0
0564SoOcn	1	C	02/23/2016	12:39	82.466	-63.497		12.00	0	1.2690	0	33.7500	0	27.023	0	345.6	0	98.9	0		8	4.87	0	0.001052	0	1.78	0	8.0311	0	7.6904	0
0564SoOcn	1	C	02/23/2016	12:39	82.466	-63.497		9.90	0	1.2700	0	33.7500	0	27.023	0	345.4	0	98.9	0	27.70	0	4.39	0	0.001203	0	1.80	0	8.0308	0	7.6901	0
0564SoOcn	1	C	02/23/2016	12:39	82.466	-63.497		8.00	0	1.2700	0	33.7500	0	27.023	0	345.5	0	98.9	0	27.60	0	4.54	0	0.000956	0	1.80	0	8.0311	0	7.6903	0
0564SoOcn	1	C	02/23/2016	12:39	82.466	-63.497		6.00	0	1.2710	0	33.7500	0	27.023	0	345.6	0	99.0	0		8	5.03	0	0.001001	0	1.78	0	8.0324	0	7.6915	0
0564SoOcn	1	C	02/23/2016	12:39	82.466	-63.497		4.00	0	1.2710	0	33.7500	0	27.023	0	345.6	0	99.0	0		8	3.87	0	0.001079	0	1.78	0	8.0326	0	7.6916	0
0564SoOcn	1	C	02/23/2016	12:39	82.466	-63.497		2.80	0	1.2710	0	33.7500	0	27.023	0		8		8		8	4.21	0	0.001053	0	1.81	0	8.0326	0	7.6915	0
0564SoOcn	1	C	02/23/2016	12:39	82.466	-63.497																									
0564SoOcn	2	C	03/04/2016	08:14	82.631	-63.707		433.70	0	1.9710	0	34.6950	0	27.730	0	187.5	0	55.0	0		8	0.03	0	0.000121	0	2.75	0	7.8736	0	7.5696	0
0564SoOcn	2	C	03/04/2016	08:14	82.631	-63.707		432.10	0	1.9720	0	34.6950	0	27.730	0	182.5	0	53.6	0		8	0.04	0	0.000116	0	2.75	0	7.8743	0	7.5702	0
0564SoOcn	2	C	03/04/2016	08:14	82.631	-63.707		430.10	0	1.9720	0	34.6950	0	27.730	0	181.5	0	53.3	0		8	0.03	0	0.000108	0	2.74	0	7.8740	0	7.5698	0
0564SoOcn	2	C	03/04/2016	08:14	82.631	-63.707		428.00	0	1.9730	0	34.6940	0	27.729	0	181.1	0	53.1	0		8	0.03	0	0.000109	0	2.74	0	7.8739	0	7.5697	0
0564SoOcn	2	C	03/04/2016	08:14	82.631	-63.707		426.00	0	1.9740	0	34.6940	0	27.729	0	180.8	0	53.1	0		8	0.03	0	0.000114	0	2.74	0	7.8738	0	7.5695	0
0564SoOcn	2	C	03/04/2016	08:14	82.631	-63.707		424.00	0	1.9750	0	34.6930	0	27.728	0	180.6	0	53.0	0		8	0.03	0	0.000109	0	2.75	0	7.8729	0	7.5687	0
0564SoOcn	2	C	03/04/2016	08:14	82.631	-63.707		422.00	0	1.9760	0	34.6930	0	27.728	0	180.4	0	52.9	0		8	0.03	0	0.000114	0	2.75	0	7.8724	0	7.5682	0
0564SoOcn	2	C	03/04/2016	08:14	82.631	-63.707		420.00	0	1.9760	0	34.6920	0	27.727	0	180.3	0	52.9	0		8	0.04	0	0.000107	0	2.72	0	7.8716	0	7.5673	0
0564SoOcn	2	C	03/04/2016	08:14	82.631	-63.707		418.00	0	1.9770	0	34.6910	0	27.726	0	180.1	0	52.9	0		8	0.03	0	0.000106	0	2.72	0	7.8705	0	7.5663	0
0564SoOcn	2	C	03/04/2016	08:14	82.631	-63.707		416.00	0	1.9770	0	34.6910	0	27.726	0	180.0	0	52.8	0		8	0.03	0	0.000116	0	2.73	0	7.8700	0	7.5658	0
0564SoOcn	2	C	03/04/2016	08:14	82.631	-63.707		414.00	0	1.9770	0	34.6900	0	27.725	0	179.8	0	52.8	0		8	0.04	0	0.000108	0	2.72	0	7.8696	0	7.5653	0
0564SoOcn	2	C	03/04/2016	08:14	82.631	-63.707		412.00	0	1.9780	0	34.6900	0	27.725	0	179.7	0	52.7	0		8	0.04	0	0.000108	0	2.72	0	7.8699	0	7.5656	0
0564SoOcn	2	C	03/04/2016	08:14	82.631	-63.707		410.00	0	1.9790	0	34.6890	0	27.724	0	179.6	0	52.7	0		8	0.04	0	0.000107	0	2.72	0	7.8685	0	7.5642	0
0564SoOcn	2	C	03/04/2016	08:14	82.631	-63.707		408.00	0	1.9810	0	34.6880	0	27.723	0	179.4	0	52.6	0		8	0.03	0	0.000107	0	2.72	0	7.8676	0	7.5633	0
0564SoOcn	2	C	03/04/2016	08:14	82.631	-63.707		406.00	0	1.9820	0	34.6870	0	27.722	0	179.2	0	52.6	0		8	0.04	0	0.000106	0	2.72	0	7.8678	0	7.5635	0
0564SoOcn	2	C	03/04/2016	08:14	82.631	-63.707		404.00	0	1.9830	0	34.6870	0	27.722	0	179.1	0	52.6	0		8	0.04	0	0.000108	0	2.73	0	7.8683	0	7.5639	0
0564SoOcn	2	C	03/04/2016	08:14	82.631	-63.707		402.00	0	1.9840	0	34.6870	0	27.722	0	179.0	0	52.5	0	35.50	0	0.04	0	0.000109	0	2.72	0	7.8676	0	7.5632	0
0564SoOcn	2	C	03/04/2016	08:14	82.631	-63.707		400.00	0	1.9850	0	34.6860	0	27.721	0	178.9	0	52.5	0		8	0.04	0	0.000110	0	2.74	0	7.8666	0	7.5622	0
0564SoOcn	2	C	03/04/2016	08:14	82.631	-63.707		398.00	0	1.9860	0	34.6860	0	27.721	0	178.8	0	52.5	0		8	0.04	0	0.000112	0	2.73	0	7.8668	0	7.5623	0
0564SoOcn	2	C	03/04/2016	08:14	82.631	-63.707		396.00	0	1.9850	0	34.6850	0	27.721	0	178.7	0	52.4	0		8	0.03	0	0.000109	0	2.73	0	7.8655	0	7.5611	0
0564SoOcn	2	C	03/04/2016	08:14	82.631	-63.707		394.00	0	1.9850	0	34.6840	0	27.720	0	178.5	0	52.4	0		8	0.04	0	0.000108	0	2.73	0	7.8654	0	7.5609	0
0564SoOcn	2	C	03/04/2016	08:14	82.631	-63.707		392.00	0	1.9860	0	34.6840	0	27.720	0	178.4	0	52.4	0		8	0.03	0	0.000109	0	2.72	0	7.8659	0	7.5613	0
0564SoOcn	2	C	03/04/2016	08:14	82.631	-63.707		390.00	0	1.9870	0	34.6830	0	27.719	0	178.3	0	52.3	0		8	0.03	0	0.000112	0	2.75	0	7.8646	0	7.5601	0
0564SoOcn	2	C	03/04/2016	08:14	82.631	-63.707		388.00	0	1.9870	0	34.6820	0	27.718	0	178.2	0	52.3	0		8	0.04	0	0.000108	0	2.72	0	7.8646	0	7.5601	0
0564SoOcn	2	C	03/04/2016	08:14	82.631	-63.707		386.00	0	1.9870	0	34.6820	0	27.718	0	178.0	0	52.2	0		8	0.04	0	0.000109	0	2.73	0	7.8645	0	7.5598	0
0564SoOcn	2	C	03/04/2016	08:14	82.631	-63.707		384.00	0	1.9880	0	34.6810	0	27.717	0	178.0	0	52.2	0		8	0.04	0	0.000114	0	2.72	0	7.8636	0	7.5590	0
0564SoOcn	2	C	03/04/2016	08:14	82.631	-63.707		382.00	0	1.9890	0	34.6810	0	27.717	0	177.9	0	52.2	0	35.70	0	0.03	0	0.000189	0	2.70	0	7.8627	0	7.5581	0
0564SoOcn	2	C	03/04/2016	08:14	82.631	-63.707		380.00	0	1.9890	0	34.6800	0	27.716	0	177.7	0	52.2	0		8	0.03	0	0.000109	0	2.71	0	7.8631	0	7.5584	0
0564SoOcn	2	C	03/04/2016	08:14	82.631	-63.707		378.00	0	1.9910	0	34.6800	0	27.716	0	177.6	0	52.1	0		8	0.04	0	0.000110	0	2.72	0	7.8625	0	7.5578	0
0564SoOcn	2	C	03/04/2016	08:14	82.631	-63.707		376.00	0	1.9920	0	34.6790	0	27.715	0	177.5	0	52.1	0		8	0.03	0	0.000115	0	2.72	0	7.8613	0	7.5567	0
0564SoOcn	2	C	03/04/2016	08:14	82.631	-63.707		374.00	0	1.9920	0	34.6780	0	27.714	0	177.4	0	52.1	0		8	0.04	0	0.000112	0	2.73	0	7.8618	0	7.5570	0
0564SoOcn	2	C	03/04/2016	08:14	82.631	-63.707		372.00	0	1.9920	0	34.6780	0	27.714	0	177.3	0	52.0	0		8	0.04	0	0.000110	0	2.71	0	7.8607	0	7.5560	0
0564SoOcn	2	C	03/04/2016	08:14	82.631	-63.707		370.00	0	1.9930	0	34.6770	0	27.714	0	177.1	0	52.0	0		8	0.04	0	0.000116	0	2.71	0	7.8610	0	7.5562	0
0564SoOcn	2	C	03/04/2016	08:14	82.631	-63.707		368.00	0	1.9940	0	34.6760	0	27.713	0	177.0	0	51.9	0		8	0.03	0	0.000112	0	2.72	0	7.8598	0	7.5550	0
0564SoOcn	2	C	03/04/2016	08:14	82.631	-63.707		366.00	0	1.9950	0	34.6760	0	27.713	0	176.9	0	51.9	0		8	0.03	0	0.000110	0	2.70	0	7.8598	0	7.5550	0
0564SoOcn	2	C	03/04/2016	08:14	82.631	-63.707		364.00	0	1.9950	0	34.6750	0	27.712	0	176.8	0	51.9	0		8	0.03	0	0.000113	0	2.73	0	7.8586	0	7.5539	0
0564SoOcn	2	C	03/04/2016	08:14	82.631	-63.707		362.00	0	1.9950	0	34.6750	0	27.712	0	176.6	0	51.8	0		8	0.03	0	0.000109	0	2.71	0	7.8589	0	7.5540	0
0564SoOcn	2	C	03/04/2016	08:14	82.631	-63.707		360.00	0	1.9940	0	34.6740	0	27.711	0	176.5	0	51.8	0	35.70	0	0.04	0	0.000111	0	2.74	0	7.8584	0	7.5535	0
0564SoOcn	2	C	03/04/2016	08:14	82.631	-63.707		358.00	0	1.9950	0	34.6730	0	27.710	0	176.4	0	51.8	0		8	0.04	0	0.000111	0	2.73	0	7.8584	0	7.5534	0
0564SoOcn	2	C	03/04/2016	08:14	82.631	-63.707		356.00	0	1.9960	0	34.6720	0	27.709	0	176.3	0	51.7	0		8	0.03	0	0.000118	0	2.72	0	7.8576	0	7.5527	0
0564SoOcn	2	C	03/04/2016	08:14	82.631	-63.707		354.00	0	1.9970	0	34.6710	0	27.708	0	176.1	0	51.7	0		8	0.04	0	0.000127	0	2.73	0	7.8575	0	7.5525	0
0564SoOcn	2	C	03/04/2016	08:14	82.631	-63.707		352.00	0	1.9990	0	34.6700	0	27.707	0	175.9	0	51.6	0	35.90	0	0.04	0	0.000112	0	2.73	0	7.8559	0	7.5510	0
0564SoOcn	2	C	03/04/2016	08:14	82.631	-63.707		350.00	0	2.0040	0	34.6690	0	27.706	0	175.7	0	51.6	0		8	0.04	0	0.000112	0	2.73	0	7.8558	0	7.5510	0
0564SoOcn	2	C	03/04/2016	08:14	82.631	-63.707		348.00	0	2.0030	0	34.6680	0	27.706	0	175.7	0	51.6	0		8	0.04	0	0.000122	0	2.73	0	7.8556	0	7.5507	0
0564SoOcn	2	C	03/04/2016	08:14	82.631	-63.707		346.00	0	2.0020	0	34.6680	0	27.706	0	175.5	0	51.5	0		8	0.04	0	0.000116	0	2.72	0	7.8547	0	7.5498	0
0564SoOcn	2	C	03/04/2016	08:14	82.631	-63.707		344.00	0	2.0030	0	34.6680	0	27.706	0	175.4	0	51.5	0		8	0.03	0	0.000111	0	2.74	0	7.8540	0	7.5491	0
0564SoOcn	2	C	03/04/2016	08:14	82.631	-63.707		342.00	0	2.0040	0	34.6670	0	27.705	0	175.3	0	51.5	0		8	0.03	0	0.000109	0	2.72	0	7.8546	0	7.5496	0
0564SoOcn	2	C	03/04/2016	08:14	82.631	-63.707		340.00	0	2.0050	0	34.6670	0	27.705	0	175.2	0	51.4	0	36.00	0	0.03	0	0.000120	0	2.73	0	7.8546	0	7.5496	0
0564SoOcn	2	C	03/04/2016	08:14	82.631	-63.707		338.00	0	2.0030	0	34.6660	0	27.704	0	175.1	0	51.4	0		8	0.04	0	0.000112	0	2.71	0	7.8537	0	7.5486	0
0564SoOcn	2	C	03/04/2016	08:14	82.631	-63.707		336.00	0	2.0030	0	34.6650	0	27.703	0	175.0	0	51.4	0		8	0.03	0	0.000114	0	2.75	0	7.8532	0	7.5481	0
0564SoOcn	2	C	03/04/2016	08:14	82.631	-63.707		334.00	0	2.0050	0	34.6640	0	27.702	0	174.9	0	51.3	0		8	0.03	0	0.000115	0	2.73	0	7.8530	0	7.5479	0
0564SoOcn	2	C	03/04/2016	08:14	82.631	-63.707		332.00	0	2.0070	0	34.6640	0	27.702	0	174.8	0	51.3	0	36.30	0	0.03	0	0.000112	0	2.72	0	7.8526	0	7.5475	0
0564SoOcn	2	C	03/04/2016	08:14	82.631	-63.707		330.00	0	2.0080	0	34.6630	0	27.701	0	174.7	0	51.3	0		8	0.03	0	0.000110	0	2.71	0	7.8523	0	7.5471	0
0564SoOcn	2	C	03/04/2016	08:14	82.631	-63.707		328.00	0	2.0070	0	34.6630	0	27.701	0	174.7	0	51.3	0		8	0.03	0	0.000113	0	2.71	0	7.8515	0	7.5463	0
0564SoOcn	2	C	03/04/2016	08:14	82.631	-63.707		326.00	0	2.0080	0	34.6620	0	27.700	0	174.5	0	51.2	0		8	0.03	0	0.000115	0	2.71	0	7.8514	0	7.5461	0
0564SoOcn	2	C	03/04/2016	08:14	82.631	-63.707		324.00	0	2.0070	0	34.6600	0	27.699	0	174.5	0	51.2	0		8	0.04	0	0.000114	0	2.72	0	7.8512	0	7.5459	0
0564SoOcn	2	C	03/04/2016	08:14	82.631	-63.707		322.00	0	2.0080	0	34.6600	0	27.699	0	174.4	0	51.2	0	36.40	0	0.04	0	0.000113	0	2.72	0	7.8507	0	7.5454	0
0564SoOcn	2	C	03/04/2016	08:14	82.631	-63.707		320.00	0	2.0040	0	34.6590	0	27.698	0	174.3	0	51.2	0		8	0.04	0	0.000113	0	2.75	0	7.8507	0	7.5453	0
0564SoOcn	2	C	03/04/2016	08:14	82.631	-63.707		318.00	0	2.0000	0	34.6570	0	27.697	0	174.2	0	51.1	0		8	0.04	0	0.000115	0	2.73	0	7.8489	0	7.5435	0
0564SoOcn	2	C	03/04/2016	08:14	82.631	-63.707		316.00	0	2.0010	0	34.6560	0	27.696	0	173.9	0	51.1	0		8	0.04	0	0.000113	0	2.73	0	7.8485	0	7.5431	0
0564SoOcn	2	C	03/04/2016	08:14	82.631	-63.707		314.00	0	2.0010	0	34.6560	0	27.696	0	173.8	0	51.0	0		8	0.04	0	0.000130	0	2.72	0	7.8477	0	7.5423	0
0564SoOcn	2	C	03/04/2016	08:14	82.631	-63.707		312.00	0	1.9980	0	34.6550	0	27.695	0	173.7	0	51.0	0	36.40	0	0.04	0	0.000123	0	2.71	0	7.8479	0	7.5424	0
0564SoOcn	2	C	03/04/2016	08:14	82.631	-63.707		310.00	0	1.9940	0	34.6540	0	27.695	0	173.6	0	50.9	0		8	0.04	0	0.000118	0	2.71	0	7.8467	0	7.5412	0
0564SoOcn	2	C	03/04/2016	08:14	82.631	-63.707		308.00	0	1.9940	0	34.6530	0	27.694	0	173.4	0	50.9	0		8	0.04	0	0.000116	0	2.72	0	7.8463	0	7.5408	0
0564SoOcn	2	C	03/04/2016	08:14	82.631	-63.707		306.00	0	1.9950	0	34.6530	0	27.694	0	173.3	0	50.9	0		8	0.04	0	0.000119	0	2.73	0	7.8457	0	7.5401	0
0564SoOcn	2	C	03/04/2016	08:14	82.631	-63.707		304.00	0	1.9950	0	34.6530	0	27.694	0	173.2	0	50.8	0		8	0.03	0	0.000116	0	2.72	0	7.8447	0	7.5391	0
0564SoOcn	2	C	03/04/2016	08:14	82.631	-63.707		302.00	0	1.9960	0	34.6520	0	27.693	0	173.1	0	50.8	0	36.50	0	0.04	0	0.000117	0	2.72	0	7.8452	0	7.5395	0
0564SoOcn	2	C	03/04/2016	08:14	82.631	-63.707		300.00	0	1.9970	0	34.6510	0	27.692	0	173.0	0	50.8	0		8	0.04	0	0.000116	0	2.71	0	7.8450	0	7.5394	0
0564SoOcn	2	C	03/04/2016	08:14	82.631	-63.707		298.00	0	1.9970	0	34.6500	0	27.692	0	172.9	0	50.8	0		8	0.04	0	0.000119	0	2.72	0	7.8446	0	7.5389	0
0564SoOcn	2	C	03/04/2016	08:14	82.631	-63.707		296.00	0	1.9990	0	34.6490	0	27.691	0	172.8	0	50.7	0		8	0.04	0	0.000121	0	2.73	0	7.8438	0	7.5381	0
0564SoOcn	2	C	03/04/2016	08:14	82.631	-63.707		294.00	0	1.9970	0	34.6480	0	27.690	0	172.7	0	50.7	0		8	0.03	0	0.000118	0	2.73	0	7.8437	0	7.5380	0
0564SoOcn	2	C	03/04/2016	08:14	82.631	-63.707		292.00	0	1.9910	0	34.6460	0	27.689	0	172.7	0	50.7	0	36.70	0	0.04	0	0.000121	0	2.70	0	7.8425	0	7.5367	0
0564SoOcn	2	C	03/04/2016	08:14	82.631	-63.707		290.00	0	1.9920	0	34.6460	0	27.689	0	172.5	0	50.6	0		8	0.04	0	0.000116	0	2.73	0	7.8417	0	7.5359	0
0564SoOcn	2	C	03/04/2016	08:14	82.631	-63.707		288.00	0	2.0010	0	34.6460	0	27.688	0	172.4	0	50.6	0		8	0.04	0	0.000116	0	2.72	0	7.8419	0	7.5361	0
0564SoOcn	2	C	03/04/2016	08:14	82.631	-63.707		286.00	0	2.0030	0	34.6440	0	27.686	0	172.3	0	50.6	0		8	0.04	0	0.000118	0	2.71	0	7.8420	0	7.5361	0
0564SoOcn	2	C	03/04/2016	08:14	82.631	-63.707		284.00	0	2.0030	0	34.6420	0	27.685	0	172.2	0	50.5	0		8	0.04	0	0.000121	0	2.72	0	7.8418	0	7.5359	0
0564SoOcn	2	C	03/04/2016	08:14	82.631	-63.707		282.00	0	2.0030	0	34.6410	0	27.684	0	172.0	0	50.5	0	36.90	0	0.04	0	0.000122	0	2.73	0	7.8412	0	7.5353	0
0564SoOcn	2	C	03/04/2016	08:14	82.631	-63.707		280.00	0	2.0010	0	34.6400	0	27.683	0	171.9	0	50.5	0		8	0.04	0	0.000117	0	2.72	0	7.8405	0	7.5346	0
0564SoOcn	2	C	03/04/2016	08:14	82.631	-63.707		278.00	0	1.9910	0	34.6380	0	27.682	0	171.8	0	50.4	0		8	0.04	0	0.000116	0	2.71	0	7.8394	0	7.5335	0
0564SoOcn	2	C	03/04/2016	08:14	82.631	-63.707		276.00	0	1.9900	0	34.6370	0	27.682	0	171.6	0	50.4	0		8	0.04	0	0.000120	0	2.72	0	7.8384	0	7.5324	0
0564SoOcn	2	C	03/04/2016	08:14	82.631	-63.707		274.00	0	1.9880	0	34.6360	0	27.681	0	171.5	0	50.3	0		8	0.04	0	0.000120	0	2.71	0	7.8378	0	7.5317	0
0564SoOcn	2	C	03/04/2016	08:14	82.631	-63.707		272.00	0	1.9890	0	34.6350	0	27.680	0	171.4	0	50.3	0	37.10	0	0.04	0	0.000118	0	2.71	0	7.8370	0	7.5310	0
0564SoOcn	2	C	03/04/2016	08:14	82.631	-63.707		270.00	0	1.9880	0	34.6340	0	27.679	0	171.3	0	50.3	0		8	0.04	0	0.000128	0	2.72	0	7.8363	0	7.5303	0
0564SoOcn	2	C	03/04/2016	08:14	82.631	-63.707		268.00	0	1.9890	0	34.6340	0	27.679	0	171.2	0	50.2	0		8	0.04	0	0.000118	0	2.71	0	7.8362	0	7.5300	0
0564SoOcn	2	C	03/04/2016	08:14	82.631	-63.707		266.00	0	1.9960	0	34.6330	0	27.678	0	171.1	0	50.2	0		8	0.04	0	0.000185	0	2.70	0	7.8359	0	7.5298	0
0564SoOcn	2	C	03/04/2016	08:14	82.631	-63.707		264.00	0	2.0020	0	34.6330	0	27.678	0	170.9	0	50.2	0		8	0.05	0	0.000119	0	2.71	0	7.8355	0	7.5295	0
0564SoOcn	2	C	03/04/2016	08:14	82.631	-63.707		262.00	0	2.0060	0	34.6330	0	27.677	0	170.9	0	50.2	0	37.10	0	0.04	0	0.000120	0	2.73	0	7.8357	0	7.5297	0
0564SoOcn	2	C	03/04/2016	08:14	82.631	-63.707		260.00	0	2.0070	0	34.6310	0	27.676	0	170.8	0	50.1	0		8	0.04	0	0.000119	0	2.72	0	7.8349	0	7.5289	0
0564SoOcn	2	C	03/04/2016	08:14	82.631	-63.707		258.00	0	2.0080	0	34.6310	0	27.675	0	170.7	0	50.1	0		8	0.04	0	0.000116	0	2.71	0	7.8345	0	7.5285	0
0564SoOcn	2	C	03/04/2016	08:14	82.631	-63.707		256.00	0	2.0080	0	34.6290	0	27.674	0	170.6	0	50.1	0		8	0.04	0	0.000133	0	2.71	0	7.8341	0	7.5280	0
0564SoOcn	2	C	03/04/2016	08:14	82.631	-63.707		254.00	0	2.0050	0	34.6270	0	27.672	0	170.6	0	50.1	0		8	0.04	0	0.000123	0	2.72	0	7.8339	0	7.5277	0
0564SoOcn	2	C	03/04/2016	08:14	82.631	-63.707		252.00	0	1.9770	0	34.6230	0	27.672	0	170.5	0	50.0	0		8	0.04	0	0.000117	0	2.72	0	7.8335	0	7.5271	0
0564SoOcn	2	C	03/04/2016	08:14	82.631	-63.707		250.00	0	1.9660	0	34.6210	0	27.671	0	170.6	0	50.0	0	37.30	0	0.04	0	0.000121	0	2.72	0	7.8320	0	7.5254	0
0564SoOcn	2	C	03/04/2016	08:14	82.631	-63.707		248.00	0	1.9720	0	34.6190	0	27.669	0	170.5	0	50.0	0		8	0.04	0	0.000141	0	2.71	0	7.8314	0	7.5248	0
0564SoOcn	2	C	03/04/2016	08:14	82.631	-63.707		246.00	0	1.9740	0	34.6190	0	27.669	0	170.3	0	49.9	0		8	0.04	0	0.000126	0	2.71	0	7.8299	0	7.5234	0
0564SoOcn	2	C	03/04/2016	08:14	82.631	-63.707		244.00	0	1.9870	0	34.6190	0	27.668	0	170.1	0	49.9	0		8	0.04	0	0.000125	0	2.71	0	7.8302	0	7.5238	0
0564SoOcn	2	C	03/04/2016	08:14	82.631	-63.707		242.00	0	1.9790	0	34.6170	0	27.667	0	170.0	0	49.9	0	37.50	0	0.04	0	0.000122	0	2.72	0	7.8290	0	7.5226	0
0564SoOcn	2	C	03/04/2016	08:14	82.631	-63.707		240.00	0	1.9640	0	34.6150	0	27.666	0	170.1	0	49.9	0		8	0.04	0	0.000120	0	2.72	0	7.8295	0	7.5227	0
0564SoOcn	2	C	03/04/2016	08:14	82.631	-63.707		238.00	0	1.9610	0	34.6140	0	27.666	0	170.1	0	49.9	0		8	0.04	0	0.000124	0	2.73	0	7.8290	0	7.5222	0
0564SoOcn	2	C	03/04/2016	08:14	82.631	-63.707		236.00	0	1.9440	0	34.6110	0	27.664	0	170.3	0	49.9	0		8	0.04	0	0.000123	0	2.71	0	7.8290	0	7.5219	0
0564SoOcn	2	C	03/04/2016	08:14	82.631	-63.707		234.00	0	1.9390	0	34.6080	0	27.662	0	170.4	0	49.9	0		8	0.04	0	0.000121	0	2.73	0	7.8282	0	7.5210	0
0564SoOcn	2	C	03/04/2016	08:14	82.631	-63.707		232.00	0	1.8980	0	34.6040	0	27.662	0	170.8	0	50.0	0		8	0.04	0	0.000123	0	2.70	0	7.8283	0	7.5205	0
0564SoOcn	2	C	03/04/2016	08:14	82.631	-63.707		230.00	0	1.9140	0	34.6030	0	27.660	0	171.0	0	50.1	0	37.60	0	0.04	0	0.000121	0	2.72	0	7.8281	0	7.5204	0
0564SoOcn	2	C	03/04/2016	08:14	82.631	-63.707		228.00	0	1.9220	0	34.6030	0	27.660	0	171.0	0	50.1	0		8	0.04	0	0.000124	0	2.69	0	7.8276	0	7.5200	0
0564SoOcn	2	C	03/04/2016	08:14	82.631	-63.707		226.00	0	1.9300	0	34.6030	0	27.659	0	170.8	0	50.0	0		8	0.04	0	0.000293	0	2.69	0	7.8275	0	7.5199	0
0564SoOcn	2	C	03/04/2016	08:14	82.631	-63.707		224.00	0	1.9310	0	34.6030	0	27.659	0	170.7	0	50.0	0		8	0.04	0	0.000123	0	2.71	0	7.8270	0	7.5194	0
0564SoOcn	2	C	03/04/2016	08:14	82.631	-63.707		222.00	0	1.9380	0	34.6030	0	27.659	0	170.6	0	50.0	0	37.60	0	0.04	0	0.000144	0	2.72	0	7.8264	0	7.5188	0
0564SoOcn	2	C	03/04/2016	08:14	82.631	-63.707		220.00	0	1.9560	0	34.6040	0	27.658	0	170.3	0	49.9	0		8	0.04	0	0.000121	0	2.70	0	7.8256	0	7.5183	0
0564SoOcn	2	C	03/04/2016	08:14	82.631	-63.707		218.00	0	1.9700	0	34.6040	0	27.657	0	169.9	0	49.8	0		8	0.05	0	0.000125	0	2.71	0	7.8249	0	7.5178	0
0564SoOcn	2	C	03/04/2016	08:14	82.631	-63.707		216.00	0	1.9630	0	34.6030	0	27.657	0	169.7	0	49.7	0		8	0.04	0	0.000133	0	2.70	0	7.8243	0	7.5172	0
0564SoOcn	2	C	03/04/2016	08:14	82.631	-63.707		214.00	0	1.9710	0	34.6020	0	27.655	0	169.6	0	49.7	0		8	0.04	0	0.000195	0	2.70	0	7.8241	0	7.5169	0
0564SoOcn	2	C	03/04/2016	08:14	82.631	-63.707		212.00	0	1.9870	0	34.6010	0	27.653	0	169.3	0	49.7	0	37.80	0	0.04	0	0.000122	0	2.69	0	7.8230	0	7.5161	0
0564SoOcn	2	C	03/04/2016	08:14	82.631	-63.707		210.00	0	1.9930	0	34.6000	0	27.652	0	169.1	0	49.6	0		8	0.04	0	0.000119	0	2.71	0	7.8227	0	7.5158	0
0564SoOcn	2	C	03/04/2016	08:14	82.631	-63.707		208.00	0	1.9940	0	34.5980	0	27.650	0	168.9	0	49.5	0		8	0.04	0	0.000126	0	2.71	0	7.8224	0	7.5156	0
0564SoOcn	2	C	03/04/2016	08:14	82.631	-63.707		206.00	0	1.9920	0	34.5960	0	27.649	0	168.8	0	49.5	0		8	0.04	0	0.000148	0	2.71	0	7.8219	0	7.5150	0
0564SoOcn	2	C	03/04/2016	08:14	82.631	-63.707		204.00	0	1.9890	0	34.5940	0	27.647	0	168.7	0	49.5	0		8	0.04	0	0.000128	0	2.71	0	7.8216	0	7.5146	0
0564SoOcn	2	C	03/04/2016	08:14	82.631	-63.707		202.00	0	1.9860	0	34.5930	0	27.647	0	168.6	0	49.4	0	38.00	0	0.06	0	0.000122	0	2.68	0	7.8201	0	7.5131	0
0564SoOcn	2	C	03/04/2016	08:14	82.631	-63.707		200.00	0	1.9780	0	34.5910	0	27.646	0	168.6	0	49.4	0		8	0.04	0	0.000131	0	2.69	0	7.8201	0	7.5130	0
0564SoOcn	2	C	03/04/2016	08:14	82.631	-63.707		198.00	0	1.9700	0	34.5880	0	27.644	0	168.7	0	49.5	0		8	0.04	0	0.000124	0	2.69	0	7.8200	0	7.5127	0
0564SoOcn	2	C	03/04/2016	08:14	82.631	-63.707		196.00	0	1.9550	0	34.5860	0	27.644	0	168.9	0	49.5	0		8	0.04	0	0.000141	0	2.70	0	7.8198	0	7.5123	0
0564SoOcn	2	C	03/04/2016	08:14	82.631	-63.707		194.00	0	1.9590	0	34.5840	0	27.642	0	169.0	0	49.5	0		8	0.08	0	0.000130	0	2.69	0	7.8191	0	7.5116	0
0564SoOcn	2	C	03/04/2016	08:14	82.631	-63.707		192.00	0	1.9710	0	34.5830	0	27.640	0	168.8	0	49.5	0	38.10	0	0.05	0	0.000125	0	2.69	0	7.8176	0	7.5103	0
0564SoOcn	2	C	03/04/2016	08:14	82.631	-63.707		190.00	0	1.9690	0	34.5820	0	27.639	0	168.6	0	49.4	0		8	0.04	0	0.000123	0	2.71	0	7.8174	0	7.5101	0
0564SoOcn	2	C	03/04/2016	08:14	82.631	-63.707		188.00	0	1.9690	0	34.5810	0	27.638	0	168.6	0	49.4	0		8	0.05	0	0.000134	0	2.69	0	7.8170	0	7.5096	0
0564SoOcn	2	C	03/04/2016	08:14	82.631	-63.707		186.00	0	1.9720	0	34.5810	0	27.638	0	168.5	0	49.4	0		8	0.04	0	0.000123	0	2.70	0	7.8170	0	7.5096	0
0564SoOcn	2	C	03/04/2016	08:14	82.631	-63.707		184.00	0	1.9740	0	34.5790	0	27.636	0	168.5	0	49.4	0		8	0.05	0	0.000138	0	2.69	0	7.8167	0	7.5093	0
0564SoOcn	2	C	03/04/2016	08:14	82.631	-63.707		182.00	0	1.9720	0	34.5780	0	27.636	0	168.5	0	49.4	0	38.20	0	0.04	0	0.000122	0	2.70	0	7.8167	0	7.5092	0
0564SoOcn	2	C	03/04/2016	08:14	82.631	-63.707		180.00	0	1.9670	0	34.5760	0	27.635	0	168.5	0	49.4	0		8	0.04	0	0.000125	0	2.72	0	7.8161	0	7.5085	0
0564SoOcn	2	C	03/04/2016	08:14	82.631	-63.707		178.00	0	1.9650	0	34.5730	0	27.632	0	168.5	0	49.4	0		8	0.04	0	0.000125	0	2.68	0	7.8155	0	7.5078	0
0564SoOcn	2	C	03/04/2016	08:14	82.631	-63.707		176.00	0	1.9650	0	34.5720	0	27.632	0	168.6	0	49.4	0		8	0.05	0	0.000123	0	2.67	0	7.8156	0	7.5079	0
0564SoOcn	2	C	03/04/2016	08:14	82.631	-63.707		174.00	0	1.9640	0	34.5690	0	27.629	0	168.6	0	49.4	0		8	0.05	0	0.000134	0	2.68	0	7.8152	0	7.5075	0
0564SoOcn	2	C	03/04/2016	08:14	82.631	-63.707		172.00	0	1.9610	0	34.5660	0	27.627	0	168.7	0	49.5	0	38.30	0	0.05	0	0.000134	0	2.68	0	7.8151	0	7.5072	0
0564SoOcn	2	C	03/04/2016	08:14	82.631	-63.707		170.00	0	1.9570	0	34.5640	0	27.626	0	168.8	0	49.5	0		8	0.05	0	0.000129	0	2.68	0	7.8149	0	7.5069	0
0564SoOcn	2	C	03/04/2016	08:14	82.631	-63.707		168.00	0	1.9560	0	34.5630	0	27.625	0	169.0	0	49.5	0		8	0.05	0	0.000155	0	2.67	0	7.8148	0	7.5068	0
0564SoOcn	2	C	03/04/2016	08:14	82.631	-63.707		166.00	0	1.9550	0	34.5620	0	27.624	0	169.0	0	49.5	0		8	0.05	0	0.000132	0	2.68	0	7.8143	0	7.5062	0
0564SoOcn	2	C	03/04/2016	08:14	82.631	-63.707		164.00	0	1.9510	0	34.5610	0	27.624	0	169.1	0	49.5	0		8	0.06	0	0.000195	0	2.68	0	7.8147	0	7.5065	0
0564SoOcn	2	C	03/04/2016	08:14	82.631	-63.707		162.00	0	1.9500	0	34.5600	0	27.623	0	169.1	0	49.5	0	38.20	0	0.05	0	0.000140	0	2.67	0	7.8150	0	7.5066	0
0564SoOcn	2	C	03/04/2016	08:14	82.631	-63.707		160.00	0	1.9500	0	34.5600	0	27.623	0	169.1	0	49.6	0		8	0.04	0	0.000127	0	2.67	0	7.8148	0	7.5064	0
0564SoOcn	2	C	03/04/2016	08:14	82.631	-63.707		158.00	0	1.9490	0	34.5600	0	27.623	0	169.2	0	49.6	0		8	0.05	0	0.000124	0	2.68	0	7.8148	0	7.5063	0
0564SoOcn	2	C	03/04/2016	08:14	82.631	-63.707		156.00	0	1.9470	0	34.5590	0	27.623	0	169.2	0	49.6	0		8	0.05	0	0.000123	0	2.67	0	7.8150	0	7.5064	0
0564SoOcn	2	C	03/04/2016	08:14	82.631	-63.707		154.00	0	1.9460	0	34.5590	0	27.623	0	169.2	0	49.6	0		8	0.06	0	0.000130	0	2.68	0	7.8147	0	7.5060	0
0564SoOcn	2	C	03/04/2016	08:14	82.631	-63.707		152.00	0	1.9450	0	34.5580	0	27.622	0	169.2	0	49.6	0	38.20	0	0.05	0	0.000649	0	2.67	0	7.8144	0	7.5057	0
0564SoOcn	2	C	03/04/2016	08:14	82.631	-63.707		150.00	0	1.9440	0	34.5570	0	27.621	0	169.3	0	49.6	0		8	0.05	0	0.000150	0	2.66	0	7.8142	0	7.5054	0
0564SoOcn	2	C	03/04/2016	08:14	82.631	-63.707		148.00	0	1.9440	0	34.5570	0	27.621	0	169.3	0	49.6	0		8	0.06	0	0.000143	0	2.67	0	7.8142	0	7.5054	0
0564SoOcn	2	C	03/04/2016	08:14	82.631	-63.707		146.00	0	1.9430	0	34.5550	0	27.620	0	169.3	0	49.6	0		8	0.06	0	0.000131	0	2.66	0	7.8141	0	7.5052	0
0564SoOcn	2	C	03/04/2016	08:14	82.631	-63.707		144.00	0	1.9420	0	34.5550	0	27.620	0	169.3	0	49.6	0		8	0.06	0	0.000128	0	2.68	0	7.8136	0	7.5047	0
0564SoOcn	2	C	03/04/2016	08:14	82.631	-63.707		142.00	0	1.9410	0	34.5540	0	27.619	0	169.3	0	49.6	0	38.20	0	0.19	0	0.000149	0	2.65	0	7.8138	0	7.5048	0
0564SoOcn	2	C	03/04/2016	08:14	82.631	-63.707		140.00	0	1.9410	0	34.5540	0	27.619	0	169.3	0	49.6	0		8	0.06	0	0.000129	0	2.69	0	7.8139	0	7.5048	0
0564SoOcn	2	C	03/04/2016	08:14	82.631	-63.707		137.90	0	1.9400	0	34.5530	0	27.618	0	169.3	0	49.6	0		8	0.07	0	0.000126	0	2.65	0	7.8139	0	7.5047	0
0564SoOcn	2	C	03/04/2016	08:14	82.631	-63.707		136.00	0	1.9390	0	34.5530	0	27.618	0	169.3	0	49.6	0		8	0.06	0	0.000137	0	2.67	0	7.8139	0	7.5046	0
0564SoOcn	2	C	03/04/2016	08:14	82.631	-63.707		134.00	0	1.9390	0	34.5520	0	27.618	0	169.4	0	49.6	0		8	0.06	0	0.000126	0	2.67	0	7.8137	0	7.5044	0
0564SoOcn	2	C	03/04/2016	08:14	82.631	-63.707		131.90	0	1.9390	0	34.5520	0	27.618	0	169.4	0	49.6	0	38.50	0	0.07	0	0.000226	0	2.66	0	7.8131	0	7.5037	0
0564SoOcn	2	C	03/04/2016	08:14	82.631	-63.707		130.00	0	1.9380	0	34.5510	0	27.617	0	169.4	0	49.6	0		8	0.07	0	0.000125	0	2.67	0	7.8125	0	7.5031	0
0564SoOcn	2	C	03/04/2016	08:14	82.631	-63.707		128.00	0	1.9370	0	34.5490	0	27.615	0	169.4	0	49.6	0		8	0.38	0	0.000166	0	2.66	0	7.8127	0	7.5032	0
0564SoOcn	2	C	03/04/2016	08:14	82.631	-63.707		126.00	0	1.9220	0	34.5430	0	27.612	0	169.6	0	49.6	0		8	0.08	0	0.000135	0	2.65	0	7.8118	0	7.5022	0
0564SoOcn	2	C	03/04/2016	08:14	82.631	-63.707		124.00	0	1.9110	0	34.5380	0	27.609	0	169.8	0	49.7	0		8	0.09	0	0.000130	0	2.64	0	7.8103	0	7.5005	0
0564SoOcn	2	C	03/04/2016	08:14	82.631	-63.707		122.00	0	1.9000	0	34.5340	0	27.606	0	170.1	0	49.8	0	38.70	0	0.09	0	0.000135	0	2.63	0	7.8098	0	7.5000	0
0564SoOcn	2	C	03/04/2016	08:14	82.631	-63.707		120.00	0	1.8750	0	34.5270	0	27.603	0	170.5	0	49.9	0		8	0.08	0	0.000140	0	2.63	0	7.8090	0	7.4988	0
0564SoOcn	2	C	03/04/2016	08:14	82.631	-63.707		118.00	0	1.8340	0	34.5200	0	27.600	0	171.2	0	50.0	0		8	0.11	0	0.000137	0	2.59	0	7.8093	0	7.4985	0
0564SoOcn	2	C	03/04/2016	08:14	82.631	-63.707		116.00	0	1.8220	0	34.5160	0	27.598	0	171.8	0	50.2	0		8	0.12	0	0.000135	0	2.59	0	7.8091	0	7.4980	0
0564SoOcn	2	C	03/04/2016	08:14	82.631	-63.707		114.00	0	1.8190	0	34.5120	0	27.595	0	172.2	0	50.3	0		8	0.14	0	0.000147	0	2.56	0	7.8089	0	7.4977	0
0564SoOcn	2	C	03/04/2016	08:14	82.631	-63.707		112.00	0	1.8050	0	34.5080	0	27.593	0	172.8	0	50.4	0	38.80	0	0.14	0	0.000142	0	2.59	0	7.8087	0	7.4973	0
0564SoOcn	2	C	03/04/2016	08:14	82.631	-63.707		110.00	0	1.7920	0	34.5050	0	27.591	0	173.2	0	50.5	0		8	0.13	0	0.000140	0	2.57	0	7.8089	0	7.4973	0
0564SoOcn	2	C	03/04/2016	08:14	82.631	-63.707		108.00	0	1.7820	0	34.5020	0	27.590	0	173.7	0	50.7	0		8	0.13	0	0.000137	0	2.55	0	7.8094	0	7.4975	0
0564SoOcn	2	C	03/04/2016	08:14	82.631	-63.707		106.00	0	1.7740	0	34.5000	0	27.589	0	174.1	0	50.8	0		8	0.16	0	0.000182	0	2.55	0	7.8090	0	7.4970	0
0564SoOcn	2	C	03/04/2016	08:14	82.631	-63.707		104.00	0	1.7540	0	34.4940	0	27.585	0	174.5	0	50.8	0		8	0.19	0	0.000306	0	2.55	0	7.8090	0	7.4967	0
0564SoOcn	2	C	03/04/2016	08:14	82.631	-63.707		102.00	0	1.6900	0	34.4860	0	27.584	0	175.3	0	51.0	0		8	0.21	0	0.000158	0	2.53	0	7.8093	0	7.4961	0
0564SoOcn	2	C	03/04/2016	08:14	82.631	-63.707		100.00	0	1.6540	0	34.4800	0	27.582	0	176.3	0	51.2	0	38.80	0	0.34	0	0.000149	0	2.48	0	7.8100	0	7.4961	0
0564SoOcn	2	C	03/04/2016	08:14	82.631	-63.707		98.00	0	1.6200	0	34.4740	0	27.579	0	177.5	0	51.5	0		8	0.31	0	0.000167	0	2.49	0	7.8115	0	7.4970	0
0564SoOcn	2	C	03/04/2016	08:14	82.631	-63.707		96.00	0	1.5930	0	34.4670	0	27.576	0	178.7	0	51.9	0	38.60	0	0.19	0	0.000151	0	2.49	0	7.8122	0	7.4972	0
0564SoOcn	2	C	03/04/2016	08:14	82.631	-63.707		94.00	0	1.5190	0	34.4550	0	27.571	0	180.2	0	52.2	0		8	0.31	0	0.000181	0	2.48	0	7.8139	0	7.4979	0
0564SoOcn	2	C	03/04/2016	08:14	82.631	-63.707		92.00	0	1.4370	0	34.4430	0	27.568	0	182.6	0	52.8	0		8	0.24	0	0.000164	0	2.47	0	7.8180	0	7.5003	0
0564SoOcn	2	C	03/04/2016	08:14	82.631	-63.707		90.00	0	1.3820	0	34.4330	0	27.564	0	185.0	0	53.4	0	38.40	0	0.27	0	0.000167	0	2.46	0	7.8202	0	7.5017	0
0564SoOcn	2	C	03/04/2016	08:14	82.631	-63.707		88.00	0	1.2690	0	34.4190	0	27.560	0	187.9	0	54.1	0		8	0.21	0	0.000166	0	2.44	0	7.8252	0	7.5048	0
0564SoOcn	2	C	03/04/2016	08:14	82.631	-63.707		86.00	0	1.1900	0	34.4070	0	27.556	0	191.0	0	54.8	0	38.10	0	0.32	0	0.000180	0	2.43	0	7.8304	0	7.5083	0
0564SoOcn	2	C	03/04/2016	08:14	82.631	-63.707		84.00	0	1.0670	0	34.3880	0	27.549	0	194.9	0	55.8	0		8	0.26	0	0.000331	0	2.42	0	7.8363	0	7.5120	0
0564SoOcn	2	C	03/04/2016	08:14	82.631	-63.707		82.10	0	0.9270	0	34.3650	0	27.540	0	199.7	0	56.9	0		8	0.26	0	0.000173	0	2.36	0	7.8434	0	7.5165	0
0564SoOcn	2	C	03/04/2016	08:14	82.631	-63.707		80.10	0	0.8330	0	34.3500	0	27.534	0	204.5	0	58.1	0	37.60	0	0.45	0	0.000233	0	2.35	0	7.8490	0	7.5203	0
0564SoOcn	2	C	03/04/2016	08:14	82.631	-63.707		78.00	0	0.6550	0	34.3220	0	27.522	0	209.8	0	59.4	0		8	0.35	0	0.000238	0	2.32	0	7.8575	0	7.5260	0
0564SoOcn	2	C	03/04/2016	08:14	82.631	-63.707		76.00	0	0.5090	0	34.2990	0	27.512	0	216.8	0	61.1	0	37.00	0	0.60	0	0.000316	0	2.28	0	7.8680	0	7.5333	0
0564SoOcn	2	C	03/04/2016	08:14	82.631	-63.707		73.90	0	0.3240	0	34.2680	0	27.498	0	224.5	0	63.0	0		8	0.53	0	0.000219	0	2.26	0	7.8770	0	7.5393	0
0564SoOcn	2	C	03/04/2016	08:14	82.631	-63.707		72.00	0	0.1610	0	34.2410	0	27.485	0	232.8	0	65.0	0	36.00	0	0.51	0	0.000225	0	2.20	0	7.8882	0	7.5470	0
0564SoOcn	2	C	03/04/2016	08:14	82.631	-63.707		70.00	0	-0.1310	0	34.1940	0	27.462	0	242.0	0	67.0	0		8	1.12	0	0.000275	0	2.16	0	7.9013	0	7.5555	0
0564SoOcn	2	C	03/04/2016	08:14	82.631	-63.707		67.90	0	-0.2230	0	34.1630	0	27.442	0	253.3	0	70.0	0		8	0.93	0	0.000270	0	2.15	0	7.9142	0	7.5653	0
0564SoOcn	2	C	03/04/2016	08:14	82.631	-63.707		66.00	0	-0.5140	0	34.1160	0	27.417	0	264.8	0	72.6	0	35.00	0	2.11	0	0.000418	0	2.11	0	7.9275	0	7.5743	0
0564SoOcn	2	C	03/04/2016	08:14	82.631	-63.707		63.90	0	-0.8790	0	34.0820	0	27.405	0	280.6	0	76.2	0		8	3.85	0	0.000604	0	2.08	0	7.9460	0	7.5858	0
0564SoOcn	2	C	03/04/2016	08:14	82.631	-63.707		62.00	0	-0.9500	0	34.0620	0	27.391	0	290.6	0	78.7	0	33.60	0	4.90	0	0.000842	0	2.07	0	7.9515	0	7.5894	0
0564SoOcn	2	C	03/04/2016	08:14	82.631	-63.707		59.90	0	-1.0260	0	34.0370	0	27.374	0	296.9	0	80.2	0		8	4.02	0	0.000787	0	2.05	0	7.9571	0	7.5933	0
0564SoOcn	2	C	03/04/2016	08:14	82.631	-63.707		58.00	0	-0.6790	0	33.9990	0	27.329	0	301.5	0	82.2	0		8	3.98	0	0.000870	0	2.07	0	7.9636	0	7.6028	0
0564SoOcn	2	C	03/04/2016	08:14	82.631	-63.707		56.00	0	-0.1780	0	33.9390	0	27.258	0	308.9	0	85.3	0	32.00	0	5.11	0	0.001156	0	2.03	0	7.9782	0	7.6230	0
0564SoOcn	2	C	03/04/2016	08:14	82.631	-63.707		54.10	0	0.0390	0	33.9260	0	27.237	0	315.1	0	87.5	0		8	3.92	0	0.000863	0	1.99	0	7.9842	0	7.6317	0
0564SoOcn	2	C	03/04/2016	08:14	82.631	-63.707		52.00	0	0.4960	0	33.8740	0	27.171	0	317.6	0	89.2	0	30.40	0	5.14	0	0.001171	0	1.93	0	7.9925	0	7.6449	0
0564SoOcn	2	C	03/04/2016	08:14	82.631	-63.707		50.00	0	0.8660	0	33.8370	0	27.119	0	323.8	0	91.8	0		8	4.54	0	0.001167	0	1.85	0	8.0061	0	7.6627	0
0564SoOcn	2	C	03/04/2016	08:14	82.631	-63.707		48.00	0	1.0220	0	33.8200	0	27.095	0	329.1	0	93.7	0		8	4.49	0	0.001022	0	1.82	0	8.0113	0	7.6696	0
0564SoOcn	2	C	03/04/2016	08:14	82.631	-63.707		46.00	0	1.1030	0	33.8060	0	27.079	0	333.3	0	95.1	0	29.20	0	4.55	0	0.001124	0	1.82	0	8.0189	0	7.6778	0
0564SoOcn	2	C	03/04/2016	08:14	82.631	-63.707		44.00	0	1.1520	0	33.7970	0	27.068	0	335.4	0	95.8	0		8	4.70	0	0.001017	0	1.82	0	8.0228	0	7.6821	0
0564SoOcn	2	C	03/04/2016	08:14	82.631	-63.707		42.00	0	1.2150	0	33.7740	0	27.046	0	336.9	0	96.3	0	28.50	0	4.87	0	0.001053	0	1.82	0	8.0310	0	7.6904	0
0564SoOcn	2	C	03/04/2016	08:14	82.631	-63.707		40.00	0	1.2730	0	33.7500	0	27.022	0	337.9	0	96.8	0		8	5.69	0	0.001025	0	1.80	0	8.0423	0	7.7014	0
0564SoOcn	2	C	03/04/2016	08:14	82.631	-63.707		38.00	0	1.2930	0	33.7420	0	27.015	0	338.6	0	97.0	0		8	4.80	0	0.001205	0	1.78	0	8.0480	0	7.7069	0
0564SoOcn	2	C	03/04/2016	08:14	82.631	-63.707		36.00	0	1.2980	0	33.7410	0	27.014	0	339.0	0	97.1	0	27.30	0	5.28	0	0.001157	0	1.80	0	8.0498	0	7.7087	0
0564SoOcn	2	C	03/04/2016	08:14	82.631	-63.707		34.00	0	1.2980	0	33.7410	0	27.014	0	339.4	0	97.2	0		8	4.88	0	0.000988	0	1.81	0	8.0503	0	7.7091	0
0564SoOcn	2	C	03/04/2016	08:14	82.631	-63.707		32.00	0	1.2980	0	33.7410	0	27.014	0	339.5	0	97.3	0	27.20	0	4.99	0	0.000988	0	1.81	0	8.0504	0	7.7092	0
0564SoOcn	2	C	03/04/2016	08:14	82.631	-63.707		30.00	0	1.2980	0	33.7410	0	27.014	0	339.7	0	97.3	0		8	4.62	0	0.001001	0	1.82	0	8.0510	0	7.7096	0
0564SoOcn	2	C	03/04/2016	08:14	82.631	-63.707		28.00	0	1.2970	0	33.7410	0	27.014	0	339.8	0	97.4	0		8	5.64	0	0.001021	0	1.81	0	8.0511	0	7.7097	0
0564SoOcn	2	C	03/04/2016	08:14	82.631	-63.707		26.00	0	1.2980	0	33.7410	0	27.014	0	339.9	0	97.4	0	27.20	0	4.85	0	0.000994	0	1.81	0	8.0510	0	7.7095	0
0564SoOcn	2	C	03/04/2016	08:14	82.631	-63.707		24.00	0	1.2980	0	33.7410	0	27.014	0	340.0	0	97.4	0		8	4.79	0	0.001056	0	1.79	0	8.0516	0	7.7100	0
0564SoOcn	2	C	03/04/2016	08:14	82.631	-63.707		22.00	0	1.2980	0	33.7410	0	27.014	0	340.0	0	97.4	0	27.20	0	5.60	0	0.001022	0	1.80	0	8.0520	0	7.7103	0
0564SoOcn	2	C	03/04/2016	08:14	82.631	-63.707		20.00	0	1.2980	0	33.7410	0	27.014	0	340.2	0	97.5	0		8	4.73	0	0.000953	0	1.81	0	8.0523	0	7.7105	0
0564SoOcn	2	C	03/04/2016	08:14	82.631	-63.707		18.00	0	1.2970	0	33.7410	0	27.014	0	340.2	0	97.5	0		8	4.95	0	0.000983	0	1.80	0	8.0523	0	7.7104	0
0564SoOcn	2	C	03/04/2016	08:14	82.631	-63.707		16.00	0	1.2970	0	33.7410	0	27.014	0	340.2	0	97.5	0	27.30	0	4.12	0	0.000922	0	1.81	0	8.0526	0	7.7107	0
0564SoOcn	2	C	03/04/2016	08:14	82.631	-63.707		14.00	0	1.2980	0	33.7410	0	27.014	0	340.2	0	97.5	0		8	4.43	0	0.000924	0	1.80	0	8.0533	0	7.7112	0
0564SoOcn	2	C	03/04/2016	08:14	82.631	-63.707		12.00	0	1.2980	0	33.7410	0	27.014	0	340.3	0	97.5	0	27.20	0	4.80	0	0.001068	0	1.79	0	8.0539	0	7.7118	0
0564SoOcn	2	C	03/04/2016	08:14	82.631	-63.707		10.00	0	1.2980	0	33.7410	0	27.014	0	340.4	0	97.5	0		8	3.72	0	0.000995	0	1.81	0	8.0543	0	7.7120	0
0564SoOcn	2	C	03/04/2016	08:14	82.631	-63.707		8.00	0	1.2980	0	33.7410	0	27.014	0	340.4	0	97.5	0	27.20	0	3.27	0	0.000974	0	1.80	0	8.0542	0	7.7119	0
0564SoOcn	2	C	03/04/2016	08:14	82.631	-63.707		5.90	0	1.3000	0	33.7410	0	27.013	0	340.3	0	97.5	0		8	2.19	0	0.001004	0	1.81	0	8.0546	0	7.7122	0
0564SoOcn	2	C	03/04/2016	08:14	82.631	-63.707		4.50	0	1.3010	0	33.7410	0	27.013	0	340.3	0	97.5	0		8	1.86	0	0.001013	0	1.81	0	8.0554	0	7.7129	0
0564SoOcn	2	C	03/04/2016	08:14	82.631	-63.707																									
