//0																													
Cruise	Station	Type	mon/day/yr	hh:mm	Lon [°E]	Lat [°N]	Bot. Depth[m]	Depth[m]	QF	Temperature[°C]	QF	Salinity	QF	Density	QF	Oxygen[µM]	QF	OxygenSat[%]	QF	Nitrate[µM]	QF	Chlorophyll[µg/l]	QF	BackScatter[/m/sr]	QF	pHinsitu[Total]	QF	pH25C[Total]	QF
9645SoOcn	 1	C	01/18/2016	05:38	  79.770	-48.277		  1798.64	0	  2.1654	0	34.7527	0	27.733	0	187.3	0	55.2	0	27.14	0	0.01	0	0.000093	0	7.7850	0	7.5358	0
9645SoOcn	 1	C	01/18/2016	05:38	  79.770	-48.277		  1699.55	0	  2.2477	0	34.7465	0	27.72	0	185.1	0	54.7	0	27.27	0	0.01	0	0.000095	0	7.7823	0	7.5313	0
9645SoOcn	 1	C	01/18/2016	05:38	  79.770	-48.277		  1598.89	0	  2.3033	0	34.7343	0	27.705	0	182.4	0	53.9	0	27.52	0	0.01	0	0.000098	0	7.7783	0	7.5251	0
9645SoOcn	 1	C	01/18/2016	05:38	  79.770	-48.277		  1499.63	0	  2.3848	0	34.7199	0	27.686	0	179.5	0	53.2	0	27.92	0	0.00	0	0.000112	0	7.7744	0	7.5193	0
9645SoOcn	 1	C	01/18/2016	05:38	  79.770	-48.277		  1399.93	0	  2.4100	0	34.7004	0	27.667	0	176.1	0	52.2	0	28.47	0	0.01	0	0.000101	0	7.7617	0	7.5048	0
9645SoOcn	 1	C	01/18/2016	05:38	  79.770	-48.277		  1299.21	0	  2.5414	0	34.6671	0	27.628	0	171.3	0	50.9	0	28.94	0	0.01	0	0.000100	0	7.7571	0	7.4991	0
9645SoOcn	 1	C	01/18/2016	05:38	  79.770	-48.277		  1198.92	0	  2.6072	0	34.6354	0	27.595	0	168.5	0	50.2	0	29.66	0	0.01	0	0.000098	0	7.7513	0	7.4913	0
9645SoOcn	 1	C	01/18/2016	05:38	  79.770	-48.277		  1099.32	0	  2.6145	0	34.5993	0	27.565	0	166.5	0	49.6	0	30.24	0	0.01	0	0.000106	0	7.7436	0	7.4811	0
9645SoOcn	 1	C	01/18/2016	05:38	  79.770	-48.277		   998.82	0	  2.7365	0	34.5532	0	27.516	0	164.8	0	49.2	0	30.83	0	0.01	0	0.000104	0	7.7371	0	7.4735	0
9645SoOcn	 1	C	01/18/2016	05:38	  79.770	-48.277		   951.22	0	  2.8239	0	34.5393	0	27.496	0	165.2	0	49.4	0	30.74	0	0.00	0	0.000103	0	7.7419	0	7.4776	0
9645SoOcn	 1	C	01/18/2016	05:38	  79.770	-48.277		   901.09	0	  2.8245	0	34.5139	0	27.475	0	166.1	0	49.7	0	31.08	0	0.01	0	0.000101	0	7.7374	0	7.4718	0
9645SoOcn	 1	C	01/18/2016	05:38	  79.770	-48.277		   851.51	0	  2.5256	0	34.4327	0	27.438	0	172.5	0	51.2	0	31.90	0	0.01	0	0.000120	0	7.7256	0	7.4552	0
9645SoOcn	 1	C	01/18/2016	05:38	  79.770	-48.277		   801.69	0	  2.6888	0	34.4027	0	27.398	0	175.6	0	52.3	0	31.64	0	0.01	0	0.000116	0	7.7319	0	7.4616	0
9645SoOcn	 1	C	01/18/2016	05:38	  79.770	-48.277		   750.79	0	  2.6325	0	34.3596	0	27.368	0	181.3	0	53.9	0	31.71	0	0.01	0	0.000112	0	7.7334	0	7.4605	0
9645SoOcn	 1	C	01/18/2016	05:38	  79.770	-48.277		   700.97	0	  2.7092	0	34.3285	0	27.335	0	187.4	0	55.9	0	31.00	0	0.00	0	0.000112	0	7.7410	0	7.4670	0
9645SoOcn	 1	C	01/18/2016	05:38	  79.770	-48.277		   650.98	0	  3.1518	0	34.3530	0	27.31	0	187.2	0	56.4	0	30.27	0	0.01	0	0.000104	0	7.7535	0	7.4828	0
9645SoOcn	 1	C	01/18/2016	05:38	  79.770	-48.277		   600.76	0	  3.2559	0	34.3312	0	27.282	0	191.2	0	57.8	0	29.91	0	0.01	0	0.000109	0	7.7650	0	7.4932	0
9645SoOcn	 1	C	01/18/2016	05:38	  79.770	-48.277		   551.39	0	  3.5404	0	34.3197	0	27.242	0	195.8	0	59.6	0	29.10	0	0.00	0	0.000108	0	7.7742	0	7.5040	0
9645SoOcn	 1	C	01/18/2016	05:38	  79.770	-48.277		   501.34	0	  3.4273	0	34.2518	0	27.199	0	207.5	0	62.9	0	28.43	0	0.01	0	0.000109	0	7.7881	0	7.5134	0
9645SoOcn	 1	C	01/18/2016	05:38	  79.770	-48.277		   451.32	0	  3.5961	0	34.2092	0	27.146	0	222.1	0	67.6	0	27.45	0	0.01	0	0.000125	0	7.8030	0	7.5278	0
9645SoOcn	 1	C	01/18/2016	05:38	  79.770	-48.277		   400.78	0	  4.0001	0	34.2352	0	27.123	0	219.8	0	67.6	0	26.87	0	0.00	0	0.000111	0	7.8080	0	7.5363	0
9645SoOcn	 1	C	01/18/2016	05:38	  79.770	-48.277		   380.64	0	  4.0324	0	34.2212	0	27.108	0	222.4	0	68.4	0	26.46	0	0.01	0	0.000111	0	7.8132	0	7.5410	0
9645SoOcn	 1	C	01/18/2016	05:38	  79.770	-48.277		   361.46	0	  3.8433	0	34.1782	0	27.094	0	230.2	0	70.5	0	26.29	0	0.00	0	0.000117	0	7.8201	0	7.5440	0
9645SoOcn	 1	C	01/18/2016	05:38	  79.770	-48.277		   351.56	0	  3.8210	0	34.1664	0	27.087	0	233.6	0	71.5	0	26.20	0	0.01	0	0.000124	0	7.8207	0	7.5439	0
9645SoOcn	 1	C	01/18/2016	05:38	  79.770	-48.277		   341.01	0	  3.8467	0	34.1638	0	27.082	0	235.1	0	72.0	0	26.10	0	0.00	0	0.000120	0	7.8228	0	7.5459	0
9645SoOcn	 1	C	01/18/2016	05:38	  79.770	-48.277		   331.72	0	  3.8762	0	34.1615	0	27.076	0	235.7	0	72.2	0	26.04	0	0.01	0	0.000122	0	7.8242	0	7.5473	0
9645SoOcn	 1	C	01/18/2016	05:38	  79.770	-48.277		   321.67	0	  4.0400	0	34.1625	0	27.059	0	236.2	0	72.6	0	25.67	0	0.00	0	0.000120	0	7.8272	0	7.5519	0
9645SoOcn	 1	C	01/18/2016	05:38	  79.770	-48.277		   311.27	0	  4.1270	0	34.1597	0	27.047	0	237.0	0	73.1	0	25.32	0	0.00	0	0.000122	0	7.8276	0	7.5532	0
9645SoOcn	 1	C	01/18/2016	05:38	  79.770	-48.277		   301.04	0	  4.3046	0	34.1705	0	27.036	0	236.6	0	73.3	0	24.91	0	0.00	0	0.000122	0	7.8308	0	7.5582	0
9645SoOcn	 1	C	01/18/2016	05:38	  79.770	-48.277		   291.53	0	  4.4220	0	34.1701	0	27.022	0	236.2	0	73.3	0	24.73	0	0.00	0	0.000122	0	7.8317	0	7.5604	0
9645SoOcn	 1	C	01/18/2016	05:38	  79.770	-48.277		   281.28	0	  4.4789	0	34.1573	0	27.005	0	238.1	0	74.0	0	24.23	0	0.01	0	0.000122	0	7.8366	0	7.5653	0
9645SoOcn	 1	C	01/18/2016	05:38	  79.770	-48.277		   271.24	0	  4.4145	0	34.1441	0	27.001	0	241.4	0	74.9	0	24.18	0	0.00	0	0.000122	0	7.8432	0	7.5702	0
9645SoOcn	 1	C	01/18/2016	05:38	  79.770	-48.277		   261.33	0	  4.1369	0	34.0804	0	26.981	0	250.6	0	77.2	0	23.84	0	0.01	0	0.000119	0	7.8547	0	7.5765	0
9645SoOcn	 1	C	01/18/2016	05:38	  79.770	-48.277		   251.30	0	  3.9794	0	34.0341	0	26.961	0	261.4	0	80.2	0	23.55	0	0.00	0	0.000122	0	7.8610	0	7.5797	0
9645SoOcn	 1	C	01/18/2016	05:38	  79.770	-48.277		   240.31	0	  4.0229	0	34.0234	0	26.947	0	265.2	0	81.5	0	23.34	0	0.00	0	0.000117	0	7.8662	0	7.5847	0
9645SoOcn	 1	C	01/18/2016	05:38	  79.770	-48.277		   231.42	0	  4.0147	0	34.0025	0	26.931	0	268.3	0	82.4	0	23.20	0	0.01	0	0.000120	0	7.8724	0	7.5900	0
9645SoOcn	 1	C	01/18/2016	05:38	  79.770	-48.277		   220.95	0	  3.9859	0	33.9778	0	26.914	0	273.9	0	84.0	0	22.87	0	0.01	0	0.000130	0	7.8801	0	7.5964	0
9645SoOcn	 1	C	01/18/2016	05:38	  79.770	-48.277		   211.61	0	  3.9951	0	33.9580	0	26.896	0	277.2	0	85.1	0	22.89	0	0.00	0	0.000124	0	7.8804	0	7.5965	0
9645SoOcn	 1	C	01/18/2016	05:38	  79.770	-48.277		   201.70	0	  4.0357	0	33.9471	0	26.883	0	278.8	0	85.6	0	22.57	0	0.01	0	0.000124	0	7.8857	0	7.6016	0
9645SoOcn	 1	C	01/18/2016	05:38	  79.770	-48.277		   191.19	0	  4.2001	0	33.9453	0	26.863	0	279.4	0	86.1	0	22.22	0	0.02	0	0.000122	0	7.8865	0	7.6042	0
9645SoOcn	 1	C	01/18/2016	05:38	  79.770	-48.277		   181.10	0	  4.2732	0	33.9362	0	26.847	0	280.1	0	86.5	0	22.08	0	0.02	0	0.000128	0	7.8874	0	7.6058	0
9645SoOcn	 1	C	01/18/2016	05:38	  79.770	-48.277		   171.27	0	  4.3646	0	33.9332	0	26.834	0	280.2	0	86.7	0	21.67	0	0.05	0	0.000127	0	7.8893	0	7.6084	0
9645SoOcn	 1	C	01/18/2016	05:38	  79.770	-48.277		   160.67	0	  4.4383	0	33.9327	0	26.825	0	279.8	0	86.8	0	21.87	0	0.05	0	0.000151	0	7.8928	0	7.6123	0
9645SoOcn	 1	C	01/18/2016	05:38	  79.770	-48.277		   151.28	0	  4.5992	0	33.9131	0	26.79	0	280.3	0	87.2	0	21.28	0	0.12	0	0.000128	0	7.8959	0	7.6171	0
9645SoOcn	 1	C	01/18/2016	05:38	  79.770	-48.277		   141.56	0	  4.6330	0	33.8979	0	26.774	0	282.1	0	87.9	0	21.12	0	0.17	0	0.000130	0	7.8990	0	7.6201	0
9645SoOcn	 1	C	01/18/2016	05:38	  79.770	-48.277		   130.78	0	  4.6739	0	33.8737	0	26.749	0	284.5	0	88.7	0	20.65	0	0.23	0	0.000180	0	7.9004	0	7.6216	0
9645SoOcn	 1	C	01/18/2016	05:38	  79.770	-48.277		   120.73	0	  4.9055	0	33.8843	0	26.73	0	283.5	0	88.9	0	20.30	0	0.30	0	0.000138	0	7.9038	0	7.6276	0
9645SoOcn	 1	C	01/18/2016	05:38	  79.770	-48.277		   111.53	0	  4.9419	0	33.8556	0	26.702	0	285.2	0	89.5	0	20.05	0	0.37	0	0.000154	0	7.9109	0	7.6343	0
9645SoOcn	 1	C	01/18/2016	05:38	  79.770	-48.277		   100.90	0	  5.2674	0	33.8497	0	26.657	0	286.0	0	90.4	0	19.39	0	0.46	0	0.000173	0	7.9142	0	7.6415	0
9645SoOcn	 1	C	01/18/2016	05:38	  79.770	-48.277		    94.13	0	  5.4712	0	33.8350	0	26.619	0	285.9	0	90.8	0	19.20	0	0.57	0	0.000207	0	7.9186	0	7.6482	0
9645SoOcn	 1	C	01/18/2016	05:38	  79.770	-48.277		    87.63	0	  5.8040	0	33.8235	0	26.567	0	285.6	0	91.5	0	18.64	0	0.89	0	0.000274	0	7.9204	0	7.6543	0
9645SoOcn	 1	C	01/18/2016	05:38	  79.770	-48.277		    81.10	0	  6.4674	0	33.8530	0	26.503	0	281.8	0	91.7	0	17.58	0	1.22	0	0.000258	0	7.9247	0	7.6674	0
9645SoOcn	 1	C	01/18/2016	05:38	  79.770	-48.277		    74.53	0	  6.5161	0	33.7905	0	26.445	0	284.7	0	92.7	0	17.39	0	2.06	0	0.000368	0	7.9464	0	7.6877	0
9645SoOcn	 1	C	01/18/2016	05:38	  79.770	-48.277		    68.63	0	  6.5183	0	33.7600	0	26.42	0	291.3	0	94.8	0	16.79	0	3.04	0	0.000425	0	7.9643	0	7.7040	0
9645SoOcn	 1	C	01/18/2016	05:38	  79.770	-48.277		    63.42	0	  6.5343	0	33.7448	0	26.405	0	297.2	0	96.7	0	16.85	0	3.68	0	0.000491	0	7.9668	0	7.7063	0
9645SoOcn	 1	C	01/18/2016	05:38	  79.770	-48.277		    58.53	0	  6.5640	0	33.7420	0	26.399	0	299.1	0	97.4	0	17.09	0	3.81	0	0.000522	0	7.9663	0	7.7061	0
9645SoOcn	 1	C	01/18/2016	05:38	  79.770	-48.277		    53.69	0	  6.8112	0	33.7461	0	26.368	0	297.6	0	97.5	0	16.59	0	2.97	0	0.000520	0	7.9612	0	7.7047	0
9645SoOcn	 1	C	01/18/2016	05:38	  79.770	-48.277		    49.10	0	  6.9149	0	33.7579	0	26.363	0	296.7	0	97.4	0	16.51	0	3.38	0	0.000510	0	7.9621	0	7.7069	0
9645SoOcn	 1	C	01/18/2016	05:38	  79.770	-48.277		    44.55	0	  6.9998	0	33.7573	0	26.351	0	295.7	0	97.3	0	16.66	0	3.02	0	0.000457	0	7.9626	0	7.7084	0
9645SoOcn	 1	C	01/18/2016	05:38	  79.770	-48.277		    39.82	0	  7.0875	0	33.7594	0	26.34	0	293.9	0	96.9	0	16.44	0	2.30	0	0.000429	0	7.9616	0	7.7086	0
9645SoOcn	 1	C	01/18/2016	05:38	  79.770	-48.277		    34.94	0	  7.2225	0	33.7666	0	26.327	0	291.8	0	96.5	0	16.25	0	1.98	0	0.000424	0	7.9617	0	7.7104	0
9645SoOcn	 1	C	01/18/2016	05:38	  79.770	-48.277		    30.71	0	  7.2729	0	33.7738	0	26.325	0	290.7	0	96.3	0	16.23	0	1.78	0	0.000393	0	7.9644	0	7.7135	0
9645SoOcn	 1	C	01/18/2016	05:38	  79.770	-48.277		    26.45	0	  7.3723	0	33.7825	0	26.318	0	289.1	0	96.0	0	16.09	0	1.56	0	0.000366	0	7.9703	0	7.7201	0
9645SoOcn	 1	C	01/18/2016	05:38	  79.770	-48.277		    22.59	0	  7.4126	0	33.7891	0	26.318	0	288.5	0	95.9	0	15.95	0	1.32	0	0.000364	0	7.9790	0	7.7286	0
9645SoOcn	 1	C	01/18/2016	05:38	  79.770	-48.277		    19.53	0	  7.5237	0	33.7944	0	26.306	0	287.1	0	95.6	0	15.91	0	1.00	0	0.000355	0	7.9902	0	7.7403	0
9645SoOcn	 1	C	01/18/2016	05:38	  79.770	-48.277		    16.66	0	  7.5034	0	33.7959	0	26.31	0	287.0	0	95.6	0	16.07	0	0.94	0	0.000342	0	8.0109	0	7.7589	0
9645SoOcn	 1	C	01/18/2016	05:38	  79.770	-48.277		    11.84	0	  7.5326	0	33.7934	0	26.304	0	286.7	0	95.5	0	15.94	0	0.73	0	0.000350	0	8.0543	0	7.7989	0
9645SoOcn	 1	C	01/18/2016	05:38	  79.770	-48.277		     7.69	0	  7.5687	0	33.7951	0	26.3	0	286.5	0	95.5	0	15.96	0	0.53	0	0.000326	0	8.1333	0	7.8717	0
9645SoOcn	 1	C	01/18/2016	05:38	  79.770	-48.277																					
9645SoOcn	 2	C	01/28/2016	12:55	  82.025	-47.919		  1798.30	0	  2.1712	0	34.7477	0	27.728	0	185.2	0	54.6	0	 	0	0.01	0	0.000096	0	7.7809	0	7.5322	0
9645SoOcn	 2	C	01/28/2016	12:55	  82.025	-47.919		  1699.29	0	  2.2608	0	34.7420	0	27.715	0	183.3	0	54.2	0	 	0	0.01	0	0.000098	0	7.7782	0	7.5276	0
9645SoOcn	 2	C	01/28/2016	12:55	  82.025	-47.919		  1599.62	0	  2.3353	0	34.7336	0	27.701	0	181.2	0	53.6	0	 	0	0.01	0	0.000095	0	7.7774	0	7.5246	0
9645SoOcn	 2	C	01/28/2016	12:55	  82.025	-47.919		  1499.35	0	  2.3989	0	34.7190	0	27.683	0	178.4	0	52.9	0	 	0	0.01	0	0.000100	0	7.7735	0	7.5187	0
9645SoOcn	 2	C	01/28/2016	12:55	  82.025	-47.919		  1398.80	0	  2.4188	0	34.6939	0	27.661	0	174.4	0	51.7	0	 	0	0.01	0	0.000108	0	7.7631	0	7.5061	0
9645SoOcn	 2	C	01/28/2016	12:55	  82.025	-47.919		  1298.85	0	  2.4563	0	34.6741	0	27.641	0	171.1	0	50.8	0	 	0	0.01	0	0.000111	0	7.7563	0	7.4971	0
9645SoOcn	 2	C	01/28/2016	12:55	  82.025	-47.919		  1198.64	0	  2.4757	0	34.6389	0	27.611	0	167.7	0	49.8	0	 	0	0.01	0	0.000104	0	7.7484	0	7.4869	0
9645SoOcn	 2	C	01/28/2016	12:55	  82.025	-47.919		  1099.71	0	  2.6251	0	34.6117	0	27.574	0	166.2	0	49.5	0	 	0	0.00	0	0.000103	0	7.7494	0	7.4866	0
9645SoOcn	 2	C	01/28/2016	12:55	  82.025	-47.919		   998.89	0	  2.6505	0	34.5650	0	27.534	0	165.1	0	49.2	0	 	0	0.01	0	0.000106	0	7.7381	0	7.4733	0
9645SoOcn	 2	C	01/28/2016	12:55	  82.025	-47.919		   951.34	0	  2.7507	0	34.5525	0	27.514	0	164.8	0	49.2	0	 	0	0.01	0	0.000101	0	7.7399	0	7.4747	0
9645SoOcn	 2	C	01/28/2016	12:55	  82.025	-47.919		   901.30	0	  2.7705	0	34.5201	0	27.485	0	165.5	0	49.4	0	 	0	0.01	0	0.000108	0	7.7362	0	7.4700	0
9645SoOcn	 2	C	01/28/2016	12:55	  82.025	-47.919		   851.01	0	  2.7673	0	34.4781	0	27.451	0	167.4	0	50.0	0	 	0	0.01	0	0.000104	0	7.7322	0	7.4646	0
9645SoOcn	 2	C	01/28/2016	12:55	  82.025	-47.919		   801.43	0	  2.5833	0	34.4179	0	27.42	0	173.1	0	51.5	0	 	0	0.02	0	0.000116	0	7.7267	0	7.4554	0
9645SoOcn	 2	C	01/28/2016	12:55	  82.025	-47.919		   751.40	0	  2.7422	0	34.4075	0	27.396	0	175.0	0	52.2	0	 	0	0.01	0	0.000108	0	7.7311	0	7.4600	0
9645SoOcn	 2	C	01/28/2016	12:55	  82.025	-47.919		   700.88	0	  2.9716	0	34.4013	0	27.368	0	176.8	0	53.1	0	 	0	0.00	0	0.000106	0	7.7432	0	7.4726	0
9645SoOcn	 2	C	01/28/2016	12:55	  82.025	-47.919		   651.08	0	  3.1991	0	34.3921	0	27.337	0	179.7	0	54.2	0	 	0	0.01	0	0.000106	0	7.7525	0	7.4826	0
9645SoOcn	 2	C	01/28/2016	12:55	  82.025	-47.919		   601.08	0	  3.3636	0	34.3818	0	27.312	0	182.4	0	55.3	0	 	0	0.01	0	0.000106	0	7.7593	0	7.4895	0
9645SoOcn	 2	C	01/28/2016	12:55	  82.025	-47.919		   550.91	0	  3.5508	0	34.3629	0	27.277	0	185.2	0	56.4	0	 	0	0.01	0	0.000104	0	7.7705	0	7.5007	0
9645SoOcn	 2	C	01/28/2016	12:55	  82.025	-47.919		   500.65	0	  3.3522	0	34.2680	0	27.22	0	204.5	0	61.9	0	 	0	0.01	0	0.000119	0	7.7825	0	7.5073	0
9645SoOcn	 2	C	01/28/2016	12:55	  82.025	-47.919		   451.17	0	  3.4234	0	34.2522	0	27.2	0	209.6	0	63.5	0	 	0	0.00	0	0.000114	0	7.7911	0	7.5146	0
9645SoOcn	 2	C	01/28/2016	12:55	  82.025	-47.919		   401.22	0	  3.5673	0	34.1970	0	27.139	0	224.4	0	68.2	0	 	0	0.01	0	0.000124	0	7.8093	0	7.5316	0
9645SoOcn	 2	C	01/28/2016	12:55	  82.025	-47.919		   380.94	0	  3.7082	0	34.1798	0	27.11	0	229.7	0	70.1	0	 	0	0.01	0	0.000122	0	7.8154	0	7.5385	0
9645SoOcn	 2	C	01/28/2016	12:55	  82.025	-47.919		   361.27	0	  3.8365	0	34.1707	0	27.088	0	232.8	0	71.3	0	 	0	0.00	0	0.000143	0	7.8198	0	7.5437	0
9645SoOcn	 2	C	01/28/2016	12:55	  82.025	-47.919		   350.96	0	  3.9283	0	34.1729	0	27.08	0	233.1	0	71.5	0	 	0	0.01	0	0.000130	0	7.8193	0	7.5441	0
9645SoOcn	 2	C	01/28/2016	12:55	  82.025	-47.919		   341.62	0	  4.0537	0	34.1809	0	27.073	0	232.0	0	71.4	0	 	0	0.01	0	0.000132	0	7.8215	0	7.5476	0
9645SoOcn	 2	C	01/28/2016	12:55	  82.025	-47.919		   331.16	0	  4.2008	0	34.1863	0	27.06	0	231.3	0	71.4	0	 	0	0.01	0	0.000143	0	7.8215	0	7.5493	0
9645SoOcn	 2	C	01/28/2016	12:55	  82.025	-47.919		   321.59	0	  4.3078	0	34.1823	0	27.045	0	232.3	0	71.9	0	 	0	0.01	0	0.000152	0	7.8244	0	7.5531	0
9645SoOcn	 2	C	01/28/2016	12:55	  82.025	-47.919		   310.85	0	  4.2560	0	34.1660	0	27.037	0	235.2	0	72.7	0	 	0	0.01	0	0.000148	0	7.8290	0	7.5562	0
9645SoOcn	 2	C	01/28/2016	12:55	  82.025	-47.919		   301.19	0	  4.2092	0	34.1443	0	27.025	0	239.7	0	74.0	0	 	0	0.01	0	0.000135	0	7.8332	0	7.5591	0
9645SoOcn	 2	C	01/28/2016	12:55	  82.025	-47.919		   291.05	0	  4.0342	0	34.1089	0	27.016	0	246.4	0	75.8	0	 	0	0.01	0	0.000128	0	7.8419	0	7.5643	0
9645SoOcn	 2	C	01/28/2016	12:55	  82.025	-47.919		   281.25	0	  4.0854	0	34.0958	0	26.999	0	249.2	0	76.7	0	 	0	0.01	0	0.000138	0	7.8452	0	7.5677	0
9645SoOcn	 2	C	01/28/2016	12:55	  82.025	-47.919		   271.03	0	  4.1837	0	34.0946	0	26.987	0	251.3	0	77.5	0	 	0	0.01	0	0.000136	0	7.8474	0	7.5708	0
9645SoOcn	 2	C	01/28/2016	12:55	  82.025	-47.919		   261.09	0	  4.2671	0	34.0878	0	26.972	0	251.5	0	77.7	0	 	0	0.00	0	0.000136	0	7.8501	0	7.5741	0
9645SoOcn	 2	C	01/28/2016	12:55	  82.025	-47.919		   251.76	0	  4.2336	0	34.0762	0	26.966	0	254.5	0	78.6	0	 	0	0.00	0	0.000138	0	7.8499	0	7.5731	0
9645SoOcn	 2	C	01/28/2016	12:55	  82.025	-47.919		   240.07	0	  4.0731	0	34.0492	0	26.962	0	260.4	0	80.1	0	 	0	0.03	0	0.000140	0	7.8617	0	7.5813	0
9645SoOcn	 2	C	01/28/2016	12:55	  82.025	-47.919		   231.53	0	  4.0978	0	34.0410	0	26.953	0	262.3	0	80.7	0	 	0	0.01	0	0.000152	0	7.8657	0	7.5850	0
9645SoOcn	 2	C	01/28/2016	12:55	  82.025	-47.919		   221.11	0	  4.3133	0	34.0427	0	26.93	0	263.0	0	81.4	0	 	0	0.01	0	0.000169	0	7.8622	0	7.5845	0
9645SoOcn	 2	C	01/28/2016	12:55	  82.025	-47.919		   210.80	0	  4.6078	0	34.0699	0	26.918	0	257.9	0	80.4	0	 	0	0.02	0	0.000152	0	7.8613	0	7.5874	0
9645SoOcn	 2	C	01/28/2016	12:55	  82.025	-47.919		   201.13	0	  4.4025	0	34.0314	0	26.91	0	261.1	0	81.0	0	 	0	0.03	0	0.000151	0	7.8707	0	7.5929	0
9645SoOcn	 2	C	01/28/2016	12:55	  82.025	-47.919		   191.10	0	  4.3131	0	33.9944	0	26.89	0	267.8	0	82.8	0	 	0	0.03	0	0.000151	0	7.8728	0	7.5932	0
9645SoOcn	 2	C	01/28/2016	12:55	  82.025	-47.919		   181.67	0	  4.5508	0	34.0135	0	26.878	0	266.3	0	82.8	0	 	0	0.04	0	0.000141	0	7.8714	0	7.5949	0
9645SoOcn	 2	C	01/28/2016	12:55	  82.025	-47.919		   171.35	0	  4.5757	0	33.9881	0	26.854	0	268.4	0	83.5	0	 	0	0.04	0	0.000136	0	7.8765	0	7.5997	0
9645SoOcn	 2	C	01/28/2016	12:55	  82.025	-47.919		   159.19	0	  4.8487	0	33.9861	0	26.82	0	267.1	0	83.7	0	 	0	0.07	0	0.000136	0	7.8792	0	7.6055	0
9645SoOcn	 2	C	01/28/2016	12:55	  82.025	-47.919		   149.24	0	  4.8114	0	33.9548	0	26.799	0	271.7	0	85.0	0	 	0	0.12	0	0.000138	0	7.8889	0	7.6135	0
9645SoOcn	 2	C	01/28/2016	12:55	  82.025	-47.919		   141.02	0	  4.8015	0	33.9165	0	26.769	0	276.6	0	86.5	0	 	0	0.17	0	0.000143	0	7.8947	0	7.6185	0
9645SoOcn	 2	C	01/28/2016	12:55	  82.025	-47.919		   131.46	0	  4.9205	0	33.8840	0	26.728	0	279.5	0	87.6	0	 	0	0.22	0	0.000149	0	7.9014	0	7.6259	0
9645SoOcn	 2	C	01/28/2016	12:55	  82.025	-47.919		   121.41	0	  5.0324	0	33.8767	0	26.708	0	282.5	0	88.8	0	 	0	0.40	0	0.000465	0	7.9033	0	7.6289	0
9645SoOcn	 2	C	01/28/2016	12:55	  82.025	-47.919		   111.10	0	  5.1696	0	33.8681	0	26.684	0	283.3	0	89.4	0	 	0	0.42	0	0.000212	0	7.9088	0	7.6355	0
9645SoOcn	 2	C	01/28/2016	12:55	  82.025	-47.919		   101.31	0	  5.4708	0	33.8261	0	26.612	0	283.4	0	90.0	0	 	0	0.44	0	0.000197	0	7.9168	0	7.6468	0
9645SoOcn	 2	C	01/28/2016	12:55	  82.025	-47.919		    95.24	0	  5.7243	0	33.8067	0	26.564	0	285.8	0	91.3	0	 	0	0.50	0	0.000220	0	7.9323	0	7.6643	0
9645SoOcn	 2	C	01/28/2016	12:55	  82.025	-47.919		    89.37	0	  5.7818	0	33.8097	0	26.559	0	287.5	0	92.0	0	 	0	0.60	0	0.000197	0	7.9506	0	7.6817	0
9645SoOcn	 2	C	01/28/2016	12:55	  82.025	-47.919		    83.94	0	  5.9181	0	33.7663	0	26.505	0	290.9	0	93.3	0	 	0	0.61	0	0.000284	0	7.9572	0	7.6895	0
9645SoOcn	 2	C	01/28/2016	12:55	  82.025	-47.919		    78.40	0	  6.0977	0	33.7414	0	26.461	0	293.9	0	94.7	0	 	0	0.65	0	0.000217	0	7.9594	0	7.6939	0
9645SoOcn	 2	C	01/28/2016	12:55	  82.025	-47.919		    73.07	0	  6.2484	0	33.7384	0	26.438	0	294.5	0	95.2	0	 	0	0.76	0	0.000244	0	7.9609	0	7.6972	0
9645SoOcn	 2	C	01/28/2016	12:55	  82.025	-47.919		    67.87	0	  6.4114	0	33.7292	0	26.409	0	293.2	0	95.2	0	 	0	0.86	0	0.000276	0	7.9610	0	7.6994	0
9645SoOcn	 2	C	01/28/2016	12:55	  82.025	-47.919		    62.82	0	  6.4459	0	33.7286	0	26.404	0	292.9	0	95.2	0	 	0	0.89	0	0.000319	0	7.9612	0	7.6999	0
9645SoOcn	 2	C	01/28/2016	12:55	  82.025	-47.919		    57.63	0	  6.4433	0	33.7287	0	26.404	0	292.8	0	95.1	0	 	0	0.93	0	0.000282	0	7.9607	0	7.6992	0
9645SoOcn	 2	C	01/28/2016	12:55	  82.025	-47.919		    52.91	0	  6.6186	0	33.7216	0	26.374	0	290.8	0	94.8	0	 	0	0.97	0	0.000273	0	7.9582	0	7.6993	0
9645SoOcn	 2	C	01/28/2016	12:55	  82.025	-47.919		    48.72	0	  6.6715	0	33.7236	0	26.369	0	290.0	0	94.7	0	 	0	1.18	0	0.000332	0	7.9571	0	7.6989	0
9645SoOcn	 2	C	01/28/2016	12:55	  82.025	-47.919		    44.80	0	  6.7045	0	33.7226	0	26.363	0	289.4	0	94.6	0	 	0	1.09	0	0.000300	0	7.9567	0	7.6989	0
9645SoOcn	 2	C	01/28/2016	12:55	  82.025	-47.919		    40.91	0	  6.7312	0	33.7226	0	26.359	0	289.2	0	94.6	0	 	0	1.07	0	0.000445	0	7.9559	0	7.6984	0
9645SoOcn	 2	C	01/28/2016	12:55	  82.025	-47.919		    36.51	0	  6.7691	0	33.7245	0	26.356	0	289.1	0	94.6	0	 	0	1.03	0	0.000286	0	7.9553	0	7.6982	0
9645SoOcn	 2	C	01/28/2016	12:55	  82.025	-47.919		    31.62	0	  6.8148	0	33.7216	0	26.347	0	288.7	0	94.6	0	 	0	0.95	0	0.000274	0	7.9615	0	7.7043	0
9645SoOcn	 2	C	01/28/2016	12:55	  82.025	-47.919		    26.73	0	  6.8040	0	33.7281	0	26.354	0	288.9	0	94.6	0	 	0	0.87	0	0.000337	0	7.9621	0	7.7046	0
9645SoOcn	 2	C	01/28/2016	12:55	  82.025	-47.919		    21.48	0	  6.8262	0	33.7233	0	26.347	0	288.7	0	94.6	0	 	0	0.84	0	0.000276	0	7.9643	0	7.7068	0
9645SoOcn	 2	C	01/28/2016	12:55	  82.025	-47.919		    16.56	0	  6.8232	0	33.7240	0	26.348	0	288.8	0	94.6	0	 	0	0.94	0	0.000281	0	7.9712	0	7.7129	0
9645SoOcn	 2	C	01/28/2016	12:55	  82.025	-47.919		    11.77	0	  6.8272	0	33.7242	0	26.347	0	288.8	0	94.6	0	 	0	0.78	0	0.000278	0	7.9814	0	7.7221	0
9645SoOcn	 2	C	01/28/2016	12:55	  82.025	-47.919		     7.49	0	  6.8234	0	33.7243	0	26.348	0	288.9	0	94.7	0	 	0	0.63	0	0.000291	0	8.0270	0	7.7637	0
9645SoOcn	 2	C	01/28/2016	12:55	  82.025	-47.919																					
9645SoOcn	 3	C	02/08/2016	18:33	  83.300	-48.648		  1799.72	0	  2.1045	0	34.7510	0	27.737	0	186.1	0	54.8	0	35.96	0	0.01	0	0.000098	0	7.7969	0	7.5459	0
9645SoOcn	 3	C	02/08/2016	18:33	  83.300	-48.648		  1699.32	0	  2.2171	0	34.7421	0	27.719	0	183.5	0	54.2	0	36.20	0	0.00	0	0.000100	0	7.7916	0	7.5393	0
9645SoOcn	 3	C	02/08/2016	18:33	  83.300	-48.648		  1599.33	0	  2.3117	0	34.7273	0	27.698	0	179.9	0	53.2	0	37.06	0	0.01	0	0.000101	0	7.7863	0	7.5325	0
9645SoOcn	 3	C	02/08/2016	18:33	  83.300	-48.648		  1498.56	0	  2.3845	0	34.7064	0	27.675	0	176.2	0	52.2	0	37.65	0	0.01	0	0.000100	0	7.7803	0	7.5247	0
9645SoOcn	 3	C	02/08/2016	18:33	  83.300	-48.648		  1399.03	0	  2.4648	0	34.6810	0	27.646	0	172.3	0	51.1	0	38.05	0	0.01	0	0.000109	0	7.7725	0	7.5154	0
9645SoOcn	 3	C	02/08/2016	18:33	  83.300	-48.648		  1299.25	0	  2.5147	0	34.6605	0	27.625	0	170.0	0	50.5	0	38.60	0	0.01	0	0.000104	0	7.7665	0	7.5073	0
9645SoOcn	 3	C	02/08/2016	18:33	  83.300	-48.648		  1199.02	0	  2.5928	0	34.6372	0	27.598	0	167.7	0	49.9	0	38.76	0	0.01	0	0.000103	0	7.7664	0	7.5050	0
9645SoOcn	 3	C	02/08/2016	18:33	  83.300	-48.648		  1099.78	0	  2.6722	0	34.5960	0	27.557	0	165.6	0	49.4	0	39.17	0	0.01	0	0.000104	0	7.7618	0	7.4986	0
9645SoOcn	 3	C	02/08/2016	18:33	  83.300	-48.648		   999.48	0	  2.5533	0	34.5283	0	27.513	0	165.4	0	49.2	0	40.30	0	0.01	0	0.000138	0	7.7422	0	7.4757	0
9645SoOcn	 3	C	02/08/2016	18:33	  83.300	-48.648		   951.16	0	  2.4416	0	34.4853	0	27.489	0	168.0	0	49.8	0	40.95	0	0.01	0	0.000119	0	7.7372	0	7.4680	0
9645SoOcn	 3	C	02/08/2016	18:33	  83.300	-48.648		   900.71	0	  2.5511	0	34.4656	0	27.462	0	167.9	0	49.9	0	41.22	0	0.02	0	0.000114	0	7.7371	0	7.4677	0
9645SoOcn	 3	C	02/08/2016	18:33	  83.300	-48.648		   851.32	0	  2.6383	0	34.4442	0	27.436	0	170.6	0	50.8	0	41.16	0	0.01	0	0.000130	0	7.7435	0	7.4732	0
9645SoOcn	 3	C	02/08/2016	18:33	  83.300	-48.648		   801.60	0	  2.5170	0	34.3866	0	27.401	0	179.9	0	53.4	0	40.77	0	0.01	0	0.000151	0	7.7470	0	7.4731	0
9645SoOcn	 3	C	02/08/2016	18:33	  83.300	-48.648		   751.30	0	  2.6582	0	34.3605	0	27.366	0	183.7	0	54.7	0	40.75	0	0.01	0	0.000120	0	7.7516	0	7.4776	0
9645SoOcn	 3	C	02/08/2016	18:33	  83.300	-48.648		   701.38	0	  2.7336	0	34.3358	0	27.339	0	186.0	0	55.5	0	40.74	0	0.01	0	0.000135	0	7.7580	0	7.4829	0
9645SoOcn	 3	C	02/08/2016	18:33	  83.300	-48.648		   650.90	0	  3.1245	0	34.3507	0	27.311	0	186.1	0	56.1	0	40.39	0	0.01	0	0.000116	0	7.7682	0	7.4959	0
9645SoOcn	 3	C	02/08/2016	18:33	  83.300	-48.648		   601.52	0	  2.8293	0	34.2704	0	27.276	0	200.4	0	59.9	0	40.21	0	0.01	0	0.000117	0	7.7752	0	7.4967	0
9645SoOcn	 3	C	02/08/2016	18:33	  83.300	-48.648		   551.55	0	  2.6390	0	34.1906	0	27.229	0	219.4	0	65.2	0	39.00	0	0.01	0	0.000117	0	7.7952	0	7.5108	0
9645SoOcn	 3	C	02/08/2016	18:33	  83.300	-48.648		   500.95	0	  3.2707	0	34.2160	0	27.186	0	217.6	0	65.7	0	38.07	0	0.01	0	0.000125	0	7.8042	0	7.5260	0
9645SoOcn	 3	C	02/08/2016	18:33	  83.300	-48.648		   451.30	0	  3.3760	0	34.1863	0	27.151	0	224.7	0	68.0	0	37.67	0	0.00	0	0.000135	0	7.8166	0	7.5373	0
9645SoOcn	 3	C	02/08/2016	18:33	  83.300	-48.648		   401.35	0	  3.2773	0	34.1288	0	27.114	0	239.9	0	72.4	0	37.08	0	0.00	0	0.000136	0	7.8333	0	7.5495	0
9645SoOcn	 3	C	02/08/2016	18:33	  83.300	-48.648		   381.69	0	  3.6942	0	34.1530	0	27.089	0	236.4	0	72.1	0	36.64	0	0.01	0	0.000136	0	7.8335	0	7.5549	0
9645SoOcn	 3	C	02/08/2016	18:33	  83.300	-48.648		   361.30	0	  3.8154	0	34.1447	0	27.069	0	237.8	0	72.7	0	36.60	0	0.01	0	0.000140	0	7.8358	0	7.5579	0
9645SoOcn	 3	C	02/08/2016	18:33	  83.300	-48.648		   350.79	0	  3.8473	0	34.1404	0	27.062	0	238.8	0	73.1	0	36.06	0	0.00	0	0.000143	0	7.8402	0	7.5621	0
9645SoOcn	 3	C	02/08/2016	18:33	  83.300	-48.648		   340.89	0	  3.8736	0	34.1315	0	27.052	0	240.8	0	73.8	0	36.30	0	0.01	0	0.000149	0	7.8413	0	7.5631	0
9645SoOcn	 3	C	02/08/2016	18:33	  83.300	-48.648		   331.45	0	  3.9059	0	34.1155	0	27.035	0	243.9	0	74.8	0	35.16	0	0.00	0	0.000157	0	7.8453	0	7.5669	0
9645SoOcn	 3	C	02/08/2016	18:33	  83.300	-48.648		   321.25	0	  3.8545	0	34.1003	0	27.029	0	246.6	0	75.5	0	35.70	0	0.01	0	0.000151	0	7.8548	0	7.5746	0
9645SoOcn	 3	C	02/08/2016	18:33	  83.300	-48.648		   311.73	0	  3.5910	0	34.0457	0	27.013	0	260.2	0	79.1	0	35.49	0	0.01	0	0.000136	0	7.8620	0	7.5773	0
9645SoOcn	 3	C	02/08/2016	18:33	  83.300	-48.648		   299.02	0	  3.9609	0	34.0734	0	26.995	0	256.5	0	78.7	0	35.12	0	0.01	0	0.000136	0	7.8631	0	7.5830	0
9645SoOcn	 3	C	02/08/2016	18:33	  83.300	-48.648		   289.54	0	  4.1429	0	34.0774	0	26.978	0	256.7	0	79.1	0	34.84	0	0.00	0	0.000140	0	7.8604	0	7.5827	0
9645SoOcn	 3	C	02/08/2016	18:33	  83.300	-48.648		   280.63	0	  4.2652	0	34.0894	0	26.974	0	253.6	0	78.4	0	34.69	0	0.00	0	0.000149	0	7.8617	0	7.5853	0
9645SoOcn	 3	C	02/08/2016	18:33	  83.300	-48.648		   271.59	0	  4.3300	0	34.0825	0	26.961	0	253.2	0	78.4	0	34.26	0	0.00	0	0.000148	0	7.8683	0	7.5920	0
9645SoOcn	 3	C	02/08/2016	18:33	  83.300	-48.648		   261.53	0	  4.1200	0	34.0437	0	26.953	0	260.2	0	80.1	0	34.79	0	0.00	0	0.000141	0	7.8722	0	7.5923	0
9645SoOcn	 3	C	02/08/2016	18:33	  83.300	-48.648		   251.55	0	  4.2354	0	34.0453	0	26.941	0	260.2	0	80.4	0	33.81	0	0.00	0	0.000149	0	7.8766	0	7.5976	0
9645SoOcn	 3	C	02/08/2016	18:33	  83.300	-48.648		   241.45	0	  4.0901	0	34.0053	0	26.925	0	267.0	0	82.1	0	34.34	0	0.00	0	0.000135	0	7.8822	0	7.6004	0
9645SoOcn	 3	C	02/08/2016	18:33	  83.300	-48.648		   231.59	0	  4.5491	0	34.0703	0	26.925	0	262.7	0	81.8	0	33.60	0	0.01	0	0.000140	0	7.8764	0	7.6011	0
9645SoOcn	 3	C	02/08/2016	18:33	  83.300	-48.648		   221.69	0	  4.8026	0	34.0778	0	26.901	0	256.9	0	80.4	0	33.34	0	0.01	0	0.000151	0	7.8809	0	7.6085	0
9645SoOcn	 3	C	02/08/2016	18:33	  83.300	-48.648		   211.68	0	  4.6097	0	34.0352	0	26.889	0	261.8	0	81.6	0	33.71	0	0.01	0	0.000167	0	7.8850	0	7.6092	0
9645SoOcn	 3	C	02/08/2016	18:33	  83.300	-48.648		   201.18	0	  4.7345	0	34.0211	0	26.863	0	263.4	0	82.3	0	33.65	0	0.02	0	0.000173	0	7.8867	0	7.6122	0
9645SoOcn	 3	C	02/08/2016	18:33	  83.300	-48.648		   191.36	0	  4.7121	0	34.0111	0	26.857	0	265.4	0	82.9	0	33.50	0	0.01	0	0.000165	0	7.8915	0	7.6159	0
9645SoOcn	 3	C	02/08/2016	18:33	  83.300	-48.648		   181.27	0	  4.8324	0	34.0034	0	26.837	0	267.5	0	83.8	0	32.70	0	0.01	0	0.000178	0	7.8943	0	7.6198	0
9645SoOcn	 3	C	02/08/2016	18:33	  83.300	-48.648		   171.48	0	  4.5497	0	33.9439	0	26.821	0	273.0	0	84.9	0	32.51	0	0.04	0	0.000178	0	7.9059	0	7.6262	0
9645SoOcn	 3	C	02/08/2016	18:33	  83.300	-48.648		   161.09	0	  4.7581	0	33.9319	0	26.787	0	276.0	0	86.3	0	31.90	0	0.04	0	0.000185	0	7.9068	0	7.6296	0
9645SoOcn	 3	C	02/08/2016	18:33	  83.300	-48.648		   151.33	0	  5.6704	0	34.0457	0	26.768	0	265.5	0	84.9	0	31.52	0	0.01	0	0.000159	0	7.9018	0	7.6375	0
9645SoOcn	 3	C	02/08/2016	18:33	  83.300	-48.648		   141.39	0	  6.2097	0	34.1048	0	26.746	0	258.1	0	83.6	0	30.55	0	0.03	0	0.000141	0	7.9072	0	7.6497	0
9645SoOcn	 3	C	02/08/2016	18:33	  83.300	-48.648		   131.14	0	  6.3586	0	34.0932	0	26.716	0	259.4	0	84.3	0	30.01	0	0.06	0	0.000146	0	7.9105	0	7.6545	0
9645SoOcn	 3	C	02/08/2016	18:33	  83.300	-48.648		   121.10	0	  6.6914	0	34.1131	0	26.688	0	256.4	0	84.0	0	30.46	0	0.08	0	0.000141	0	7.9085	0	7.6570	0
9645SoOcn	 3	C	02/08/2016	18:33	  83.300	-48.648		   111.19	0	  6.0224	0	33.9249	0	26.622	0	269.4	0	86.8	0	30.63	0	0.14	0	0.000156	0	7.9255	0	7.6629	0
9645SoOcn	 3	C	02/08/2016	18:33	  83.300	-48.648		   100.89	0	  6.2001	0	33.9185	0	26.593	0	272.8	0	88.2	0	29.93	0	0.22	0	0.000172	0	7.9289	0	7.6681	0
9645SoOcn	 3	C	02/08/2016	18:33	  83.300	-48.648		    94.23	0	  6.2029	0	33.8925	0	26.572	0	275.1	0	88.9	0	29.79	0	0.29	0	0.000172	0	7.9370	0	7.6754	0
9645SoOcn	 3	C	02/08/2016	18:33	  83.300	-48.648		    87.91	0	  6.1651	0	33.8356	0	26.53	0	278.3	0	89.9	0	28.93	0	0.45	0	0.000186	0	7.9427	0	7.6798	0
9645SoOcn	 3	C	02/08/2016	18:33	  83.300	-48.648		    82.25	0	  6.5286	0	33.8368	0	26.482	0	279.3	0	91.0	0	28.59	0	0.70	0	0.000199	0	7.9502	0	7.6916	0
9645SoOcn	 3	C	02/08/2016	18:33	  83.300	-48.648		    76.69	0	  6.5704	0	33.8259	0	26.467	0	280.7	0	91.5	0	28.50	0	0.82	0	0.000213	0	7.9541	0	7.6956	0
9645SoOcn	 3	C	02/08/2016	18:33	  83.300	-48.648		    71.29	0	  7.1356	0	33.8124	0	26.377	0	278.3	0	91.9	0	28.18	0	1.19	0	0.000257	0	7.9554	0	7.7046	0
9645SoOcn	 3	C	02/08/2016	18:33	  83.300	-48.648		    66.94	0	  7.2604	0	33.7716	0	26.325	0	280.2	0	92.8	0	28.42	0	1.56	0	0.000271	0	7.9563	0	7.7071	0
9645SoOcn	 3	C	02/08/2016	18:33	  83.300	-48.648		    63.91	0	  7.2170	0	33.7545	0	26.317	0	282.0	0	93.3	0	28.30	0	1.60	0	0.000270	0	7.9560	0	7.7060	0
9645SoOcn	 3	C	02/08/2016	18:33	  83.300	-48.648		    61.19	0	  7.1704	0	33.7486	0	26.319	0	283.0	0	93.5	0	28.51	0	1.58	0	0.000268	0	7.9577	0	7.7069	0
9645SoOcn	 3	C	02/08/2016	18:33	  83.300	-48.648		    56.86	0	  7.1791	0	33.7493	0	26.318	0	283.1	0	93.6	0	28.94	0	1.58	0	0.000270	0	7.9611	0	7.7100	0
9645SoOcn	 3	C	02/08/2016	18:33	  83.300	-48.648		    51.75	0	  7.1767	0	33.7493	0	26.319	0	283.2	0	93.6	0	28.26	0	1.61	0	0.000258	0	7.9602	0	7.7089	0
9645SoOcn	 3	C	02/08/2016	18:33	  83.300	-48.648		    46.72	0	  7.1754	0	33.7491	0	26.319	0	283.4	0	93.6	0	28.58	0	1.60	0	0.000268	0	7.9611	0	7.7096	0
9645SoOcn	 3	C	02/08/2016	18:33	  83.300	-48.648		    41.70	0	  7.1618	0	33.7470	0	26.319	0	283.5	0	93.7	0	29.03	0	1.58	0	0.000276	0	7.9597	0	7.7079	0
9645SoOcn	 3	C	02/08/2016	18:33	  83.300	-48.648		    36.59	0	  7.1801	0	33.7495	0	26.318	0	283.5	0	93.7	0	28.48	0	1.53	0	0.000268	0	7.9618	0	7.7100	0
9645SoOcn	 3	C	02/08/2016	18:33	  83.300	-48.648		    31.88	0	  7.1830	0	33.7503	0	26.319	0	283.5	0	93.7	0	28.29	0	1.58	0	0.000257	0	7.9633	0	7.7113	0
9645SoOcn	 3	C	02/08/2016	18:33	  83.300	-48.648		    26.27	0	  7.1709	0	33.7483	0	26.319	0	283.6	0	93.7	0	28.35	0	1.58	0	0.000254	0	7.9635	0	7.7111	0
9645SoOcn	 3	C	02/08/2016	18:33	  83.300	-48.648		    21.38	0	  7.1726	0	33.7493	0	26.319	0	283.5	0	93.7	0	28.56	0	1.58	0	0.000250	0	7.9638	0	7.7112	0
9645SoOcn	 3	C	02/08/2016	18:33	  83.300	-48.648		    16.66	0	  7.1679	0	33.7486	0	26.319	0	283.7	0	93.7	0	28.23	0	1.56	0	0.000284	0	7.9662	0	7.7131	0
9645SoOcn	 3	C	02/08/2016	18:33	  83.300	-48.648		    11.32	0	  7.1725	0	33.7505	0	26.32	0	283.7	0	93.7	0	28.79	0	1.52	0	0.000257	0	7.9669	0	7.7137	0
9645SoOcn	 3	C	02/08/2016	18:33	  83.300	-48.648		     7.08	0	  7.1797	0	33.7502	0	26.319	0	283.6	0	93.7	0	28.85	4	1.58	0	0.000274	0	7.9673	0	7.7141	0
9645SoOcn	 3	C	02/08/2016	18:33	  83.300	-48.648																					
9645SoOcn	 4	C	02/19/2016	18:20	  82.416	-49.387		  1798.89	0	  1.9402	0	34.7494	0	27.751	0	187.2	0	54.9	0	36.22	0	0.01	0	0.000095	0	7.7990	0	7.5456	0
9645SoOcn	 4	C	02/19/2016	18:20	  82.416	-49.387		  1699.60	0	  2.0338	0	34.7488	0	27.742	0	186.0	0	54.6	0	36.65	0	0.01	0	0.000098	0	7.7994	0	7.5440	0
9645SoOcn	 4	C	02/19/2016	18:20	  82.416	-49.387		  1598.97	0	  2.1165	0	34.7423	0	27.729	0	183.9	0	54.1	0	37.56	0	0.01	0	0.000100	0	7.7993	0	7.5418	0
9645SoOcn	 4	C	02/19/2016	18:20	  82.416	-49.387		  1499.39	0	  2.1830	0	34.7360	0	27.718	0	181.8	0	53.6	0	37.08	0	0.02	0	0.000098	0	7.7977	0	7.5379	0
9645SoOcn	 4	C	02/19/2016	18:20	  82.416	-49.387		  1399.71	0	  2.2173	0	34.7168	0	27.699	0	177.1	0	52.3	0	37.71	0	0.01	0	0.000101	0	7.7869	0	7.5251	0
9645SoOcn	 4	C	02/19/2016	18:20	  82.416	-49.387		  1299.09	0	  2.2839	0	34.7042	0	27.682	0	175.0	0	51.7	0	38.24	0	0.01	0	0.000104	0	7.7872	0	7.5231	0
9645SoOcn	 4	C	02/19/2016	18:20	  82.416	-49.387		  1196.34	0	  2.3258	0	34.6780	0	27.657	0	171.3	0	50.7	0	38.60	0	0.01	0	0.000104	0	7.7755	0	7.5095	0
9645SoOcn	 4	C	02/19/2016	18:20	  82.416	-49.387		  1099.29	0	  2.4201	0	34.6607	0	27.634	0	170.0	0	50.4	0	39.08	0	0.01	0	0.000104	0	7.7766	0	7.5087	0
9645SoOcn	 4	C	02/19/2016	18:20	  82.416	-49.387		   999.16	0	  2.5275	0	34.6349	0	27.603	0	168.1	0	50.0	0	39.81	0	0.01	0	0.000106	0	7.7721	0	7.5028	0
9645SoOcn	 4	C	02/19/2016	18:20	  82.416	-49.387		   951.22	0	  2.4704	0	34.6068	0	27.585	0	165.8	0	49.2	0	40.55	0	0.01	0	0.000114	0	7.7626	0	7.4917	0
9645SoOcn	 4	C	02/19/2016	18:20	  82.416	-49.387		   900.61	0	  2.5080	0	34.5808	0	27.56	0	165.0	0	49.0	0	40.44	0	0.01	0	0.000109	0	7.7575	0	7.4858	0
9645SoOcn	 4	C	02/19/2016	18:20	  82.416	-49.387		   851.46	0	  2.5521	0	34.5617	0	27.541	0	165.0	0	49.0	0	40.59	0	0.00	0	0.000111	0	7.7564	0	7.4838	0
9645SoOcn	 4	C	02/19/2016	18:20	  82.416	-49.387		   801.54	0	  2.5561	0	34.5431	0	27.525	0	165.3	0	49.1	0	40.86	0	0.01	0	0.000116	0	7.7548	0	7.4808	0
9645SoOcn	 4	C	02/19/2016	18:20	  82.416	-49.387		   751.59	0	  2.7540	0	34.5399	0	27.503	0	165.0	0	49.3	0	40.57	0	0.01	0	0.000112	0	7.7617	0	7.4882	0
9645SoOcn	 4	C	02/19/2016	18:20	  82.416	-49.387		   701.24	0	  2.5285	0	34.4832	0	27.479	0	167.8	0	49.8	0	41.80	0	0.01	0	0.000120	0	7.7495	0	7.4722	0
9645SoOcn	 4	C	02/19/2016	18:20	  82.416	-49.387		   651.11	0	  2.5951	0	34.4547	0	27.449	0	171.0	0	50.9	0	41.50	0	0.01	0	0.000120	0	7.7520	0	7.4738	0
9645SoOcn	 4	C	02/19/2016	18:20	  82.416	-49.387		   601.07	0	  2.6797	0	34.4196	0	27.412	0	173.9	0	51.8	0	41.61	0	0.01	0	0.000133	0	7.7542	0	7.4754	0
9645SoOcn	 4	C	02/19/2016	18:20	  82.416	-49.387		   551.19	0	  2.6165	0	34.3758	0	27.383	0	179.5	0	53.4	0	41.30	0	0.01	0	0.000132	0	7.7561	0	7.4746	0
9645SoOcn	 4	C	02/19/2016	18:20	  82.416	-49.387		   499.62	0	  2.5842	0	34.3337	0	27.352	0	186.4	0	55.4	0	41.52	0	0.01	0	0.000125	0	7.7642	0	7.4799	0
9645SoOcn	 4	C	02/19/2016	18:20	  82.416	-49.387		   451.48	0	  2.6792	0	34.2853	0	27.303	0	196.8	0	58.6	0	40.65	0	0.01	0	0.000124	0	7.7766	0	7.4909	0
9645SoOcn	 4	C	02/19/2016	18:20	  82.416	-49.387		   401.43	0	  2.8811	0	34.2553	0	27.258	0	204.7	0	61.2	0	40.07	0	0.00	0	0.000125	0	7.7939	0	7.5080	0
9645SoOcn	 4	C	02/19/2016	18:20	  82.416	-49.387		   381.38	0	  2.6278	0	34.2001	0	27.238	0	216.6	0	64.3	0	39.57	0	0.01	0	0.000128	0	7.8046	0	7.5136	0
9645SoOcn	 4	C	02/19/2016	18:20	  82.416	-49.387		   360.78	0	  2.9995	0	34.2245	0	27.221	0	215.9	0	64.7	0	39.59	0	0.00	0	0.000128	0	7.8073	0	7.5206	0
9645SoOcn	 4	C	02/19/2016	18:20	  82.416	-49.387		   350.99	0	  2.6404	0	34.1746	0	27.216	0	222.1	0	66.0	0	39.43	0	0.01	0	0.000133	0	7.8131	0	7.5206	0
9645SoOcn	 4	C	02/19/2016	18:20	  82.416	-49.387		   341.53	0	  2.5520	0	34.1481	0	27.203	0	229.4	0	68.0	0	39.39	0	0.01	0	0.000157	0	7.8162	0	7.5219	0
9645SoOcn	 4	C	02/19/2016	18:20	  82.416	-49.387		   331.09	0	  2.5541	0	34.1373	0	27.194	0	232.7	0	69.0	0	39.10	0	0.01	0	0.000133	0	7.8208	0	7.5258	0
9645SoOcn	 4	C	02/19/2016	18:20	  82.416	-49.387		   320.90	0	  2.5585	0	34.1252	0	27.184	0	236.7	0	70.2	0	39.10	0	0.01	0	0.000148	0	7.8263	0	7.5305	0
9645SoOcn	 4	C	02/19/2016	18:20	  82.416	-49.387		   311.30	0	  2.5285	0	34.1038	0	27.169	0	241.9	0	71.6	0	38.52	0	0.01	0	0.000143	0	7.8291	0	7.5324	0
9645SoOcn	 4	C	02/19/2016	18:20	  82.416	-49.387		   301.03	0	  2.5850	0	34.0987	0	27.16	0	244.6	0	72.5	0	38.24	0	0.01	0	0.000143	0	7.8343	0	7.5376	0
9645SoOcn	 4	C	02/19/2016	18:20	  82.416	-49.387		   291.24	0	  2.6002	0	34.0831	0	27.146	0	247.6	0	73.4	0	38.39	0	0.01	0	0.000165	0	7.8419	0	7.5444	0
9645SoOcn	 4	C	02/19/2016	18:20	  82.416	-49.387		   278.42	0	  2.6280	0	34.0530	0	27.118	0	255.2	0	75.7	0	37.31	0	0.01	0	0.000138	0	7.8505	0	7.5523	0
9645SoOcn	 4	C	02/19/2016	18:20	  82.416	-49.387		   268.91	0	  2.4910	0	34.0273	0	27.111	0	261.5	0	77.3	0	37.20	0	0.01	0	0.000148	0	7.8613	0	7.5600	0
9645SoOcn	 4	C	02/19/2016	18:20	  82.416	-49.387		   260.56	0	  2.8766	0	34.0379	0	27.081	0	261.8	0	78.2	0	37.25	0	0.01	0	0.000143	0	7.8565	0	7.5607	0
9645SoOcn	 4	C	02/19/2016	18:20	  82.416	-49.387		   250.84	0	  2.9733	0	34.0391	0	27.072	0	262.0	0	78.4	0	36.98	0	0.01	0	0.000146	0	7.8622	0	7.5669	0
9645SoOcn	 4	C	02/19/2016	18:20	  82.416	-49.387		   241.69	0	  3.0608	0	34.0252	0	27.052	0	264.5	0	79.3	0	36.22	0	0.00	0	0.000154	0	7.8646	0	7.5700	0
9645SoOcn	 4	C	02/19/2016	18:20	  82.416	-49.387		   231.12	0	  3.0114	0	34.0052	0	27.041	0	269.0	0	80.6	0	36.28	0	0.01	0	0.000148	0	7.8703	0	7.5742	0
9645SoOcn	 4	C	02/19/2016	18:20	  82.416	-49.387		   221.72	0	  2.9158	0	33.9821	0	27.032	0	273.2	0	81.6	0	36.55	0	0.01	0	0.000151	0	7.8741	0	7.5761	0
9645SoOcn	 4	C	02/19/2016	18:20	  82.416	-49.387		   211.56	0	  2.8010	0	33.9475	0	27.015	0	279.4	0	83.2	0	36.01	0	0.01	0	0.000172	0	7.8837	0	7.5829	0
9645SoOcn	 4	C	02/19/2016	18:20	  82.416	-49.387		   199.34	0	  2.7884	0	33.9253	0	26.998	0	285.9	0	85.1	0	35.38	0	0.02	0	0.000159	0	7.8883	0	7.5866	0
9645SoOcn	 4	C	02/19/2016	18:20	  82.416	-49.387		   189.95	0	  2.8919	0	33.9100	0	26.975	0	287.2	0	85.7	0	35.42	0	0.03	0	0.000188	0	7.8936	0	7.5925	0
9645SoOcn	 4	C	02/19/2016	18:20	  82.416	-49.387		   180.86	0	  2.9300	0	33.9072	0	26.969	0	289.0	0	86.4	0	35.75	0	0.01	0	0.000183	0	7.8939	0	7.5931	0
9645SoOcn	 4	C	02/19/2016	18:20	  82.416	-49.387		   171.41	0	  2.9842	0	33.8986	0	26.956	0	290.4	0	86.9	0	35.04	0	0.02	0	0.000246	0	7.8970	0	7.5964	0
9645SoOcn	 4	C	02/19/2016	18:20	  82.416	-49.387		   161.07	0	  3.1251	0	33.8952	0	26.939	0	290.2	0	87.1	0	35.09	0	0.03	0	0.000202	0	7.8976	0	7.5985	0
9645SoOcn	 4	C	02/19/2016	18:20	  82.416	-49.387		   150.73	0	  3.1598	0	33.8892	0	26.931	0	291.1	0	87.4	0	35.33	0	0.03	0	0.000218	0	7.9004	0	7.6012	0
9645SoOcn	 4	C	02/19/2016	18:20	  82.416	-49.387		   141.49	0	  3.2960	0	33.8779	0	26.907	0	290.6	0	87.6	0	34.78	0	0.04	0	0.000217	0	7.9006	0	7.6029	0
9645SoOcn	 4	C	02/19/2016	18:20	  82.416	-49.387		   130.80	0	  3.4091	0	33.8699	0	26.888	0	290.3	0	87.8	0	35.20	0	0.04	0	0.000215	0	7.9011	0	7.6046	0
9645SoOcn	 4	C	02/19/2016	18:20	  82.416	-49.387		   120.88	0	  3.4186	0	33.8505	0	26.872	0	291.4	0	88.1	0	34.86	0	0.03	0	0.000236	0	7.9025	0	7.6057	0
9645SoOcn	 4	C	02/19/2016	18:20	  82.416	-49.387		   111.19	0	  3.5479	0	33.8476	0	26.855	0	291.0	0	88.3	0	34.51	0	0.04	0	0.000244	0	7.9037	0	7.6083	0
9645SoOcn	 4	C	02/19/2016	18:20	  82.416	-49.387		   101.05	0	  3.7566	0	33.8374	0	26.824	0	290.6	0	88.6	0	34.11	0	0.06	0	0.000212	0	7.9081	0	7.6149	0
9645SoOcn	 4	C	02/19/2016	18:20	  82.416	-49.387		    95.34	0	  3.9732	0	33.8367	0	26.8	0	289.5	0	88.7	0	33.68	0	0.10	0	0.000202	0	7.9106	0	7.6200	0
9645SoOcn	 4	C	02/19/2016	18:20	  82.416	-49.387		    88.96	0	  4.1445	0	33.8317	0	26.776	0	288.9	0	88.9	0	32.71	0	0.18	0	0.000193	0	7.9152	0	7.6264	0
9645SoOcn	 4	C	02/19/2016	18:20	  82.416	-49.387		    82.58	0	  4.3263	0	33.8226	0	26.748	0	289.2	0	89.4	0	32.08	0	0.31	0	0.000202	0	7.9314	0	7.6436	0
9645SoOcn	 4	C	02/19/2016	18:20	  82.416	-49.387		    76.42	0	  4.7563	0	33.8014	0	26.68	0	290.1	0	90.6	0	30.78	0	0.63	0	0.000242	0	7.9482	0	7.6648	0
9645SoOcn	 4	C	02/19/2016	18:20	  82.416	-49.387		    70.75	0	  4.9315	0	33.7984	0	26.656	0	292.4	0	91.7	0	30.32	0	0.76	0	0.000228	0	7.9560	0	7.6742	0
9645SoOcn	 4	C	02/19/2016	18:20	  82.416	-49.387		    65.77	0	  5.2838	0	33.7871	0	26.603	0	291.9	0	92.3	0	29.95	0	0.97	0	0.000238	0	7.9582	0	7.6810	0
9645SoOcn	 4	C	02/19/2016	18:20	  82.416	-49.387		    61.99	0	  5.4677	0	33.7815	0	26.576	0	291.7	0	92.6	0	29.83	0	1.18	0	0.000255	0	7.9576	0	7.6828	0
9645SoOcn	 4	C	02/19/2016	18:20	  82.416	-49.387		    59.04	0	  5.8295	0	33.7684	0	26.518	0	290.5	0	93.0	0	30.31	0	1.34	0	0.000266	0	7.9573	0	7.6875	0
9645SoOcn	 4	C	02/19/2016	18:20	  82.416	-49.387		    56.34	0	  5.9344	0	33.7645	0	26.502	0	290.8	0	93.4	0	29.96	0	1.40	0	0.000279	0	7.9588	0	7.6903	0
9645SoOcn	 4	C	02/19/2016	18:20	  82.416	-49.387		    51.16	0	  5.9736	0	33.7636	0	26.496	0	291.3	0	93.6	0	30.10	0	1.39	0	0.000268	0	7.9611	0	7.6928	0
9645SoOcn	 4	C	02/19/2016	18:20	  82.416	-49.387		    44.50	0	  5.9694	0	33.7636	0	26.496	0	291.5	0	93.7	0	29.84	0	1.38	0	0.000271	0	7.9617	0	7.6931	0
9645SoOcn	 4	C	02/19/2016	18:20	  82.416	-49.387		    37.27	0	  5.9803	0	33.7633	0	26.495	0	291.6	0	93.7	0	30.35	0	1.43	0	0.000250	0	7.9629	0	7.6941	0
9645SoOcn	 4	C	02/19/2016	18:20	  82.416	-49.387		    30.85	0	  5.9920	0	33.7616	0	26.492	0	291.6	0	93.7	0	30.15	0	1.39	0	0.000262	0	7.9623	0	7.6934	0
9645SoOcn	 4	C	02/19/2016	18:20	  82.416	-49.387		    24.16	0	  5.9999	0	33.7626	0	26.491	0	291.7	0	93.8	0	30.72	0	1.40	0	0.000260	0	7.9651	0	7.6959	0
9645SoOcn	 4	C	02/19/2016	18:20	  82.416	-49.387		    16.05	0	  5.9952	0	33.7626	0	26.492	0	291.7	0	93.8	0	29.33	0	1.38	0	0.000258	0	7.9665	0	7.6969	0
9645SoOcn	 4	C	02/19/2016	18:20	  82.416	-49.387		     9.37	0	  5.9957	0	33.7625	0	26.492	0	291.8	0	93.8	0	29.95	0	1.41	0	0.000262	0	7.9684	0	7.6984	0
9645SoOcn	 4	C	02/19/2016	18:20	  82.416	-49.387		     4.43	0	  5.9949	0	33.7627	0	26.492	0	291.8	0	93.8	0	31.65	0	1.38	0	0.000249	0	7.9691	0	7.6988	0
9645SoOcn	 4	C	02/19/2016	18:20	  82.416	-49.387																					
9645SoOcn	 5	C	03/01/2016	18:19	  84.409	-50.532		  1798.94	0	  2.0539	0	34.7409	0	27.733	0	183.1	0	53.8	0	37.51	0	0.00	0	0.000098	0	7.7876	0	7.5367	0
9645SoOcn	 5	C	03/01/2016	18:19	  84.409	-50.532		  1699.52	0	  2.1204	0	34.7365	0	27.724	0	181.7	0	53.5	0	37.62	0	0.01	0	0.000096	0	7.7873	0	7.5341	0
9645SoOcn	 5	C	03/01/2016	18:19	  84.409	-50.532		  1599.64	0	  2.2110	0	34.7285	0	27.709	0	179.7	0	53.0	0	37.13	0	0.01	0	0.000101	0	7.7870	0	7.5318	0
9645SoOcn	 5	C	03/01/2016	18:19	  84.409	-50.532		  1499.13	0	  2.3223	0	34.7110	0	27.684	0	176.2	0	52.1	0	37.82	0	0.01	0	0.000101	0	7.7807	0	7.5242	0
9645SoOcn	 5	C	03/01/2016	18:19	  84.409	-50.532		  1399.45	0	  2.3678	0	34.6989	0	27.67	0	174.2	0	51.6	0	38.06	0	0.01	0	0.000103	0	7.7817	0	7.5225	0
9645SoOcn	 5	C	03/01/2016	18:19	  84.409	-50.532		  1299.47	0	  2.4356	0	34.6793	0	27.648	0	171.4	0	50.8	0	38.54	0	0.01	0	0.000104	0	7.7771	0	7.5159	0
9645SoOcn	 5	C	03/01/2016	18:19	  84.409	-50.532		  1199.10	0	  2.4626	0	34.6499	0	27.621	0	168.5	0	50.0	0	39.04	0	0.01	0	0.000116	0	7.7673	0	7.5040	0
9645SoOcn	 5	C	03/01/2016	18:19	  84.409	-50.532		  1099.55	0	  2.5024	0	34.6009	0	27.577	0	165.5	0	49.1	0	40.06	0	0.01	0	0.000116	0	7.7561	0	7.4910	0
9645SoOcn	 5	C	03/01/2016	18:19	  84.409	-50.532		   999.11	0	  2.5349	0	34.5533	0	27.535	0	164.4	0	48.8	0	40.36	0	0.01	0	0.000108	0	7.7476	0	7.4804	0
9645SoOcn	 5	C	03/01/2016	18:19	  84.409	-50.532		   951.72	0	  2.7114	0	34.5593	0	27.523	0	164.8	0	49.2	0	40.62	0	0.01	0	0.000106	0	7.7589	0	7.4916	0
9645SoOcn	 5	C	03/01/2016	18:19	  84.409	-50.532		   901.49	0	  2.7587	0	34.5425	0	27.505	0	165.1	0	49.3	0	40.86	0	0.01	0	0.000108	0	7.7579	0	7.4897	0
9645SoOcn	 5	C	03/01/2016	18:19	  84.409	-50.532		   851.34	0	  2.8335	0	34.5225	0	27.481	0	165.5	0	49.5	0	40.43	0	0.01	0	0.000104	0	7.7561	0	7.4874	0
9645SoOcn	 5	C	03/01/2016	18:19	  84.409	-50.532		   801.04	0	  2.9101	0	34.4870	0	27.444	0	167.2	0	50.1	0	40.97	0	0.01	0	0.000103	0	7.7555	0	7.4863	0
9645SoOcn	 5	C	03/01/2016	18:19	  84.409	-50.532		   751.06	0	  2.9632	0	34.4578	0	27.415	0	169.8	0	51.0	0	41.40	0	0.01	0	0.000104	0	7.7570	0	7.4868	0
9645SoOcn	 5	C	03/01/2016	18:19	  84.409	-50.532		   701.31	0	  2.9390	0	34.4213	0	27.388	0	174.2	0	52.2	0	40.81	0	0.01	0	0.000111	0	7.7581	0	7.4858	0
9645SoOcn	 5	C	03/01/2016	18:19	  84.409	-50.532		   651.58	0	  2.4434	0	34.3173	0	27.352	0	191.4	0	56.6	0	41.32	0	0.01	0	0.000132	0	7.7646	0	7.4833	0
9645SoOcn	 5	C	03/01/2016	18:19	  84.409	-50.532		   601.65	0	  2.2693	0	34.2514	0	27.315	0	205.8	0	60.6	0	40.22	0	0.01	0	0.000133	0	7.7808	0	7.4941	0
9645SoOcn	 5	C	03/01/2016	18:19	  84.409	-50.532		   551.44	0	  2.6844	0	34.2434	0	27.268	0	208.6	0	62.1	0	40.04	0	0.01	0	0.000144	0	7.7842	0	7.5013	0
9645SoOcn	 5	C	03/01/2016	18:19	  84.409	-50.532		   501.57	0	  2.6385	0	34.1875	0	27.227	0	220.2	0	65.4	0	39.75	0	0.01	0	0.000130	0	7.7991	0	7.5126	0
9645SoOcn	 5	C	03/01/2016	18:19	  84.409	-50.532		   450.82	0	  2.5168	0	34.1114	0	27.177	0	243.7	0	72.2	0	38.42	0	0.01	0	0.000143	0	7.8231	0	7.5313	0
9645SoOcn	 5	C	03/01/2016	18:19	  84.409	-50.532		   401.47	0	  2.3504	0	34.0413	0	27.136	0	262.2	0	77.3	0	36.89	0	0.02	0	0.000165	0	7.8453	0	7.5478	0
9645SoOcn	 5	C	03/01/2016	18:19	  84.409	-50.532		   381.13	0	  2.3649	0	34.0124	0	27.111	0	269.4	0	79.4	0	37.06	0	0.02	0	0.000183	0	7.8583	0	7.5592	0
9645SoOcn	 5	C	03/01/2016	18:19	  84.409	-50.532		   361.53	0	  2.5687	0	34.0060	0	27.086	0	272.9	0	80.9	0	36.03	0	0.01	0	0.000169	0	7.8625	0	7.5652	0
9645SoOcn	 5	C	03/01/2016	18:19	  84.409	-50.532		   351.61	0	  2.3588	0	33.9723	0	27.079	0	278.6	0	82.1	0	36.45	0	0.02	0	0.000164	0	7.8689	0	7.5679	0
9645SoOcn	 5	C	03/01/2016	18:19	  84.409	-50.532		   341.15	0	  2.4972	0	33.9770	0	27.069	0	278.3	0	82.3	0	36.38	0	0.02	0	0.000178	0	7.8706	0	7.5710	0
9645SoOcn	 5	C	03/01/2016	18:19	  84.409	-50.532		   331.16	0	  2.6919	0	33.9850	0	27.056	0	277.7	0	82.5	0	36.66	0	0.02	0	0.000175	0	7.8655	0	7.5687	0
9645SoOcn	 5	C	03/01/2016	18:19	  84.409	-50.532		   321.09	0	  2.9860	0	34.0172	0	27.053	0	270.9	0	81.1	0	35.97	0	0.01	0	0.000159	0	7.8662	0	7.5730	0
9645SoOcn	 5	C	03/01/2016	18:19	  84.409	-50.532		   311.67	0	  2.7664	0	33.9710	0	27.038	0	274.7	0	81.8	0	35.83	0	0.02	0	0.000178	0	7.8701	0	7.5732	0
9645SoOcn	 5	C	03/01/2016	18:19	  84.409	-50.532		   300.96	0	  3.0565	0	34.0065	0	27.037	0	272.5	0	81.7	0	35.66	0	0.01	0	0.000149	0	7.8635	0	7.5708	0
9645SoOcn	 5	C	03/01/2016	18:19	  84.409	-50.532		   291.73	0	  3.7149	0	34.0688	0	27.018	0	261.3	0	79.7	0	36.12	0	0.00	0	0.000146	0	7.8527	0	7.5698	0
9645SoOcn	 5	C	03/01/2016	18:19	  84.409	-50.532		   281.03	0	  3.6856	0	34.0638	0	27.017	0	255.2	0	77.8	0	35.49	0	0.00	0	0.000149	0	7.8572	0	7.5732	0
9645SoOcn	 5	C	03/01/2016	18:19	  84.409	-50.532		   271.49	0	  4.0846	0	34.0904	0	26.995	0	251.5	0	77.4	0	35.53	0	0.00	0	0.000144	0	7.8568	0	7.5781	0
9645SoOcn	 5	C	03/01/2016	18:19	  84.409	-50.532		   258.65	0	  3.9442	0	34.0549	0	26.982	0	257.7	0	79.0	0	34.77	0	0.00	0	0.000151	0	7.8649	0	7.5831	0
9645SoOcn	 5	C	03/01/2016	18:19	  84.409	-50.532		   250.55	0	  4.3121	0	34.0880	0	26.967	0	254.3	0	78.7	0	34.97	0	0.00	0	0.000144	0	7.8615	0	7.5848	0
9645SoOcn	 5	C	03/01/2016	18:19	  84.409	-50.532		   241.42	0	  4.5161	0	34.1120	0	26.963	0	249.6	0	77.6	0	34.71	0	0.00	0	0.000140	0	7.8604	0	7.5864	0
9645SoOcn	 5	C	03/01/2016	18:19	  84.409	-50.532		   230.76	0	  4.8339	0	34.1401	0	26.949	0	244.6	0	76.7	0	34.30	0	0.00	0	0.000143	0	7.8639	0	7.5936	0
9645SoOcn	 5	C	03/01/2016	18:19	  84.409	-50.532		   221.07	0	  4.2599	0	34.0388	0	26.933	0	254.4	0	78.6	0	34.34	0	0.01	0	0.000151	0	7.8799	0	7.6000	0
9645SoOcn	 5	C	03/01/2016	18:19	  84.409	-50.532		   210.69	0	  3.9471	0	33.9750	0	26.916	0	268.6	0	82.3	0	34.59	0	0.01	0	0.000165	0	7.8873	0	7.6020	0
9645SoOcn	 5	C	03/01/2016	18:19	  84.409	-50.532		   201.39	0	  3.8863	0	33.9435	0	26.897	0	275.2	0	84.2	0	34.11	0	0.01	0	0.000169	0	7.8891	0	7.6026	0
9645SoOcn	 5	C	03/01/2016	18:19	  84.409	-50.532		   191.28	0	  3.7991	0	33.9133	0	26.882	0	280.8	0	85.7	0	34.59	0	0.01	0	0.000173	0	7.8932	0	7.6048	0
9645SoOcn	 5	C	03/01/2016	18:19	  84.409	-50.532		   180.38	0	  4.2227	0	33.9392	0	26.855	0	277.4	0	85.6	0	33.47	0	0.02	0	0.000157	0	7.8921	0	7.6093	0
9645SoOcn	 5	C	03/01/2016	18:19	  84.409	-50.532		   171.55	0	  4.4292	0	33.9488	0	26.839	0	274.7	0	85.2	0	33.35	0	0.03	0	0.000156	0	7.8962	0	7.6157	0
9645SoOcn	 5	C	03/01/2016	18:19	  84.409	-50.532		   161.15	0	  4.1075	0	33.8852	0	26.824	0	283.9	0	87.3	0	33.12	0	0.06	0	0.000172	0	7.9063	0	7.6201	0
9645SoOcn	 5	C	03/01/2016	18:19	  84.409	-50.532		   148.71	0	  5.0044	0	33.9489	0	26.771	0	275.1	0	86.5	0	32.52	0	0.06	0	0.000151	0	7.8973	0	7.6239	0
9645SoOcn	 5	C	03/01/2016	18:19	  84.409	-50.532		   140.12	0	  5.8140	0	34.0519	0	26.754	0	262.6	0	84.2	0	31.69	0	0.04	0	0.000140	0	7.8935	0	7.6315	0
9645SoOcn	 5	C	03/01/2016	18:19	  84.409	-50.532		   130.84	0	  5.7394	0	34.0218	0	26.739	0	262.1	0	83.9	0	31.47	0	0.06	0	0.000156	0	7.8994	0	7.6356	0
9645SoOcn	 5	C	03/01/2016	18:19	  84.409	-50.532		   120.67	0	  5.7546	0	33.9818	0	26.704	0	265.0	0	84.8	0	31.07	0	0.12	0	0.000138	0	7.9044	0	7.6400	0
9645SoOcn	 5	C	03/01/2016	18:19	  84.409	-50.532		   110.44	0	  5.8692	0	33.9428	0	26.657	0	267.8	0	85.9	0	30.79	0	0.28	0	0.000151	0	7.9147	0	7.6507	0
9645SoOcn	 5	C	03/01/2016	18:19	  84.409	-50.532		   100.02	0	  6.1369	0	33.8497	0	26.545	0	272.0	0	87.8	0	30.27	0	0.85	0	0.000194	0	7.9436	0	7.6807	0
9645SoOcn	 5	C	03/01/2016	18:19	  84.409	-50.532		    90.11	0	  6.1054	0	33.7718	0	26.485	0	282.1	0	90.9	0	29.79	0	1.19	0	0.000221	0	7.9536	0	7.6890	0
9645SoOcn	 5	C	03/01/2016	18:19	  84.409	-50.532		    80.09	0	  6.0787	0	33.7613	0	26.48	0	287.1	0	92.5	0	29.61	0	1.25	0	0.000223	0	7.9565	0	7.6910	0
9645SoOcn	 5	C	03/01/2016	18:19	  84.409	-50.532		    70.68	0	  6.0733	0	33.7597	0	26.479	0	288.8	0	93.0	0	29.60	0	1.27	0	0.000226	0	7.9580	0	7.6920	0
9645SoOcn	 5	C	03/01/2016	18:19	  84.409	-50.532		    61.64	0	  6.0721	0	33.7582	0	26.478	0	289.2	0	93.1	0	29.52	0	1.28	0	0.000234	0	7.9582	0	7.6918	0
9645SoOcn	 5	C	03/01/2016	18:19	  84.409	-50.532		    53.70	0	  6.1129	0	33.7584	0	26.473	0	289.0	0	93.2	0	29.74	0	1.32	0	0.000236	0	7.9587	0	7.6926	0
9645SoOcn	 5	C	03/01/2016	18:19	  84.409	-50.532		    46.60	0	  6.2087	0	33.7587	0	26.46	0	288.5	0	93.2	0	29.31	0	1.33	0	0.000223	0	7.9588	0	7.6939	0
9645SoOcn	 5	C	03/01/2016	18:19	  84.409	-50.532		    39.99	0	  6.2921	0	33.7581	0	26.449	0	288.0	0	93.2	0	29.65	0	1.32	0	0.000225	0	7.9603	0	7.6962	0
9645SoOcn	 5	C	03/01/2016	18:19	  84.409	-50.532		    34.16	0	  6.2905	0	33.7603	0	26.451	0	288.0	0	93.2	0	29.96	0	1.34	0	0.000226	0	7.9607	0	7.6963	0
9645SoOcn	 5	C	03/01/2016	18:19	  84.409	-50.532		    29.36	0	  6.2855	0	33.7598	0	26.451	0	288.0	0	93.2	0	29.62	0	1.34	0	0.000225	0	7.9615	0	7.6968	0
9645SoOcn	 5	C	03/01/2016	18:19	  84.409	-50.532		    23.97	0	  6.2856	0	33.7596	0	26.451	0	288.0	0	93.2	0	29.56	0	1.35	0	0.000217	0	7.9623	0	7.6974	0
9645SoOcn	 5	C	03/01/2016	18:19	  84.409	-50.532		    19.47	0	  6.2892	0	33.7600	0	26.451	0	288.0	0	93.2	0	29.99	0	1.39	0	0.000226	0	7.9627	0	7.6976	0
9645SoOcn	 5	C	03/01/2016	18:19	  84.409	-50.532		    17.13	0	  6.2886	0	33.7596	0	26.45	0	288.2	0	93.3	0	29.46	0	1.35	0	0.000247	0	7.9631	0	7.6979	0
9645SoOcn	 5	C	03/01/2016	18:19	  84.409	-50.532		    15.95	0	  6.2883	0	33.7597	0	26.451	0	288.2	0	93.3	0	30.00	0	1.39	0	0.000220	0	7.9639	0	7.6987	0
9645SoOcn	 5	C	03/01/2016	18:19	  84.409	-50.532		    12.01	0	  6.2876	0	33.7599	0	26.451	0	288.2	0	93.3	0	30.00	0	1.32	0	0.000218	0	7.9667	0	7.7010	0
9645SoOcn	 5	C	03/01/2016	18:19	  84.409	-50.532		     6.24	0	  6.2851	0	33.7602	0	26.451	0	288.3	0	93.3	0	29.23	0	1.35	0	0.000217	0	7.9679	0	7.7019	0
9645SoOcn	 5	C	03/01/2016	18:19	  84.409	-50.532																					
