//0																													
Cruise	Station	Type	mon/day/yr	hh:mm	Lon [°E]	Lat [°N]	Bot. Depth[m]	Depth[m]	QF	Temperature[°C]	QF	Salinity	QF	Density	QF	Oxygen[µM]	QF	OxygenSat[%]	QF	Nitrate[µM]	QF	Chlorophyll[µg/l]	QF	BackScatter[/m/sr]	QF	pHinsitu[Total]	QF	pH25C[Total]	QF
9652SoOcn	 1	C	01/07/2016	19:29	305.365	-60.626		  1799.47	0	  0.3395	0	34.6688	0	27.817	0	197.0	0	55.4	0	29.59	0	0.01	0	0.000122	0	7.8717	0	7.5903	0
9652SoOcn	 1	C	01/07/2016	19:29	305.365	-60.626		  1699.20	0	  0.5746	0	34.6946	0	27.82	0	186.5	0	52.8	0	29.67	0	0.02	0	0.000109	0	7.8693	0	7.5881	0
9652SoOcn	 1	C	01/07/2016	19:29	305.365	-60.626		  1598.94	0	  0.5914	0	34.6887	0	27.814	0	187.8	0	53.1	0	29.51	0	0.02	0	0.000111	0	7.8735	0	7.5889	0
9652SoOcn	 1	C	01/07/2016	19:29	305.365	-60.626		  1499.32	0	  0.8133	0	34.7119	0	27.816	0	179.5	0	51.1	0	29.35	0	0.01	0	0.000101	0	7.8759	0	7.5908	0
9652SoOcn	 1	C	01/07/2016	19:29	305.365	-60.626		  1398.25	0	  0.8524	0	34.7097	0	27.811	0	180.2	0	51.4	0	29.35	0	0.01	0	0.000103	0	7.8797	0	7.5915	0
9652SoOcn	 1	C	01/07/2016	19:29	305.365	-60.626		  1299.38	0	  0.9709	0	34.7174	0	27.808	0	176.7	0	50.5	0	29.03	0	0.01	0	0.000098	0	7.8826	0	7.5925	0
9652SoOcn	 1	C	01/07/2016	19:29	305.365	-60.626		  1199.16	0	  1.0427	0	34.7198	0	27.804	0	175.5	0	50.3	0	29.21	0	0.02	0	0.000097	0	7.8861	0	7.5934	0
9652SoOcn	 1	C	01/07/2016	19:29	305.365	-60.626		  1099.49	0	  1.1177	0	34.7222	0	27.799	0	174.3	0	50.0	0	29.05	0	0.01	0	0.000098	0	7.8889	0	7.5937	0
9652SoOcn	 1	C	01/07/2016	19:29	305.365	-60.626		   999.48	0	  1.2264	0	34.7241	0	27.792	0	172.5	0	49.6	0	28.80	0	0.02	0	0.000101	0	7.8905	0	7.5934	0
9652SoOcn	 1	C	01/07/2016	19:29	305.365	-60.626		   950.92	0	  1.2776	0	34.7253	0	27.789	0	171.5	0	49.4	0	28.99	0	0.02	0	0.000095	0	7.8846	0	7.5871	0
9652SoOcn	 1	C	01/07/2016	19:29	305.365	-60.626		   901.41	0	  1.3105	0	34.7260	0	27.786	0	171.3	0	49.4	0	28.81	0	0.02	0	0.000098	0	7.8854	0	7.5866	0
9652SoOcn	 1	C	01/07/2016	19:29	305.365	-60.626		   851.33	0	  1.4001	0	34.7274	0	27.78	0	170.1	0	49.2	0	28.63	0	0.02	0	0.000100	0	7.8867	0	7.5875	0
9652SoOcn	 1	C	01/07/2016	19:29	305.365	-60.626		   801.54	0	  1.4610	0	34.7283	0	27.776	0	168.9	0	48.9	0	28.91	0	0.01	0	0.000101	0	7.8878	0	7.5877	0
9652SoOcn	 1	C	01/07/2016	19:29	305.365	-60.626		   751.71	0	  1.5026	0	34.7284	0	27.772	0	168.5	0	48.8	0	28.79	0	0.01	0	0.000101	0	7.8886	0	7.5873	0
9652SoOcn	 1	C	01/07/2016	19:29	305.365	-60.626		   701.54	0	  1.5677	0	34.7287	0	27.767	0	167.2	0	48.5	0	28.48	0	0.02	0	0.000100	0	7.8879	0	7.5859	0
9652SoOcn	 1	C	01/07/2016	19:29	305.365	-60.626		   651.36	0	  1.6193	0	34.7280	0	27.762	0	166.3	0	48.3	0	28.67	0	0.02	0	0.000101	0	7.8882	0	7.5853	0
9652SoOcn	 1	C	01/07/2016	19:29	305.365	-60.626		   599.27	0	  1.6706	0	34.7272	0	27.757	0	165.2	0	48.1	0	28.69	0	0.02	0	0.000117	0	7.8866	0	7.5827	0
9652SoOcn	 1	C	01/07/2016	19:29	305.365	-60.626		   551.30	0	  1.7131	0	34.7239	0	27.75	0	163.9	0	47.8	0	28.74	0	0.02	0	0.000105	0	7.8843	0	7.5797	0
9652SoOcn	 1	C	01/07/2016	19:29	305.365	-60.626		   500.70	0	  1.7896	0	34.7192	0	27.74	0	161.9	0	47.2	0	28.77	0	0.01	0	0.000100	0	7.8795	0	7.5746	0
9652SoOcn	 1	C	01/07/2016	19:29	305.365	-60.626		   451.04	0	  1.8604	0	34.7128	0	27.728	0	159.9	0	46.8	0	28.86	0	0.02	0	0.000105	0	7.8738	0	7.5688	0
9652SoOcn	 1	C	01/07/2016	19:29	305.365	-60.626		   401.17	0	  1.9219	0	34.7025	0	27.714	0	157.5	0	46.1	0	29.16	0	0.02	0	0.000100	0	7.8698	0	7.5643	0
9652SoOcn	 1	C	01/07/2016	19:29	305.365	-60.626		   381.20	0	  1.9261	0	34.7010	0	27.712	0	157.3	0	46.1	0	29.29	0	0.01	0	0.000101	0	7.8678	0	7.5619	0
9652SoOcn	 1	C	01/07/2016	19:29	305.365	-60.626		   360.87	0	  1.9467	0	34.6981	0	27.708	0	157.0	0	46.0	0	29.23	0	0.02	0	0.000108	0	7.8686	0	7.5623	0
9652SoOcn	 1	C	01/07/2016	19:29	305.365	-60.626		   351.54	0	  1.9590	0	34.6968	0	27.706	0	157.0	0	46.0	0	29.24	0	0.02	0	0.000103	0	7.8668	0	7.5605	0
9652SoOcn	 1	C	01/07/2016	19:29	305.365	-60.626		   341.43	0	  1.9596	0	34.6945	0	27.704	0	156.8	0	46.0	0	29.35	0	0.02	0	0.000101	0	7.8666	0	7.5600	0
9652SoOcn	 1	C	01/07/2016	19:29	305.365	-60.626		   331.25	0	  1.9808	0	34.6884	0	27.697	0	156.1	0	45.8	0	29.46	0	0.02	0	0.000106	0	7.8633	0	7.5569	0
9652SoOcn	 1	C	01/07/2016	19:29	305.365	-60.626		   319.19	0	  1.9924	0	34.6861	0	27.694	0	155.4	0	45.6	0	29.61	0	0.02	0	0.000101	0	7.8634	0	7.5567	0
9652SoOcn	 1	C	01/07/2016	19:29	305.365	-60.626		   310.20	0	  1.9999	0	34.6833	0	27.691	0	155.1	0	45.5	0	29.45	0	0.02	0	0.000101	0	7.8632	0	7.5563	0
9652SoOcn	 1	C	01/07/2016	19:29	305.365	-60.626		   300.76	0	  2.0008	0	34.6829	0	27.691	0	155.0	0	45.5	0	29.55	0	0.02	0	0.000105	0	7.8623	0	7.5553	0
9652SoOcn	 1	C	01/07/2016	19:29	305.365	-60.626		   291.13	0	  2.0025	0	34.6821	0	27.69	0	154.9	0	45.5	0	29.76	0	0.02	0	0.000101	0	7.8624	0	7.5550	0
9652SoOcn	 1	C	01/07/2016	19:29	305.365	-60.626		   280.71	0	  2.0306	0	34.6789	0	27.685	0	154.3	0	45.3	0	29.69	0	0.02	0	0.000103	0	7.8616	0	7.5543	0
9652SoOcn	 1	C	01/07/2016	19:29	305.365	-60.626		   271.20	0	  2.0330	0	34.6749	0	27.682	0	154.2	0	45.3	0	29.65	0	0.02	0	0.000105	0	7.8592	0	7.5519	0
9652SoOcn	 1	C	01/07/2016	19:29	305.365	-60.626		   260.75	0	  2.0255	0	34.6642	0	27.674	0	153.4	0	45.0	0	30.00	0	0.02	0	0.000105	0	7.8563	0	7.5487	0
9652SoOcn	 1	C	01/07/2016	19:29	305.365	-60.626		   251.62	0	  2.0283	0	34.6604	0	27.67	0	153.2	0	45.0	0	29.85	0	0.02	0	0.000106	0	7.8562	0	7.5484	0
9652SoOcn	 1	C	01/07/2016	19:29	305.365	-60.626		   241.46	0	  2.0351	0	34.6544	0	27.665	0	152.7	0	44.8	0	30.15	0	0.01	0	0.000108	0	7.8539	0	7.5461	0
9652SoOcn	 1	C	01/07/2016	19:29	305.365	-60.626		   231.10	0	  2.0373	0	34.6525	0	27.663	0	152.5	0	44.8	0	30.06	0	0.01	0	0.000105	0	7.8545	0	7.5463	0
9652SoOcn	 1	C	01/07/2016	19:29	305.365	-60.626		   221.29	0	  2.0517	0	34.6508	0	27.66	0	152.3	0	44.7	0	30.11	0	0.02	0	0.000105	0	7.8527	0	7.5445	0
9652SoOcn	 1	C	01/07/2016	19:29	305.365	-60.626		   211.52	0	  2.0558	0	34.6456	0	27.656	0	152.4	0	44.8	0	30.17	0	0.02	0	0.000105	0	7.8529	0	7.5444	0
9652SoOcn	 1	C	01/07/2016	19:29	305.365	-60.626		   201.71	0	  2.0487	0	34.6399	0	27.652	0	152.4	0	44.8	0	30.26	0	0.02	0	0.000106	0	7.8517	0	7.5429	0
9652SoOcn	 1	C	01/07/2016	19:29	305.365	-60.626		   191.46	0	  2.0184	0	34.6341	0	27.65	0	152.5	0	44.8	0	30.27	0	0.02	0	0.000106	0	7.8529	0	7.5433	0
9652SoOcn	 1	C	01/07/2016	19:29	305.365	-60.626		   181.59	0	  1.9942	0	34.6275	0	27.647	0	152.7	0	44.8	0	30.39	0	0.02	0	0.000105	0	7.8509	0	7.5408	0
9652SoOcn	 1	C	01/07/2016	19:29	305.365	-60.626		   171.40	0	  1.9759	0	34.6187	0	27.641	0	153.0	0	44.9	0	30.47	0	0.02	0	0.000153	0	7.8502	0	7.5395	0
9652SoOcn	 1	C	01/07/2016	19:29	305.365	-60.626		   161.59	0	  1.9396	0	34.6056	0	27.634	0	153.6	0	45.0	0	30.69	0	0.02	0	0.000106	0	7.8484	0	7.5371	0
9652SoOcn	 1	C	01/07/2016	19:29	305.365	-60.626		   149.74	0	  1.8688	0	34.5861	0	27.624	0	155.3	0	45.4	0	30.55	0	0.02	0	0.000108	0	7.8489	0	7.5362	0
9652SoOcn	 1	C	01/07/2016	19:29	305.365	-60.626		   141.11	0	  1.6476	0	34.5455	0	27.611	0	160.1	0	46.5	0	30.71	0	0.04	0	0.000109	0	7.8502	0	7.5340	0
9652SoOcn	 1	C	01/07/2016	19:29	305.365	-60.626		   130.87	0	  1.4566	0	34.5118	0	27.6	0	164.4	0	47.5	0	30.80	0	0.03	0	0.000109	0	7.8564	0	7.5367	0
9652SoOcn	 1	C	01/07/2016	19:29	305.365	-60.626		   121.29	0	  1.0592	0	34.4360	0	27.572	0	177.1	0	50.6	0	30.65	0	0.04	0	0.000111	0	7.8675	0	7.5412	0
9652SoOcn	 1	C	01/07/2016	19:29	305.365	-60.626		   110.95	0	  0.4276	0	34.3409	0	27.545	0	193.6	0	54.4	0	29.65	0	0.04	0	0.000122	0	7.8902	0	7.5530	0
9652SoOcn	 1	C	01/07/2016	19:29	305.365	-60.626		   100.95	0	 -0.0928	0	34.2416	0	27.504	0	215.4	0	59.7	0	29.06	0	0.08	0	0.000126	0	7.9080	0	7.5620	0
9652SoOcn	 1	C	01/07/2016	19:29	305.365	-60.626		    93.46	0	 -0.4347	0	34.1711	0	27.471	0	227.9	0	62.6	0	28.43	0	0.09	0	0.000126	0	7.9350	0	7.5819	0
9652SoOcn	 1	C	01/07/2016	19:29	305.365	-60.626		    85.41	0	 -0.6001	0	34.0943	0	27.421	0	246.7	0	67.4	0	27.48	0	0.14	0	0.000183	0	7.9672	0	7.6088	0
9652SoOcn	 1	C	01/07/2016	19:29	305.365	-60.626		    76.70	0	 -0.4620	0	34.0362	0	27.364	0	270.9	0	74.2	0	26.04	0	0.23	0	0.000240	0	7.9741	0	7.6168	0
9652SoOcn	 1	C	01/07/2016	19:29	305.365	-60.626		    68.25	0	 -0.4443	0	34.0318	0	27.359	0	286.1	0	78.4	0	25.86	0	0.26	0	0.000241	0	7.9783	0	7.6205	0
9652SoOcn	 1	C	01/07/2016	19:29	305.365	-60.626		    59.90	0	 -0.4239	0	34.0218	0	27.35	0	291.8	0	80.0	0	25.66	0	0.33	0	0.000243	0	7.9811	0	7.6231	0
9652SoOcn	 1	C	01/07/2016	19:29	305.365	-60.626		    51.90	0	 -0.4351	0	34.0182	0	27.348	0	294.6	0	80.8	0	25.81	0	0.36	0	0.000233	0	7.9826	0	7.6241	0
9652SoOcn	 1	C	01/07/2016	19:29	305.365	-60.626		    44.32	0	 -0.4472	0	34.0121	0	27.344	0	296.4	0	81.2	0	25.70	0	0.37	0	0.000245	0	7.9838	0	7.6248	0
9652SoOcn	 1	C	01/07/2016	19:29	305.365	-60.626		    37.68	0	 -0.5182	0	33.9415	0	27.292	0	296.2	0	81.0	0	24.62	0	0.49	0	0.000212	0	8.0108	0	7.6483	0
9652SoOcn	 1	C	01/07/2016	19:29	305.365	-60.626		    32.33	0	 -0.3112	0	33.8811	0	27.229	0	297.6	0	81.8	0	24.05	0	0.72	0	0.000204	0	8.0165	0	7.6563	0
9652SoOcn	 1	C	01/07/2016	19:29	305.365	-60.626		    27.67	0	 -0.1258	0	33.8598	0	27.198	0	300.1	0	82.9	0	23.21	0	0.66	0	0.000208	0	8.0308	0	7.6717	0
9652SoOcn	 1	C	01/07/2016	19:29	305.365	-60.626		    23.61	0	  0.5278	0	33.7935	0	27.095	0	300.2	0	84.3	0	21.75	0	0.85	0	0.000203	0	8.0548	0	7.7024	0
9652SoOcn	 1	C	01/07/2016	19:29	305.365	-60.626		    21.45	0	  0.7033	0	33.8003	0	27.086	0	308.6	0	87.1	0	21.53	0	1.63	0	0.000248	0	8.0575	0	7.7073	0
9652SoOcn	 1	C	01/07/2016	19:29	305.365	-60.626		    20.22	0	  0.8004	0	33.7933	0	27.072	0	312.2	0	88.3	0	21.41	0	1.68	0	0.000246	0	8.0616	0	7.7122	0
9652SoOcn	 1	C	01/07/2016	19:29	305.365	-60.626		    19.09	0	  0.8640	0	33.7904	0	27.065	0	314.4	0	89.0	0	21.21	0	1.97	0	0.000280	0	8.0628	0	7.7142	0
9652SoOcn	 1	C	01/07/2016	19:29	305.365	-60.626		    17.35	0	  0.8791	0	33.7903	0	27.063	0	316.1	0	89.6	0	21.36	0	1.80	0	0.000275	0	8.0624	0	7.7140	0
9652SoOcn	 1	C	01/07/2016	19:29	305.365	-60.626		    14.09	0	  0.8909	0	33.7904	0	27.063	0	316.3	0	89.7	0	21.14	0	1.63	0	0.000251	0	8.0619	0	7.7136	0
9652SoOcn	 1	C	01/07/2016	19:29	305.365	-60.626		    10.74	0	  0.9082	0	33.7897	0	27.061	0	317.0	0	89.9	0	21.26	0	1.46	0	0.000246	0	8.0623	0	7.7141	0
9652SoOcn	 1	C	01/07/2016	19:29	305.365	-60.626		     7.61	0	  0.9410	0	33.8011	0	27.067	0	317.6	0	90.1	0	21.19	0	1.44	0	0.000267	0	8.0615	0	7.7136	0
9652SoOcn	 1	C	01/07/2016	19:29	305.365	-60.626																					
9652SoOcn	 2	C	01/18/2016	03:40	305.724	-60.640		  1799.29	0	  0.2601	0	34.6744	0	27.828	0	194.9	0	54.7	0	27.44	0	0.01	0	0.000129	0	7.8785	0	7.5955	0
9652SoOcn	 2	C	01/18/2016	03:40	305.724	-60.640		  1698.33	0	  0.3118	0	34.6742	0	27.824	0	194.6	0	54.7	0	27.36	0	0.02	0	0.000132	0	7.8821	0	7.5962	0
9652SoOcn	 2	C	01/18/2016	03:40	305.724	-60.640		  1599.38	0	  0.4657	0	34.6872	0	27.823	0	189.5	0	53.5	0	27.42	0	0.01	0	0.000109	0	7.8836	0	7.5964	0
9652SoOcn	 2	C	01/18/2016	03:40	305.724	-60.640		  1499.64	0	  0.5561	0	34.6914	0	27.819	0	187.3	0	53.0	0	24.58	0	0.01	0	0.000109	0	7.8883	0	7.5987	0
9652SoOcn	 2	C	01/18/2016	03:40	305.724	-60.640		  1399.54	0	  0.6137	0	34.6945	0	27.817	0	185.1	0	52.4	0	23.99	0	0.02	0	0.000108	0	7.8909	0	7.5985	0
9652SoOcn	 2	C	01/18/2016	03:40	305.724	-60.640		  1298.67	0	  0.7543	0	34.7038	0	27.814	0	182.3	0	51.8	0	23.88	0	0.01	0	0.000101	0	7.8932	0	7.5993	0
9652SoOcn	 2	C	01/18/2016	03:40	305.724	-60.640		  1199.51	0	  0.8047	0	34.6995	0	27.806	0	182.8	0	52.0	0	23.70	0	0.01	0	0.000111	0	7.8964	0	7.5996	0
9652SoOcn	 2	C	01/18/2016	03:40	305.724	-60.640		  1099.50	0	  0.9789	0	34.7142	0	27.804	0	178.2	0	50.9	0	23.45	0	0.02	0	0.000101	0	7.8983	0	7.6005	0
9652SoOcn	 2	C	01/18/2016	03:40	305.724	-60.640		   999.96	0	  1.0855	0	34.7215	0	27.802	0	174.9	0	50.2	0	23.36	0	0.02	0	0.000101	0	7.9006	0	7.6008	0
9652SoOcn	 2	C	01/18/2016	03:40	305.724	-60.640		   951.55	0	  1.1445	0	34.7226	0	27.798	0	173.9	0	49.9	0	23.33	0	0.01	0	0.000101	0	7.8986	0	7.5981	0
9652SoOcn	 2	C	01/18/2016	03:40	305.724	-60.640		   901.15	0	  1.2403	0	34.7246	0	27.791	0	172.4	0	49.6	0	23.45	0	0.02	0	0.000103	0	7.8984	0	7.5976	0
9652SoOcn	 2	C	01/18/2016	03:40	305.724	-60.640		   851.57	0	  1.2844	0	34.7254	0	27.788	0	171.7	0	49.5	0	23.41	0	0.02	0	0.000100	0	7.8993	0	7.5974	0
9652SoOcn	 2	C	01/18/2016	03:40	305.724	-60.640		   801.11	0	  1.3318	0	34.7267	0	27.785	0	170.8	0	49.3	0	23.10	0	0.01	0	0.000101	0	7.9006	0	7.5976	0
9652SoOcn	 2	C	01/18/2016	03:40	305.724	-60.640		   751.09	0	  1.3664	0	34.7268	0	27.782	0	170.3	0	49.2	0	23.11	0	0.01	0	0.000101	0	7.9022	0	7.5979	0
9652SoOcn	 2	C	01/18/2016	03:40	305.724	-60.640		   701.18	0	  1.4432	0	34.7281	0	27.777	0	169.0	0	48.9	0	23.19	0	0.02	0	0.000103	0	7.9023	0	7.5974	0
9652SoOcn	 2	C	01/18/2016	03:40	305.724	-60.640		   651.12	0	  1.4821	0	34.7286	0	27.774	0	168.4	0	48.8	0	23.13	0	0.01	0	0.000100	0	7.9036	0	7.5975	0
9652SoOcn	 2	C	01/18/2016	03:40	305.724	-60.640		   601.46	0	  1.5336	0	34.7292	0	27.77	0	167.8	0	48.7	0	22.80	0	0.01	0	0.000100	0	7.9047	0	7.5976	0
9652SoOcn	 2	C	01/18/2016	03:40	305.724	-60.640		   551.33	0	  1.5995	0	34.7283	0	27.764	0	166.6	0	48.4	0	23.03	0	0.02	0	0.000101	0	7.9022	0	7.5945	0
9652SoOcn	 2	C	01/18/2016	03:40	305.724	-60.640		   498.69	0	  1.6823	0	34.7275	0	27.756	0	164.9	0	48.0	0	23.01	0	0.01	0	0.000098	0	7.8988	0	7.5908	0
9652SoOcn	 2	C	01/18/2016	03:40	305.724	-60.640		   450.05	0	  1.7760	0	34.7217	0	27.743	0	162.6	0	47.5	0	23.18	0	0.02	0	0.000100	0	7.8931	0	7.5853	0
9652SoOcn	 2	C	01/18/2016	03:40	305.724	-60.640		   400.85	0	  1.8885	0	34.7095	0	27.723	0	159.3	0	46.6	0	23.48	0	0.02	0	0.000103	0	7.8843	0	7.5771	0
9652SoOcn	 2	C	01/18/2016	03:40	305.724	-60.640		   380.85	0	  1.9276	0	34.7042	0	27.715	0	157.8	0	46.2	0	23.59	0	0.01	0	0.000100	0	7.8816	0	7.5746	0
9652SoOcn	 2	C	01/18/2016	03:40	305.724	-60.640		   360.97	0	  1.9394	0	34.7031	0	27.713	0	157.4	0	46.1	0	23.56	0	0.02	0	0.000101	0	7.8814	0	7.5739	0
9652SoOcn	 2	C	01/18/2016	03:40	305.724	-60.640		   351.44	0	  1.9500	0	34.7016	0	27.711	0	157.2	0	46.1	0	23.60	0	0.02	0	0.000103	0	7.8797	0	7.5721	0
9652SoOcn	 2	C	01/18/2016	03:40	305.724	-60.640		   340.92	0	  1.9627	0	34.6996	0	27.708	0	156.8	0	46.0	0	23.67	0	0.01	0	0.000101	0	7.8795	0	7.5717	0
9652SoOcn	 2	C	01/18/2016	03:40	305.724	-60.640		   330.90	0	  1.9748	0	34.6958	0	27.704	0	156.3	0	45.8	0	23.83	0	0.02	0	0.000105	0	7.8797	0	7.5718	0
9652SoOcn	 2	C	01/18/2016	03:40	305.724	-60.640		   321.34	0	  1.9816	0	34.6944	0	27.702	0	156.0	0	45.8	0	23.90	0	0.02	0	0.000101	0	7.8789	0	7.5709	0
9652SoOcn	 2	C	01/18/2016	03:40	305.724	-60.640		   310.82	0	  2.0025	0	34.6887	0	27.696	0	155.4	0	45.6	0	24.05	0	0.01	0	0.000108	0	7.8751	0	7.5674	0
9652SoOcn	 2	C	01/18/2016	03:40	305.724	-60.640		   301.52	0	  2.0094	0	34.6851	0	27.692	0	154.9	0	45.4	0	24.00	0	0.02	0	0.000105	0	7.8742	0	7.5663	0
9652SoOcn	 2	C	01/18/2016	03:40	305.724	-60.640		   291.58	0	  2.0150	0	34.6809	0	27.688	0	154.4	0	45.3	0	24.32	0	0.02	0	0.000103	0	7.8712	0	7.5633	0
9652SoOcn	 2	C	01/18/2016	03:40	305.724	-60.640		   281.61	0	  2.0201	0	34.6788	0	27.686	0	154.1	0	45.2	0	24.27	0	0.01	0	0.000106	0	7.8707	0	7.5625	0
9652SoOcn	 2	C	01/18/2016	03:40	305.724	-60.640		   271.15	0	  2.0188	0	34.6779	0	27.685	0	153.9	0	45.2	0	24.26	0	0.01	0	0.000111	0	7.8722	0	7.5636	0
9652SoOcn	 2	C	01/18/2016	03:40	305.724	-60.640		   261.08	0	  2.0212	0	34.6763	0	27.684	0	153.7	0	45.1	0	24.35	0	0.01	0	0.000103	0	7.8729	0	7.5640	0
9652SoOcn	 2	C	01/18/2016	03:40	305.724	-60.640		   251.17	0	  2.0205	0	34.6744	0	27.682	0	153.6	0	45.1	0	24.27	0	0.01	0	0.000105	0	7.8705	0	7.5614	0
9652SoOcn	 2	C	01/18/2016	03:40	305.724	-60.640		   241.77	0	  2.0260	0	34.6668	0	27.676	0	153.2	0	45.0	0	24.26	0	0.01	0	0.000106	0	7.8687	0	7.5595	0
9652SoOcn	 2	C	01/18/2016	03:40	305.724	-60.640		   231.15	0	  2.0292	0	34.6610	0	27.671	0	152.8	0	44.9	0	24.60	0	0.01	0	0.000103	0	7.8673	0	7.5579	0
9652SoOcn	 2	C	01/18/2016	03:40	305.724	-60.640		   219.05	0	  2.0213	0	34.6527	0	27.665	0	152.7	0	44.8	0	24.64	0	0.02	0	0.000108	0	7.8645	0	7.5548	0
9652SoOcn	 2	C	01/18/2016	03:40	305.724	-60.640		   209.92	0	  2.0033	0	34.6422	0	27.658	0	152.7	0	44.8	0	24.72	0	0.02	0	0.000111	0	7.8624	0	7.5524	0
9652SoOcn	 2	C	01/18/2016	03:40	305.724	-60.640		   201.66	0	  1.9907	0	34.6387	0	27.656	0	152.6	0	44.8	0	24.77	0	0.02	0	0.000108	0	7.8621	0	7.5516	0
9652SoOcn	 2	C	01/18/2016	03:40	305.724	-60.640		   190.96	0	  1.9866	0	34.6265	0	27.646	0	152.9	0	44.8	0	25.17	0	0.01	0	0.000106	0	7.8603	0	7.5496	0
9652SoOcn	 2	C	01/18/2016	03:40	305.724	-60.640		   181.50	0	  1.9790	0	34.6175	0	27.64	0	153.1	0	44.9	0	24.82	0	0.02	0	0.000108	0	7.8611	0	7.5499	0
9652SoOcn	 2	C	01/18/2016	03:40	305.724	-60.640		   170.79	0	  1.9350	0	34.6037	0	27.633	0	155.0	0	45.4	0	25.30	0	0.02	0	0.000525	0	7.8605	0	7.5484	0
9652SoOcn	 2	C	01/18/2016	03:40	305.724	-60.640		   160.60	0	  1.9137	0	34.5976	0	27.629	0	155.3	0	45.4	0	25.31	0	0.02	0	0.000113	0	7.8590	0	7.5464	0
9652SoOcn	 2	C	01/18/2016	03:40	305.724	-60.640		   151.67	0	  1.8903	0	34.5901	0	27.625	0	155.6	0	45.5	0	25.35	0	0.02	0	0.000113	0	7.8581	0	7.5450	0
9652SoOcn	 2	C	01/18/2016	03:40	305.724	-60.640		   141.60	0	  1.8077	0	34.5669	0	27.614	0	157.3	0	45.9	0	25.42	0	0.01	0	0.000113	0	7.8590	0	7.5443	0
9652SoOcn	 2	C	01/18/2016	03:40	305.724	-60.640		   131.60	0	  1.8147	0	34.5651	0	27.612	0	158.0	0	46.1	0	25.50	0	0.02	0	0.000113	0	7.8596	0	7.5447	0
9652SoOcn	 2	C	01/18/2016	03:40	305.724	-60.640		   121.15	0	  1.8506	0	34.5671	0	27.61	0	157.4	0	46.0	0	25.67	0	0.02	0	0.000113	0	7.8601	0	7.5452	0
9652SoOcn	 2	C	01/18/2016	03:40	305.724	-60.640		   111.17	0	  1.8493	0	34.5635	0	27.608	0	157.4	0	46.0	0	25.43	0	0.02	0	0.000113	0	7.8596	0	7.5444	0
9652SoOcn	 2	C	01/18/2016	03:40	305.724	-60.640		   101.51	0	  1.8149	0	34.5581	0	27.606	0	158.0	0	46.1	0	25.62	0	0.01	0	0.000111	0	7.8602	0	7.5442	0
9652SoOcn	 2	C	01/18/2016	03:40	305.724	-60.640		    94.35	0	  1.5834	0	34.5190	0	27.595	0	161.3	0	46.8	0	24.65	0	0.02	0	0.000124	0	7.8870	0	7.5654	0
9652SoOcn	 2	C	01/18/2016	03:40	305.724	-60.640		    87.38	0	  0.8177	0	34.4047	0	27.566	0	187.3	0	53.2	0	22.33	0	0.35	0	0.000169	0	7.9482	0	7.6108	0
9652SoOcn	 2	C	01/18/2016	03:40	305.724	-60.640		    80.63	0	  0.4656	0	34.3567	0	27.555	0	228.3	0	64.3	0	21.59	0	0.64	0	0.000201	0	7.9641	0	7.6203	0
9652SoOcn	 2	C	01/18/2016	03:40	305.724	-60.640		    75.20	0	  0.3543	0	34.2953	0	27.514	0	249.9	0	70.1	0	21.88	0	0.76	0	0.000216	0	7.9744	0	7.6281	0
9652SoOcn	 2	C	01/18/2016	03:40	305.724	-60.640		    71.68	0	  0.3517	0	34.2858	0	27.507	0	259.9	0	72.9	0	21.10	0	0.91	0	0.000232	0	7.9915	0	7.6436	0
9652SoOcn	 2	C	01/18/2016	03:40	305.724	-60.640		    69.19	0	  0.3418	0	34.2745	0	27.498	0	271.5	0	76.1	0	20.74	0	1.28	0	0.000251	0	7.9950	0	7.6466	0
9652SoOcn	 2	C	01/18/2016	03:40	305.724	-60.640		    66.84	0	  0.3238	0	34.2612	0	27.489	0	279.9	0	78.4	0	20.91	0	1.34	0	0.000270	0	7.9947	0	7.6460	0
9652SoOcn	 2	C	01/18/2016	03:40	305.724	-60.640		    61.56	0	  0.2178	0	34.2046	0	27.451	0	282.1	0	78.8	0	20.83	0	1.61	0	0.000257	0	7.9928	0	7.6426	0
9652SoOcn	 2	C	01/18/2016	03:40	305.724	-60.640		    56.40	0	  0.1231	0	34.1551	0	27.418	0	282.1	0	78.6	0	20.78	0	2.02	0	0.000270	0	7.9979	0	7.6459	0
9652SoOcn	 2	C	01/18/2016	03:40	305.724	-60.640		    51.42	0	  0.1121	0	34.1435	0	27.41	0	282.4	0	78.6	0	20.73	0	2.01	0	0.000285	0	7.9994	0	7.6470	0
9652SoOcn	 2	C	01/18/2016	03:40	305.724	-60.640		    46.71	0	  0.1015	0	34.1355	0	27.404	0	282.8	0	78.7	0	20.77	0	2.04	0	0.000283	0	8.0001	0	7.6472	0
9652SoOcn	 2	C	01/18/2016	03:40	305.724	-60.640		    41.66	0	  0.1004	0	34.1281	0	27.398	0	283.3	0	78.8	0	20.70	0	2.07	0	0.000269	0	8.0052	0	7.6518	0
9652SoOcn	 2	C	01/18/2016	03:40	305.724	-60.640		    36.76	0	  0.1103	0	34.1137	0	27.386	0	284.6	0	79.2	0	20.40	0	2.30	0	0.000275	0	8.0100	0	7.6561	0
9652SoOcn	 2	C	01/18/2016	03:40	305.724	-60.640		    31.41	0	  0.1156	0	34.1014	0	27.375	0	287.3	0	80.0	0	20.37	0	2.72	0	0.000296	0	8.0094	0	7.6554	0
9652SoOcn	 2	C	01/18/2016	03:40	305.724	-60.640		    26.80	0	  0.1105	0	34.0994	0	27.374	0	288.5	0	80.3	0	20.24	0	2.61	0	0.000296	0	8.0116	0	7.6572	0
9652SoOcn	 2	C	01/18/2016	03:40	305.724	-60.640		    21.45	0	  0.1501	0	34.0861	0	27.36	0	290.2	0	80.9	0	19.95	0	3.30	0	0.000404	0	8.0164	0	7.6620	0
9652SoOcn	 2	C	01/18/2016	03:40	305.724	-60.640		    16.86	0	  0.1413	0	34.0819	0	27.358	0	292.8	0	81.5	0	19.88	0	3.08	0	0.000272	0	8.0179	0	7.6631	0
9652SoOcn	 2	C	01/18/2016	03:40	305.724	-60.640		    11.51	0	  0.2086	0	34.0651	0	27.339	0	294.1	0	82.0	0	19.64	0	2.90	0	0.000306	0	8.0266	0	7.6718	0
9652SoOcn	 2	C	01/18/2016	03:40	305.724	-60.640		     7.61	0	  0.3170	0	34.0370	0	27.308	0	297.8	0	83.3	0	18.74	0	3.07	0	0.000314	0	8.0439	0	7.6891	0
9652SoOcn	 2	C	01/18/2016	03:40	305.724	-60.640																					
9652SoOcn	 3	C	01/28/2016	10:58	307.627	-59.552		  1798.05	0	  0.5334	0	34.6830	0	27.814	0	190.0	0	53.7	0	25.48	0	0.02	0	0.000116	0	7.8786	0	7.5993	0
9652SoOcn	 3	C	01/28/2016	10:58	307.627	-59.552		  1697.85	0	  0.5433	0	34.6765	0	27.808	0	193.4	0	54.7	0	25.37	0	0.01	0	0.000109	0	7.8819	0	7.5992	0
9652SoOcn	 3	C	01/28/2016	10:58	307.627	-59.552		  1598.78	0	  0.6620	0	34.6876	0	27.808	0	188.1	0	53.3	0	25.31	0	0.02	0	0.000113	0	7.8838	0	7.5993	0
9652SoOcn	 3	C	01/28/2016	10:58	307.627	-59.552		  1499.16	0	  0.9052	0	34.7107	0	27.807	0	179.5	0	51.2	0	25.17	0	0.01	0	0.000103	0	7.8872	0	7.6024	0
9652SoOcn	 3	C	01/28/2016	10:58	307.627	-59.552		  1399.65	0	  0.9942	0	34.7169	0	27.805	0	177.1	0	50.6	0	25.24	0	0.02	0	0.000101	0	7.8874	0	7.6006	0
9652SoOcn	 3	C	01/28/2016	10:58	307.627	-59.552		  1298.34	0	  1.0922	0	34.7210	0	27.801	0	174.8	0	50.1	0	25.05	0	0.01	0	0.000098	0	7.8903	0	7.6012	0
9652SoOcn	 3	C	01/28/2016	10:58	307.627	-59.552		  1198.98	0	  1.1533	0	34.7224	0	27.797	0	174.0	0	50.0	0	25.03	0	0.01	0	0.000103	0	7.8930	0	7.6013	0
9652SoOcn	 3	C	01/28/2016	10:58	307.627	-59.552		  1099.46	0	  1.2457	0	34.7248	0	27.791	0	172.4	0	49.6	0	24.99	0	0.01	0	0.000100	0	7.8959	0	7.6019	0
9652SoOcn	 3	C	01/28/2016	10:58	307.627	-59.552		  1000.02	0	  1.2080	0	34.7107	0	27.783	0	175.8	0	50.6	0	24.96	0	0.02	0	0.000135	0	7.8985	0	7.6006	0
9652SoOcn	 3	C	01/28/2016	10:58	307.627	-59.552		   951.14	0	  1.3221	0	34.7160	0	27.777	0	173.1	0	49.9	0	24.93	0	0.01	0	0.000105	0	7.8966	0	7.5987	0
9652SoOcn	 3	C	01/28/2016	10:58	307.627	-59.552		   901.69	0	  1.3412	0	34.7157	0	27.776	0	172.7	0	49.8	0	24.92	0	0.02	0	0.000109	0	7.8968	0	7.5975	0
9652SoOcn	 3	C	01/28/2016	10:58	307.627	-59.552		   851.02	0	  1.4482	0	34.7211	0	27.771	0	169.6	0	49.1	0	24.87	0	0.02	0	0.000106	0	7.8968	0	7.5973	0
9652SoOcn	 3	C	01/28/2016	10:58	307.627	-59.552		   800.59	0	  1.4805	0	34.7195	0	27.767	0	169.3	0	49.0	0	24.87	0	0.01	0	0.000105	0	7.8973	0	7.5966	0
9652SoOcn	 3	C	01/28/2016	10:58	307.627	-59.552		   751.16	0	  1.5074	0	34.7173	0	27.763	0	169.2	0	49.0	0	24.82	0	0.02	0	0.000105	0	7.8990	0	7.5969	0
9652SoOcn	 3	C	01/28/2016	10:58	307.627	-59.552		   701.44	0	  1.2791	0	34.6867	0	27.757	0	177.0	0	51.0	0	24.84	0	0.01	0	0.000116	0	7.9019	0	7.5948	0
9652SoOcn	 3	C	01/28/2016	10:58	307.627	-59.552		   651.72	0	  1.3193	0	34.6837	0	27.751	0	178.5	0	51.5	0	24.89	0	0.02	0	0.000124	0	7.9021	0	7.5939	0
9652SoOcn	 3	C	01/28/2016	10:58	307.627	-59.552		   598.02	0	  1.3784	0	34.6840	0	27.747	0	176.7	0	51.0	0	24.78	0	0.02	0	0.000116	0	7.9007	0	7.5917	0
9652SoOcn	 3	C	01/28/2016	10:58	307.627	-59.552		   551.17	0	  1.2942	0	34.6648	0	27.738	0	180.5	0	52.0	0	24.97	0	0.02	0	0.000135	0	7.9018	0	7.5900	0
9652SoOcn	 3	C	01/28/2016	10:58	307.627	-59.552		   500.95	0	  1.4586	0	34.6708	0	27.729	0	175.0	0	50.6	0	25.15	0	0.02	0	0.000117	0	7.8958	0	7.5851	0
9652SoOcn	 3	C	01/28/2016	10:58	307.627	-59.552		   451.07	0	  1.8928	0	34.6997	0	27.714	0	160.7	0	47.0	0	25.12	0	0.01	0	0.000109	0	7.8882	0	7.5824	0
9652SoOcn	 3	C	01/28/2016	10:58	307.627	-59.552		   401.50	0	  1.9531	0	34.6881	0	27.7	0	157.9	0	46.3	0	25.63	0	0.02	0	0.000105	0	7.8789	0	7.5731	0
9652SoOcn	 3	C	01/28/2016	10:58	307.627	-59.552		   380.97	0	  1.9890	0	34.6766	0	27.687	0	155.8	0	45.7	0	26.00	0	0.02	0	0.000105	0	7.8738	0	7.5682	0
9652SoOcn	 3	C	01/28/2016	10:58	307.627	-59.552		   360.58	0	  1.9240	0	34.6548	0	27.675	0	155.7	0	45.6	0	26.17	0	0.02	0	0.000109	0	7.8676	0	7.5610	0
9652SoOcn	 3	C	01/28/2016	10:58	307.627	-59.552		   350.94	0	  1.9091	0	34.6498	0	27.672	0	156.4	0	45.8	0	26.35	0	0.02	0	0.000113	0	7.8676	0	7.5604	0
9652SoOcn	 3	C	01/28/2016	10:58	307.627	-59.552		   341.02	0	  1.9323	0	34.6474	0	27.668	0	156.2	0	45.8	0	26.36	0	0.02	0	0.000111	0	7.8669	0	7.5598	0
9652SoOcn	 3	C	01/28/2016	10:58	307.627	-59.552		   331.53	0	  2.0253	0	34.6512	0	27.663	0	154.6	0	45.4	0	26.24	0	0.02	0	0.000106	0	7.8663	0	7.5603	0
9652SoOcn	 3	C	01/28/2016	10:58	307.627	-59.552		   321.00	0	  1.9815	0	34.6458	0	27.663	0	154.4	0	45.3	0	26.59	0	0.02	0	0.000106	0	7.8645	0	7.5576	0
9652SoOcn	 3	C	01/28/2016	10:58	307.627	-59.552		   311.30	0	  2.0257	0	34.6433	0	27.656	0	154.3	0	45.3	0	26.67	0	0.02	0	0.000119	0	7.8656	0	7.5589	0
9652SoOcn	 3	C	01/28/2016	10:58	307.627	-59.552		   301.24	0	  2.0897	0	34.6476	0	27.654	0	152.8	0	44.9	0	26.43	0	0.01	0	0.000106	0	7.8660	0	7.5598	0
9652SoOcn	 3	C	01/28/2016	10:58	307.627	-59.552		   291.69	0	  2.1237	0	34.6503	0	27.653	0	152.3	0	44.8	0	26.43	0	0.02	0	0.000103	0	7.8663	0	7.5603	0
9652SoOcn	 3	C	01/28/2016	10:58	307.627	-59.552		   281.66	0	  2.1241	0	34.6470	0	27.65	0	152.0	0	44.7	0	26.50	0	0.02	0	0.000103	0	7.8652	0	7.5590	0
9652SoOcn	 3	C	01/28/2016	10:58	307.627	-59.552		   271.49	0	  2.1204	0	34.6429	0	27.647	0	151.9	0	44.7	0	26.53	0	0.01	0	0.000113	0	7.8648	0	7.5582	0
9652SoOcn	 3	C	01/28/2016	10:58	307.627	-59.552		   261.24	0	  2.1098	0	34.6393	0	27.646	0	152.0	0	44.7	0	26.55	0	0.01	0	0.000105	0	7.8646	0	7.5575	0
9652SoOcn	 3	C	01/28/2016	10:58	307.627	-59.552		   250.97	0	  2.0941	0	34.6323	0	27.641	0	152.1	0	44.7	0	26.76	0	0.02	0	0.000106	0	7.8643	0	7.5567	0
9652SoOcn	 3	C	01/28/2016	10:58	307.627	-59.552		   241.71	0	  2.1208	0	34.6329	0	27.639	0	152.0	0	44.7	0	26.71	0	0.02	0	0.000105	0	7.8632	0	7.5558	0
9652SoOcn	 3	C	01/28/2016	10:58	307.627	-59.552		   231.27	0	  2.0206	0	34.6245	0	27.642	0	153.3	0	45.0	0	26.86	0	0.02	0	0.000106	0	7.8625	0	7.5534	0
9652SoOcn	 3	C	01/28/2016	10:58	307.627	-59.552		   218.44	0	  1.9762	0	34.6047	0	27.63	0	155.2	0	45.5	0	26.92	0	0.02	0	0.000143	0	7.8636	0	7.5534	0
9652SoOcn	 3	C	01/28/2016	10:58	307.627	-59.552		   210.81	0	  1.7528	0	34.5814	0	27.631	0	157.0	0	45.8	0	27.05	0	0.03	0	0.000116	0	7.8630	0	7.5495	0
9652SoOcn	 3	C	01/28/2016	10:58	307.627	-59.552		   201.60	0	  1.4865	0	34.5155	0	27.601	0	165.9	0	48.0	0	27.10	0	0.02	0	0.000130	0	7.8647	0	7.5472	0
9652SoOcn	 3	C	01/28/2016	10:58	307.627	-59.552		   190.69	0	  1.4429	0	34.5081	0	27.598	0	168.8	0	48.8	0	27.22	0	0.02	0	0.000117	0	7.8654	0	7.5468	0
9652SoOcn	 3	C	01/28/2016	10:58	307.627	-59.552		   181.23	0	  1.4111	0	34.4878	0	27.585	0	171.1	0	49.4	0	27.29	0	0.02	0	0.000116	0	7.8663	0	7.5469	0
9652SoOcn	 3	C	01/28/2016	10:58	307.627	-59.552		   171.01	0	  1.3732	0	34.4721	0	27.575	0	173.6	0	50.1	0	27.21	0	0.02	0	0.000143	0	7.8702	0	7.5496	0
9652SoOcn	 3	C	01/28/2016	10:58	307.627	-59.552		   161.27	0	  1.1576	0	34.4325	0	27.561	0	182.0	0	52.2	0	27.32	0	0.04	0	0.000132	0	7.8765	0	7.5521	0
9652SoOcn	 3	C	01/28/2016	10:58	307.627	-59.552		   151.42	0	  1.0732	0	34.4156	0	27.554	0	187.0	0	53.5	0	27.41	0	0.03	0	0.000132	0	7.8794	0	7.5533	0
9652SoOcn	 3	C	01/28/2016	10:58	307.627	-59.552		   140.86	0	  1.0176	0	34.4025	0	27.548	0	190.0	0	54.3	0	27.24	0	0.04	0	0.000132	0	7.8815	0	7.5542	0
9652SoOcn	 3	C	01/28/2016	10:58	307.627	-59.552		   130.98	0	  0.8100	0	34.3812	0	27.548	0	194.1	0	55.1	0	26.80	0	0.04	0	0.000126	0	7.8938	0	7.5622	0
9652SoOcn	 3	C	01/28/2016	10:58	307.627	-59.552		   120.61	0	  0.5027	0	34.3118	0	27.516	0	206.8	0	58.2	0	26.66	0	0.04	0	0.000130	0	7.9026	0	7.5658	0
9652SoOcn	 3	C	01/28/2016	10:58	307.627	-59.552		   111.08	0	  0.3285	0	34.2791	0	27.503	0	215.7	0	60.5	0	26.02	0	0.04	0	0.000129	0	7.9178	0	7.5770	0
9652SoOcn	 3	C	01/28/2016	10:58	307.627	-59.552		   101.56	0	  0.0567	0	34.2373	0	27.49	0	230.8	0	64.2	0	25.98	0	0.03	0	0.000138	0	7.9234	0	7.5781	0
9652SoOcn	 3	C	01/28/2016	10:58	307.627	-59.552		    95.02	0	 -0.2497	0	34.1931	0	27.476	0	238.4	0	65.8	0	24.79	0	0.04	0	0.000151	0	7.9490	0	7.5972	0
9652SoOcn	 3	C	01/28/2016	10:58	307.627	-59.552		    89.02	0	 -0.4036	0	34.1379	0	27.442	0	252.2	0	69.3	0	24.37	0	0.04	0	0.000203	0	7.9563	0	7.6016	0
9652SoOcn	 3	C	01/28/2016	10:58	307.627	-59.552		    84.02	0	 -0.4571	0	34.1126	0	27.426	0	261.3	0	71.6	0	24.21	0	0.04	0	0.000145	0	7.9636	0	7.6075	0
9652SoOcn	 3	C	01/28/2016	10:58	307.627	-59.552		    78.92	0	 -0.4684	0	34.1018	0	27.418	0	266.7	0	73.1	0	23.96	0	0.07	0	0.000182	0	7.9705	0	7.6134	0
9652SoOcn	 3	C	01/28/2016	10:58	307.627	-59.552		    73.95	0	 -0.4517	0	34.0683	0	27.389	0	270.8	0	74.2	0	23.19	0	0.13	0	0.000180	0	7.9784	0	7.6208	0
9652SoOcn	 3	C	01/28/2016	10:58	307.627	-59.552		    69.15	0	 -0.2544	0	34.0454	0	27.357	0	273.0	0	75.2	0	22.49	0	0.17	0	0.000163	0	7.9884	0	7.6324	0
9652SoOcn	 3	C	01/28/2016	10:58	307.627	-59.552		    64.36	0	 -0.2405	0	34.0308	0	27.344	0	277.1	0	76.4	0	22.52	0	0.26	0	0.000270	0	7.9908	0	7.6347	0
9652SoOcn	 3	C	01/28/2016	10:58	307.627	-59.552		    59.32	0	 -0.2375	0	34.0237	0	27.338	0	281.2	0	77.5	0	22.36	0	0.32	0	0.000172	0	8.0005	0	7.6434	0
9652SoOcn	 3	C	01/28/2016	10:58	307.627	-59.552		    54.31	0	 -0.1068	0	34.0046	0	27.314	0	283.5	0	78.4	0	21.67	0	0.36	0	0.000177	0	8.0190	0	7.6620	0
9652SoOcn	 3	C	01/28/2016	10:58	307.627	-59.552		    49.67	0	  0.2210	0	33.9758	0	27.266	0	286.7	0	80.0	0	20.67	0	0.64	0	0.000188	0	8.0360	0	7.6818	0
9652SoOcn	 3	C	01/28/2016	10:58	307.627	-59.552		    45.94	0	  0.5316	0	33.9465	0	27.218	0	291.4	0	81.9	0	19.53	0	1.34	0	0.000225	0	8.0575	0	7.7057	0
9652SoOcn	 3	C	01/28/2016	10:58	307.627	-59.552		    41.87	0	  0.8167	0	33.9441	0	27.193	0	302.1	0	85.6	0	18.76	0	2.94	0	0.000338	0	8.0624	0	7.7140	0
9652SoOcn	 3	C	01/28/2016	10:58	307.627	-59.552		    36.77	0	  0.8929	0	33.9451	0	27.188	0	306.8	0	87.1	0	18.52	0	3.39	0	0.000430	0	8.0689	0	7.7207	0
9652SoOcn	 3	C	01/28/2016	10:58	307.627	-59.552		    31.52	0	  0.9093	0	33.9275	0	27.172	0	309.0	0	87.7	0	18.53	0	3.47	0	0.000370	0	8.0696	0	7.7214	0
9652SoOcn	 3	C	01/28/2016	10:58	307.627	-59.552		    26.47	0	  0.9387	0	33.9098	0	27.155	0	310.6	0	88.2	0	18.32	0	3.20	0	0.000378	0	8.0702	0	7.7223	0
9652SoOcn	 3	C	01/28/2016	10:58	307.627	-59.552		    21.21	0	  0.9720	0	33.8986	0	27.144	0	310.9	0	88.4	0	18.35	0	3.11	0	0.000389	0	8.0700	0	7.7223	0
9652SoOcn	 3	C	01/28/2016	10:58	307.627	-59.552		    16.26	0	  1.0147	0	33.8855	0	27.129	0	311.5	0	88.6	0	18.32	0	2.86	0	0.000359	0	8.0689	0	7.7218	0
9652SoOcn	 3	C	01/28/2016	10:58	307.627	-59.552		    11.63	0	  1.0286	0	33.8820	0	27.125	0	311.9	0	88.8	0	18.43	0	2.96	0	0.000341	0	8.0691	0	7.7219	0
9652SoOcn	 3	C	01/28/2016	10:58	307.627	-59.552		     7.75	0	  1.0395	0	33.8780	0	27.121	0	312.5	0	89.0	0	18.45	0	2.42	0	0.000367	0	8.0689	0	7.7218	0
9652SoOcn	 3	C	01/28/2016	10:58	307.627	-59.552																					
9652SoOcn	 4	C	02/07/2016	18:15	309.281	-59.855		  1799.59	0	  0.3611	0	34.6774	0	27.823	0	193.5	0	54.4	0	27.23	0	0.01	0	0.000119	0	7.8798	0	7.5981	0
9652SoOcn	 4	C	02/07/2016	18:15	309.281	-59.855		  1699.30	0	  0.3786	0	34.6729	0	27.818	0	194.5	0	54.7	0	27.25	0	0.01	0	0.000119	0	7.8829	0	7.5979	0
9652SoOcn	 4	C	02/07/2016	18:15	309.281	-59.855		  1598.87	0	  0.4250	0	34.6748	0	27.816	0	193.7	0	54.6	0	27.14	0	0.02	0	0.000121	0	7.8880	0	7.5999	0
9652SoOcn	 4	C	02/07/2016	18:15	309.281	-59.855		  1498.64	0	  0.4923	0	34.6797	0	27.815	0	191.7	0	54.1	0	27.13	0	0.01	0	0.000116	0	7.8919	0	7.6010	0
9652SoOcn	 4	C	02/07/2016	18:15	309.281	-59.855		  1398.80	0	  0.5421	0	34.6822	0	27.813	0	190.8	0	53.9	0	27.16	0	0.01	0	0.000129	0	7.8948	0	7.6012	0
9652SoOcn	 4	C	02/07/2016	18:15	309.281	-59.855		  1299.49	0	  0.6505	0	34.6895	0	27.81	0	188.0	0	53.3	0	27.14	0	0.02	0	0.000109	0	7.8977	0	7.6020	0
9652SoOcn	 4	C	02/07/2016	18:15	309.281	-59.855		  1199.59	0	  0.6246	0	34.6852	0	27.809	0	188.8	0	53.5	0	26.95	0	0.01	0	0.000113	0	7.9022	0	7.6025	0
9652SoOcn	 4	C	02/07/2016	18:15	309.281	-59.855		  1099.96	0	  0.9221	0	34.7108	0	27.806	0	179.7	0	51.3	0	26.88	0	0.01	0	0.000108	0	7.9019	0	7.6030	0
9652SoOcn	 4	C	02/07/2016	18:15	309.281	-59.855		   998.77	0	  0.8658	0	34.6919	0	27.795	0	185.8	0	53.0	0	26.81	0	0.01	0	0.000111	0	7.9070	0	7.6036	0
9652SoOcn	 4	C	02/07/2016	18:15	309.281	-59.855		   951.08	0	  0.9029	0	34.6944	0	27.794	0	184.3	0	52.6	0	26.82	0	0.02	0	0.000111	0	7.9059	0	7.6016	0
9652SoOcn	 4	C	02/07/2016	18:15	309.281	-59.855		   900.70	0	  0.9773	0	34.6999	0	27.793	0	182.0	0	52.0	0	26.73	0	0.01	0	0.000111	0	7.9076	0	7.6025	0
9652SoOcn	 4	C	02/07/2016	18:15	309.281	-59.855		   851.52	0	  0.9439	0	34.6923	0	27.789	0	183.9	0	52.5	0	26.67	0	0.01	0	0.000111	0	7.9085	0	7.6012	0
9652SoOcn	 4	C	02/07/2016	18:15	309.281	-59.855		   800.79	0	  0.9236	0	34.6835	0	27.784	0	186.1	0	53.1	0	26.80	0	0.01	0	0.000117	0	7.9101	0	7.6007	0
9652SoOcn	 4	C	02/07/2016	18:15	309.281	-59.855		   751.03	0	  0.9812	0	34.6846	0	27.78	0	185.3	0	53.0	0	26.70	0	0.01	0	0.000126	0	7.9116	0	7.6013	0
9652SoOcn	 4	C	02/07/2016	18:15	309.281	-59.855		   701.34	0	  0.8741	0	34.6697	0	27.777	0	190.5	0	54.3	0	26.69	0	0.02	0	0.000119	0	7.9150	0	7.6012	0
9652SoOcn	 4	C	02/07/2016	18:15	309.281	-59.855		   651.66	0	  0.9574	0	34.6742	0	27.774	0	188.9	0	54.0	0	26.69	0	0.01	0	0.000121	0	7.9146	0	7.6004	0
9652SoOcn	 4	C	02/07/2016	18:15	309.281	-59.855		   601.34	0	  1.1446	0	34.6854	0	27.767	0	183.4	0	52.6	0	26.58	0	0.02	0	0.000117	0	7.9135	0	7.6003	0
9652SoOcn	 4	C	02/07/2016	18:15	309.281	-59.855		   550.83	0	  1.3507	0	34.6934	0	27.757	0	177.7	0	51.3	0	26.60	0	0.01	0	0.000161	0	7.9106	0	7.5988	0
9652SoOcn	 4	C	02/07/2016	18:15	309.281	-59.855		   501.29	0	  1.5199	0	34.7137	0	27.759	0	169.9	0	49.3	0	26.56	0	0.02	0	0.000109	0	7.9083	0	7.5974	0
9652SoOcn	 4	C	02/07/2016	18:15	309.281	-59.855		   450.90	0	  1.5717	0	34.7154	0	27.756	0	168.5	0	48.9	0	26.48	0	0.01	0	0.000103	0	7.9082	0	7.5963	0
9652SoOcn	 4	C	02/07/2016	18:15	309.281	-59.855		   400.90	0	  1.5748	0	34.7089	0	27.75	0	169.3	0	49.1	0	26.67	0	0.01	0	0.000109	0	7.9063	0	7.5930	0
9652SoOcn	 4	C	02/07/2016	18:15	309.281	-59.855		   381.27	0	  1.5726	0	34.7085	0	27.75	0	169.4	0	49.2	0	26.73	0	0.02	0	0.000108	0	7.9073	0	7.5933	0
9652SoOcn	 4	C	02/07/2016	18:15	309.281	-59.855		   360.91	0	  1.6176	0	34.7063	0	27.744	0	168.4	0	48.9	0	26.73	0	0.01	0	0.000108	0	7.9050	0	7.5911	0
9652SoOcn	 4	C	02/07/2016	18:15	309.281	-59.855		   351.27	0	  1.5862	0	34.7048	0	27.746	0	169.3	0	49.2	0	26.70	0	0.01	0	0.000114	0	7.9070	0	7.5921	0
9652SoOcn	 4	C	02/07/2016	18:15	309.281	-59.855		   340.19	0	  1.3557	0	34.6752	0	27.741	0	177.6	0	51.3	0	26.73	0	0.02	0	0.000119	0	7.9104	0	7.5917	0
9652SoOcn	 4	C	02/07/2016	18:15	309.281	-59.855		   331.21	0	  1.3467	0	34.6804	0	27.746	0	179.8	0	51.9	0	26.86	0	0.02	0	0.000121	0	7.9094	0	7.5905	0
9652SoOcn	 4	C	02/07/2016	18:15	309.281	-59.855		   321.53	0	  1.4510	0	34.6829	0	27.74	0	176.4	0	51.0	0	26.70	0	0.02	0	0.000119	0	7.9072	0	7.5896	0
9652SoOcn	 4	C	02/07/2016	18:15	309.281	-59.855		   311.11	0	  1.2650	0	34.6600	0	27.737	0	180.6	0	52.0	0	26.83	0	0.02	0	0.000124	0	7.9100	0	7.5892	0
9652SoOcn	 4	C	02/07/2016	18:15	309.281	-59.855		   300.97	0	  1.1976	0	34.6463	0	27.731	0	185.2	0	53.2	0	26.86	0	0.02	0	0.000134	0	7.9124	0	7.5901	0
9652SoOcn	 4	C	02/07/2016	18:15	309.281	-59.855		   288.41	0	  1.1598	0	34.6412	0	27.73	0	187.6	0	53.8	0	26.94	0	0.02	0	0.000130	0	7.9114	0	7.5883	0
9652SoOcn	 4	C	02/07/2016	18:15	309.281	-59.855		   279.18	0	  1.1518	0	34.6380	0	27.728	0	188.2	0	54.0	0	26.89	0	0.01	0	0.000134	0	7.9131	0	7.5894	0
9652SoOcn	 4	C	02/07/2016	18:15	309.281	-59.855		   271.35	0	  1.1719	0	34.6363	0	27.725	0	188.7	0	54.2	0	27.06	0	0.03	0	0.000134	0	7.9108	0	7.5873	0
9652SoOcn	 4	C	02/07/2016	18:15	309.281	-59.855		   260.72	0	  1.3157	0	34.6452	0	27.72	0	183.9	0	53.0	0	26.93	0	0.02	0	0.000129	0	7.9092	0	7.5875	0
9652SoOcn	 4	C	02/07/2016	18:15	309.281	-59.855		   251.46	0	  1.1476	0	34.6255	0	27.719	0	188.5	0	54.1	0	26.89	0	0.02	0	0.000145	0	7.9126	0	7.5880	0
9652SoOcn	 4	C	02/07/2016	18:15	309.281	-59.855		   241.38	0	  1.0613	0	34.6168	0	27.719	0	192.9	0	55.2	0	26.91	0	0.02	0	0.000146	0	7.9182	0	7.5917	0
9652SoOcn	 4	C	02/07/2016	18:15	309.281	-59.855		   231.54	0	  0.5525	0	34.5661	0	27.718	0	209.5	0	59.2	0	26.85	0	0.05	0	0.000146	0	7.9289	0	7.5942	0
9652SoOcn	 4	C	02/07/2016	18:15	309.281	-59.855		   221.22	0	  0.7081	0	34.5693	0	27.709	0	212.3	0	60.2	0	26.82	0	0.04	0	0.000146	0	7.9266	0	7.5939	0
9652SoOcn	 4	C	02/07/2016	18:15	309.281	-59.855		   210.81	0	  0.7217	0	34.5562	0	27.697	0	212.9	0	60.4	0	27.21	0	0.02	0	0.000154	0	7.9219	0	7.5894	0
9652SoOcn	 4	C	02/07/2016	18:15	309.281	-59.855		   201.07	0	  0.8778	0	34.5775	0	27.702	0	205.9	0	58.7	0	27.04	0	0.02	0	0.000146	0	7.9154	0	7.5853	0
9652SoOcn	 4	C	02/07/2016	18:15	309.281	-59.855		   191.43	0	  1.1316	0	34.5956	0	27.696	0	198.1	0	56.8	0	27.33	0	0.03	0	0.000137	0	7.9066	0	7.5803	0
9652SoOcn	 4	C	02/07/2016	18:15	309.281	-59.855		   181.61	0	  1.1953	0	34.5990	0	27.693	0	191.0	0	54.9	0	27.39	0	0.02	0	0.000142	0	7.9139	0	7.5876	0
9652SoOcn	 4	C	02/07/2016	18:15	309.281	-59.855		   171.53	0	  1.0817	0	34.5685	0	27.678	0	198.2	0	56.8	0	27.15	0	0.03	0	0.000150	0	7.9206	0	7.5918	0
9652SoOcn	 4	C	02/07/2016	18:15	309.281	-59.855		   161.34	0	  0.6961	0	34.5344	0	27.681	0	211.8	0	60.0	0	27.14	0	0.04	0	0.000169	0	7.9228	0	7.5883	0
9652SoOcn	 4	C	02/07/2016	18:15	309.281	-59.855		   151.68	0	  0.8869	0	34.5333	0	27.665	0	217.8	0	62.0	0	26.49	0	0.26	0	0.000154	0	7.9550	0	7.6200	0
9652SoOcn	 4	C	02/07/2016	18:15	309.281	-59.855		   141.11	0	  0.5784	0	34.5014	0	27.664	0	251.5	0	71.1	0	25.48	0	0.45	0	0.000172	0	7.9727	0	7.6317	0
9652SoOcn	 4	C	02/07/2016	18:15	309.281	-59.855		   131.72	0	  0.5431	0	34.4955	0	27.662	0	265.8	0	75.0	0	25.54	0	0.45	0	0.000180	0	7.9726	0	7.6308	0
9652SoOcn	 4	C	02/07/2016	18:15	309.281	-59.855		   121.00	0	  0.6180	0	34.4965	0	27.657	0	265.1	0	75.0	0	25.65	0	0.41	0	0.000171	0	7.9657	0	7.6252	0
9652SoOcn	 4	C	02/07/2016	18:15	309.281	-59.855		   111.56	0	  0.7057	0	34.4983	0	27.651	0	255.4	0	72.4	0	26.79	0	0.37	0	0.000175	0	7.9401	0	7.6027	0
9652SoOcn	 4	C	02/07/2016	18:15	309.281	-59.855		   101.30	0	  0.8515	0	34.5036	0	27.644	0	224.7	0	63.9	0	27.47	0	0.07	0	0.000158	0	7.9287	0	7.5938	0
9652SoOcn	 4	C	02/07/2016	18:15	309.281	-59.855		    95.45	0	  0.7453	0	34.4882	0	27.64	0	221.5	0	62.8	0	26.78	0	0.11	0	0.000167	0	7.9455	0	7.6076	0
9652SoOcn	 4	C	02/07/2016	18:15	309.281	-59.855		    89.55	0	  0.7037	0	34.4795	0	27.636	0	233.1	0	66.1	0	26.21	0	0.33	0	0.000175	0	7.9601	0	7.6202	0
9652SoOcn	 4	C	02/07/2016	18:15	309.281	-59.855		    84.06	0	  0.7175	0	34.4746	0	27.631	0	245.4	0	69.6	0	26.35	0	0.40	0	0.000179	0	7.9572	0	7.6175	0
9652SoOcn	 4	C	02/07/2016	18:15	309.281	-59.855		    78.64	0	  0.7359	0	34.4724	0	27.628	0	247.6	0	70.2	0	26.35	0	0.41	0	0.000183	0	7.9588	0	7.6191	0
9652SoOcn	 4	C	02/07/2016	18:15	309.281	-59.855		    73.47	0	  0.7382	0	34.4718	0	27.627	0	249.6	0	70.8	0	26.21	0	0.40	0	0.000191	0	7.9592	0	7.6193	0
9652SoOcn	 4	C	02/07/2016	18:15	309.281	-59.855		    68.53	0	  0.7546	0	34.4716	0	27.626	0	249.9	0	70.9	0	26.27	0	0.41	0	0.000174	0	7.9605	0	7.6206	0
9652SoOcn	 4	C	02/07/2016	18:15	309.281	-59.855		    63.94	0	  0.7613	0	34.4719	0	27.625	0	250.0	0	71.0	0	26.24	0	0.42	0	0.000180	0	7.9588	0	7.6190	0
9652SoOcn	 4	C	02/07/2016	18:15	309.281	-59.855		    59.62	0	  0.7682	0	34.4600	0	27.615	0	249.7	0	70.9	0	26.28	0	0.43	0	0.000167	0	7.9597	0	7.6197	0
9652SoOcn	 4	C	02/07/2016	18:15	309.281	-59.855		    55.70	0	  0.7605	0	34.4537	0	27.611	0	249.5	0	70.8	0	26.44	0	0.42	0	0.000183	0	7.9558	0	7.6159	0
9652SoOcn	 4	C	02/07/2016	18:15	309.281	-59.855		    51.46	0	  0.7093	0	34.4436	0	27.607	0	247.5	0	70.1	0	26.54	0	0.32	0	0.000182	0	7.9554	0	7.6147	0
9652SoOcn	 4	C	02/07/2016	18:15	309.281	-59.855		    46.70	0	  0.7592	0	34.4441	0	27.603	0	244.7	0	69.4	0	26.62	0	0.34	0	0.000177	0	7.9451	0	7.6058	0
9652SoOcn	 4	C	02/07/2016	18:15	309.281	-59.855		    41.41	0	  0.8122	0	34.4505	0	27.604	0	238.0	0	67.6	0	26.85	0	0.29	0	0.000174	0	7.9441	0	7.6054	0
9652SoOcn	 4	C	02/07/2016	18:15	309.281	-59.855		    36.74	0	  0.8128	0	34.4456	0	27.6	0	233.6	0	66.4	0	27.06	0	0.21	0	0.000167	0	7.9352	0	7.5971	0
9652SoOcn	 4	C	02/07/2016	18:15	309.281	-59.855		    31.74	0	  0.7643	0	34.4344	0	27.595	0	228.6	0	64.9	0	27.25	0	0.12	0	0.000175	0	7.9411	0	7.6017	0
9652SoOcn	 4	C	02/07/2016	18:15	309.281	-59.855		    26.71	0	  0.6825	0	34.4220	0	27.591	0	230.8	0	65.3	0	26.64	0	0.15	0	0.000166	0	7.9491	0	7.6077	0
9652SoOcn	 4	C	02/07/2016	18:15	309.281	-59.855		    21.55	0	  0.6755	0	34.4115	0	27.583	0	238.1	0	67.4	0	26.28	0	0.12	0	0.000172	0	7.9555	0	7.6134	0
9652SoOcn	 4	C	02/07/2016	18:15	309.281	-59.855		    16.91	0	  0.6935	0	34.3844	0	27.56	0	250.2	0	70.8	0	26.03	0	0.18	0	0.000182	0	7.9627	0	7.6200	0
9652SoOcn	 4	C	02/07/2016	18:15	309.281	-59.855		    11.34	0	  0.6940	0	34.3798	0	27.556	0	253.5	0	71.8	0	25.94	0	0.15	0	0.000191	0	7.9653	0	7.6222	0
9652SoOcn	 4	C	02/07/2016	18:15	309.281	-59.855		     7.80	0	  0.6947	0	34.3677	0	27.546	0	255.6	0	72.4	0	25.71	0	0.16	0	0.000183	0	7.9678	0	7.6244	0
9652SoOcn	 4	C	02/07/2016	18:15	309.281	-59.855																					
9652SoOcn	 5	C	02/18/2016	03:15	307.651	-59.312		  1798.54	0	  0.5039	0	34.6814	0	27.815	0	189.7	0	53.6	0	27.97	0	0.01	0	0.000111	0	7.8775	0	7.5979	0
9652SoOcn	 5	C	02/18/2016	03:15	307.651	-59.312		  1698.19	0	  0.5641	0	34.6842	0	27.813	0	188.3	0	53.2	0	27.88	0	0.01	0	0.000103	0	7.8818	0	7.5994	0
9652SoOcn	 5	C	02/18/2016	03:15	307.651	-59.312		  1599.31	0	  0.6320	0	34.6877	0	27.81	0	186.9	0	52.9	0	27.73	0	0.01	0	0.000106	0	7.8852	0	7.6002	0
9652SoOcn	 5	C	02/18/2016	03:15	307.651	-59.312		  1499.87	0	  0.5661	0	34.6716	0	27.802	0	192.9	0	54.6	0	27.51	0	0.01	0	0.000111	0	7.8914	0	7.6017	0
9652SoOcn	 5	C	02/18/2016	03:15	307.651	-59.312		  1399.50	0	  0.6920	0	34.6807	0	27.8	0	192.8	0	54.7	0	27.58	0	0.01	0	0.000109	0	7.8941	0	7.6026	0
9652SoOcn	 5	C	02/18/2016	03:15	307.651	-59.312		  1299.08	0	  0.3477	0	34.6390	0	27.793	0	206.2	0	58.0	0	27.40	0	0.02	0	0.000117	0	7.9045	0	7.6041	0
9652SoOcn	 5	C	02/18/2016	03:15	307.651	-59.312		  1199.04	0	  0.3838	0	34.6264	0	27.78	0	211.9	0	59.6	0	27.47	0	0.02	0	0.000116	0	7.9075	0	7.6041	0
9652SoOcn	 5	C	02/18/2016	03:15	307.651	-59.312		  1099.34	0	  0.4464	0	34.6294	0	27.777	0	206.2	0	58.1	0	27.33	0	0.02	0	0.000126	0	7.9087	0	7.6027	0
9652SoOcn	 5	C	02/18/2016	03:15	307.651	-59.312		   999.15	0	  1.0980	0	34.6831	0	27.769	0	188.3	0	54.0	0	27.30	0	0.02	0	0.000109	0	7.9023	0	7.6025	0
9652SoOcn	 5	C	02/18/2016	03:15	307.651	-59.312		   951.72	0	  1.2219	0	34.6980	0	27.771	0	180.3	0	51.9	0	27.19	0	0.02	0	0.000114	0	7.9002	0	7.6007	0
9652SoOcn	 5	C	02/18/2016	03:15	307.651	-59.312		   901.37	0	  1.4327	0	34.7165	0	27.768	0	172.5	0	49.9	0	27.16	0	0.01	0	0.000105	0	7.8970	0	7.5989	0
9652SoOcn	 5	C	02/18/2016	03:15	307.651	-59.312		   850.89	0	  1.5280	0	34.7206	0	27.764	0	167.8	0	48.7	0	27.27	0	0.01	0	0.000103	0	7.8956	0	7.5973	0
9652SoOcn	 5	C	02/18/2016	03:15	307.651	-59.312		   800.79	0	  1.5799	0	34.7152	0	27.755	0	169.0	0	49.1	0	27.22	0	0.02	0	0.000105	0	7.8963	0	7.5970	0
9652SoOcn	 5	C	02/18/2016	03:15	307.651	-59.312		   750.85	0	  1.4279	0	34.6953	0	27.752	0	170.7	0	49.4	0	27.40	0	0.01	0	0.000111	0	7.8971	0	7.5941	0
9652SoOcn	 5	C	02/18/2016	03:15	307.651	-59.312		   701.66	0	  1.5184	0	34.6905	0	27.74	0	172.3	0	49.9	0	27.44	0	0.00	0	0.000116	0	7.8935	0	7.5903	0
9652SoOcn	 5	C	02/18/2016	03:15	307.651	-59.312		   651.64	0	  1.5858	0	34.6907	0	27.734	0	169.6	0	49.2	0	27.63	0	0.01	0	0.000113	0	7.8920	0	7.5883	0
9652SoOcn	 5	C	02/18/2016	03:15	307.651	-59.312		   600.74	0	  1.6284	0	34.6896	0	27.73	0	168.8	0	49.1	0	27.50	0	0.01	0	0.000109	0	7.8933	0	7.5884	0
9652SoOcn	 5	C	02/18/2016	03:15	307.651	-59.312		   551.41	0	  1.6704	0	34.6860	0	27.723	0	166.8	0	48.5	0	27.52	0	0.01	0	0.000109	0	7.8927	0	7.5868	0
9652SoOcn	 5	C	02/18/2016	03:15	307.651	-59.312		   500.79	0	  1.7032	0	34.6782	0	27.714	0	167.0	0	48.6	0	27.78	0	0.01	0	0.000108	0	7.8895	0	7.5826	0
9652SoOcn	 5	C	02/18/2016	03:15	307.651	-59.312		   451.68	0	  1.8770	0	34.6806	0	27.7	0	160.5	0	46.9	0	28.09	0	0.02	0	0.000111	0	7.8824	0	7.5769	0
9652SoOcn	 5	C	02/18/2016	03:15	307.651	-59.312		   401.21	0	  1.8903	0	34.6645	0	27.686	0	158.5	0	46.4	0	28.41	0	0.02	0	0.000109	0	7.8757	0	7.5693	0
9652SoOcn	 5	C	02/18/2016	03:15	307.651	-59.312		   379.55	0	  1.8562	0	34.6485	0	27.676	0	158.8	0	46.4	0	28.71	0	0.01	0	0.000114	0	7.8726	0	7.5653	0
9652SoOcn	 5	C	02/18/2016	03:15	307.651	-59.312		   361.14	0	  1.8364	0	34.6381	0	27.669	0	159.0	0	46.4	0	28.86	0	0.02	0	0.000116	0	7.8707	0	7.5626	0
9652SoOcn	 5	C	02/18/2016	03:15	307.651	-59.312		   351.05	0	  1.8311	0	34.6316	0	27.665	0	159.2	0	46.5	0	28.81	0	0.02	0	0.000129	0	7.8682	0	7.5599	0
9652SoOcn	 5	C	02/18/2016	03:15	307.651	-59.312		   341.53	0	  1.8225	0	34.6256	0	27.66	0	159.1	0	46.5	0	28.97	0	0.02	0	0.000114	0	7.8683	0	7.5596	0
9652SoOcn	 5	C	02/18/2016	03:15	307.651	-59.312		   331.15	0	  1.8033	0	34.6226	0	27.66	0	159.6	0	46.6	0	29.03	0	0.02	0	0.000122	0	7.8674	0	7.5582	0
9652SoOcn	 5	C	02/18/2016	03:15	307.651	-59.312		   321.63	0	  1.7736	0	34.6118	0	27.654	0	160.5	0	46.8	0	29.04	0	0.01	0	0.000117	0	7.8671	0	7.5572	0
9652SoOcn	 5	C	02/18/2016	03:15	307.651	-59.312		   311.71	0	  1.7732	0	34.6080	0	27.651	0	160.5	0	46.8	0	29.08	0	0.02	0	0.000122	0	7.8656	0	7.5555	0
9652SoOcn	 5	C	02/18/2016	03:15	307.651	-59.312		   301.22	0	  1.7701	0	34.5963	0	27.641	0	160.5	0	46.8	0	29.31	0	0.02	0	0.000119	0	7.8646	0	7.5542	0
9652SoOcn	 5	C	02/18/2016	03:15	307.651	-59.312		   291.26	0	  1.7928	0	34.5919	0	27.636	0	160.4	0	46.8	0	29.37	0	0.03	0	0.000116	0	7.8646	0	7.5542	0
9652SoOcn	 5	C	02/18/2016	03:15	307.651	-59.312		   281.03	0	  1.7939	0	34.5844	0	27.63	0	160.5	0	46.8	0	29.47	0	0.02	0	0.000142	0	7.8643	0	7.5536	0
9652SoOcn	 5	C	02/18/2016	03:15	307.651	-59.312		   271.74	0	  1.7574	0	34.5745	0	27.625	0	161.1	0	47.0	0	29.44	0	0.02	0	0.000111	0	7.8635	0	7.5520	0
9652SoOcn	 5	C	02/18/2016	03:15	307.651	-59.312		   259.67	0	  1.6092	0	34.5521	0	27.62	0	164.3	0	47.7	0	29.51	0	0.02	0	0.000114	0	7.8660	0	7.5519	0
9652SoOcn	 5	C	02/18/2016	03:15	307.651	-59.312		   250.95	0	  1.5240	0	34.5334	0	27.612	0	168.3	0	48.7	0	29.58	0	0.02	0	0.000117	0	7.8656	0	7.5501	0
9652SoOcn	 5	C	02/18/2016	03:15	307.651	-59.312		   241.46	0	  1.4468	0	34.5198	0	27.607	0	171.0	0	49.4	0	29.73	0	0.01	0	0.000129	0	7.8691	0	7.5519	0
9652SoOcn	 5	C	02/18/2016	03:15	307.651	-59.312		   230.95	0	  1.3454	0	34.5004	0	27.6	0	174.4	0	50.3	0	29.60	0	0.02	0	0.000126	0	7.8702	0	7.5512	0
9652SoOcn	 5	C	02/18/2016	03:15	307.651	-59.312		   221.20	0	  1.2851	0	34.4837	0	27.592	0	177.2	0	51.0	0	29.81	0	0.02	0	0.000134	0	7.8719	0	7.5516	0
9652SoOcn	 5	C	02/18/2016	03:15	307.651	-59.312		   211.54	0	  1.1750	0	34.4594	0	27.581	0	180.5	0	51.8	0	29.73	0	0.01	0	0.000121	0	7.8750	0	7.5527	0
9652SoOcn	 5	C	02/18/2016	03:15	307.651	-59.312		   201.73	0	  1.1190	0	34.4417	0	27.572	0	184.1	0	52.7	0	29.62	0	0.01	0	0.000126	0	7.8761	0	7.5526	0
9652SoOcn	 5	C	02/18/2016	03:15	307.651	-59.312		   191.45	0	  1.0614	0	34.4284	0	27.566	0	187.1	0	53.5	0	29.62	0	0.02	0	0.000121	0	7.8811	0	7.5560	0
9652SoOcn	 5	C	02/18/2016	03:15	307.651	-59.312		   181.58	0	  0.9995	0	34.4154	0	27.56	0	189.7	0	54.1	0	29.50	0	0.02	0	0.000121	0	7.8849	0	7.5584	0
9652SoOcn	 5	C	02/18/2016	03:15	307.651	-59.312		   171.34	0	  0.8529	0	34.3824	0	27.546	0	195.6	0	55.6	0	29.46	0	0.02	0	0.000126	0	7.8925	0	7.5630	0
9652SoOcn	 5	C	02/18/2016	03:15	307.651	-59.312		   161.08	0	  0.7402	0	34.3472	0	27.526	0	205.6	0	58.3	0	29.03	0	0.06	0	0.000132	0	7.9040	0	7.5717	0
9652SoOcn	 5	C	02/18/2016	03:15	307.651	-59.312		   151.00	0	  0.6846	0	34.3306	0	27.517	0	213.1	0	60.3	0	28.78	0	0.07	0	0.000145	0	7.9079	0	7.5741	0
9652SoOcn	 5	C	02/18/2016	03:15	307.651	-59.312		   141.68	0	  0.6738	0	34.3217	0	27.511	0	216.6	0	61.3	0	28.69	0	0.05	0	0.000132	0	7.9163	0	7.5814	0
9652SoOcn	 5	C	02/18/2016	03:15	307.651	-59.312		   131.49	0	  0.6342	0	34.2928	0	27.49	0	222.9	0	63.0	0	28.00	0	0.10	0	0.000150	0	7.9285	0	7.5917	0
9652SoOcn	 5	C	02/18/2016	03:15	307.651	-59.312		   121.40	0	  0.5400	0	34.2697	0	27.479	0	232.3	0	65.5	0	27.81	0	0.10	0	0.000171	0	7.9286	0	7.5902	0
9652SoOcn	 5	C	02/18/2016	03:15	307.651	-59.312		   111.15	0	  0.3429	0	34.2344	0	27.466	0	234.9	0	65.8	0	27.66	0	0.09	0	0.000172	0	7.9401	0	7.5976	0
9652SoOcn	 5	C	02/18/2016	03:15	307.651	-59.312		   101.51	0	  0.3608	0	34.1866	0	27.426	0	247.1	0	69.3	0	26.32	0	0.17	0	0.000188	0	7.9571	0	7.6131	0
9652SoOcn	 5	C	02/18/2016	03:15	307.651	-59.312		    94.84	0	  0.0308	0	34.0923	0	27.374	0	258.9	0	71.9	0	25.49	0	0.14	0	0.000166	0	7.9850	0	7.6340	0
9652SoOcn	 5	C	02/18/2016	03:15	307.651	-59.312		    89.03	0	  0.2277	0	34.0453	0	27.322	0	269.0	0	75.1	0	24.50	0	0.39	0	0.000200	0	8.0040	0	7.6539	0
9652SoOcn	 5	C	02/18/2016	03:15	307.651	-59.312		    83.61	0	  0.5746	0	34.0021	0	27.26	0	275.8	0	77.7	0	23.27	0	0.72	0	0.000228	0	8.0199	0	7.6730	0
9652SoOcn	 5	C	02/18/2016	03:15	307.651	-59.312		    78.84	0	  0.9243	0	33.9633	0	27.2	0	282.5	0	80.3	0	22.43	0	1.02	0	0.000243	0	8.0279	0	7.6850	0
9652SoOcn	 5	C	02/18/2016	03:15	307.651	-59.312		    74.44	0	  1.0357	0	33.9536	0	27.183	0	289.1	0	82.3	0	22.20	0	1.23	0	0.000283	0	8.0337	0	7.6917	0
9652SoOcn	 5	C	02/18/2016	03:15	307.651	-59.312		    69.84	0	  1.0817	0	33.9490	0	27.175	0	293.3	0	83.6	0	22.09	0	1.33	0	0.000283	0	8.0348	0	7.6931	0
9652SoOcn	 5	C	02/18/2016	03:15	307.651	-59.312		    65.99	0	  1.1110	0	33.9464	0	27.171	0	295.0	0	84.2	0	21.95	0	1.33	0	0.000294	0	8.0386	0	7.6969	0
9652SoOcn	 5	C	02/18/2016	03:15	307.651	-59.312		    61.77	0	  1.1416	0	33.9444	0	27.166	0	296.8	0	84.8	0	21.86	0	1.40	0	0.000306	0	8.0411	0	7.6995	0
9652SoOcn	 5	C	02/18/2016	03:15	307.651	-59.312		    56.82	0	  1.1664	0	33.9441	0	27.164	0	298.1	0	85.2	0	21.76	0	1.59	0	0.000315	0	8.0426	0	7.7010	0
9652SoOcn	 5	C	02/18/2016	03:15	307.651	-59.312		    51.87	0	  1.1857	0	33.9433	0	27.162	0	299.0	0	85.5	0	21.71	0	1.54	0	0.000323	0	8.0447	0	7.7031	0
9652SoOcn	 5	C	02/18/2016	03:15	307.651	-59.312		    45.92	0	  1.2097	0	33.9425	0	27.159	0	300.0	0	85.8	0	21.79	0	1.55	0	0.000311	0	8.0464	0	7.7048	0
9652SoOcn	 5	C	02/18/2016	03:15	307.651	-59.312		    41.32	0	  1.2398	0	33.9402	0	27.155	0	300.3	0	86.0	0	21.67	0	1.64	0	0.000336	0	8.0475	0	7.7060	0
9652SoOcn	 5	C	02/18/2016	03:15	307.651	-59.312		    36.28	0	  1.2829	0	33.9358	0	27.147	0	300.7	0	86.2	0	21.47	0	1.55	0	0.000328	0	8.0486	0	7.7075	0
9652SoOcn	 5	C	02/18/2016	03:15	307.651	-59.312		    31.37	0	  1.3136	0	33.9341	0	27.143	0	301.0	0	86.3	0	21.49	0	1.61	0	0.000331	0	8.0516	0	7.7105	0
9652SoOcn	 5	C	02/18/2016	03:15	307.651	-59.312		    26.39	0	  1.3638	0	33.9297	0	27.135	0	301.5	0	86.6	0	21.23	0	1.55	0	0.000299	0	8.0513	0	7.7107	0
9652SoOcn	 5	C	02/18/2016	03:15	307.651	-59.312		    21.43	0	  1.3675	0	33.9290	0	27.134	0	302.1	0	86.8	0	21.22	0	1.53	0	0.000325	0	8.0520	0	7.7112	0
9652SoOcn	 5	C	02/18/2016	03:15	307.651	-59.312		    16.63	0	  1.3743	0	33.9286	0	27.134	0	302.6	0	86.9	0	21.27	0	1.60	0	0.000302	0	8.0534	0	7.7125	0
9652SoOcn	 5	C	02/18/2016	03:15	307.651	-59.312		    11.52	0	  1.3958	0	33.9260	0	27.13	0	302.6	0	87.0	0	21.15	0	1.59	0	0.000323	0	8.0525	0	7.7117	0
9652SoOcn	 5	C	02/18/2016	03:15	307.651	-59.312		     7.93	0	  1.3962	0	33.9258	0	27.129	0	303.1	0	87.1	0	21.16	0	1.74	0	0.000322	0	8.0519	0	7.7112	0
9652SoOcn	 5	C	02/18/2016	03:15	307.651	-59.312																					
9652SoOcn	 6	C	02/28/2016	11:01	307.122	-60.001		  1798.54	0	  0.4652	0	34.6862	0	27.822	0	190.4	0	53.7	0	28.35	0	0.02	0	0.000106	0	7.8799	0	7.5996	0
9652SoOcn	 6	C	02/28/2016	11:01	307.122	-60.001		  1698.94	0	  0.4999	0	34.6867	0	27.82	0	189.4	0	53.5	0	28.40	0	0.01	0	0.000108	0	7.8836	0	7.6001	0
9652SoOcn	 6	C	02/28/2016	11:01	307.122	-60.001		  1598.94	0	  0.5381	0	34.6866	0	27.817	0	188.8	0	53.4	0	28.22	0	0.01	0	0.000105	0	7.8875	0	7.6010	0
9652SoOcn	 6	C	02/28/2016	11:01	307.122	-60.001		  1499.29	0	  0.6378	0	34.6954	0	27.816	0	186.0	0	52.7	0	28.18	0	0.02	0	0.000109	0	7.8907	0	7.6020	0
9652SoOcn	 6	C	02/28/2016	11:01	307.122	-60.001		  1399.01	0	  0.6672	0	34.6958	0	27.814	0	185.4	0	52.6	0	28.29	0	0.01	0	0.000106	0	7.8941	0	7.6022	0
9652SoOcn	 6	C	02/28/2016	11:01	307.122	-60.001		  1299.34	0	  0.6862	0	34.6940	0	27.811	0	185.6	0	52.6	0	28.09	0	0.01	0	0.000106	0	7.8986	0	7.6033	0
9652SoOcn	 6	C	02/28/2016	11:01	307.122	-60.001		  1199.84	0	  0.6824	0	34.6900	0	27.808	0	186.3	0	52.9	0	28.19	0	0.01	0	0.000108	0	7.9029	0	7.6039	0
9652SoOcn	 6	C	02/28/2016	11:01	307.122	-60.001		  1099.60	0	  0.7626	0	34.6925	0	27.804	0	185.5	0	52.7	0	27.99	0	0.01	0	0.000111	0	7.9053	0	7.6040	0
9652SoOcn	 6	C	02/28/2016	11:01	307.122	-60.001		   999.36	0	  0.8370	0	34.6944	0	27.8	0	183.9	0	52.4	0	28.06	0	0.02	0	0.000106	0	7.9081	0	7.6042	0
9652SoOcn	 6	C	02/28/2016	11:01	307.122	-60.001		   951.01	0	  0.8711	0	34.6955	0	27.798	0	183.5	0	52.3	0	28.02	0	0.01	0	0.000109	0	7.9080	0	7.6030	0
9652SoOcn	 6	C	02/28/2016	11:01	307.122	-60.001		   901.56	0	  0.9416	0	34.6971	0	27.793	0	182.3	0	52.0	0	27.90	0	0.01	0	0.000108	0	7.9100	0	7.6042	0
9652SoOcn	 6	C	02/28/2016	11:01	307.122	-60.001		   851.69	0	  0.9135	0	34.6901	0	27.79	0	185.2	0	52.9	0	27.90	0	0.02	0	0.000109	0	7.9121	0	7.6041	0
9652SoOcn	 6	C	02/28/2016	11:01	307.122	-60.001		   801.31	0	  0.7899	0	34.6698	0	27.783	0	191.7	0	54.5	0	27.71	0	0.01	0	0.000113	0	7.9165	0	7.6048	0
9652SoOcn	 6	C	02/28/2016	11:01	307.122	-60.001		   751.73	0	  0.8551	0	34.6729	0	27.781	0	191.1	0	54.4	0	27.82	0	0.01	0	0.000117	0	7.9167	0	7.6043	0
9652SoOcn	 6	C	02/28/2016	11:01	307.122	-60.001		   699.73	0	  0.7822	0	34.6595	0	27.776	0	195.6	0	55.6	0	27.96	0	0.01	0	0.000117	0	7.9192	0	7.6038	0
9652SoOcn	 6	C	02/28/2016	11:01	307.122	-60.001		   650.83	0	  0.8834	0	34.6659	0	27.773	0	193.2	0	55.1	0	27.75	0	0.02	0	0.000117	0	7.9202	0	7.6045	0
9652SoOcn	 6	C	02/28/2016	11:01	307.122	-60.001		   600.60	0	  0.9233	0	34.6621	0	27.767	0	192.7	0	55.0	0	27.85	0	0.02	0	0.000119	0	7.9205	0	7.6036	0
9652SoOcn	 6	C	02/28/2016	11:01	307.122	-60.001		   550.83	0	  0.9009	0	34.6559	0	27.763	0	194.1	0	55.3	0	27.69	0	0.02	0	0.000117	0	7.9218	0	7.6030	0
9652SoOcn	 6	C	02/28/2016	11:01	307.122	-60.001		   501.71	0	  0.7582	0	34.6342	0	27.757	0	202.5	0	57.5	0	27.86	0	0.02	0	0.000121	0	7.9251	0	7.6024	0
9652SoOcn	 6	C	02/28/2016	11:01	307.122	-60.001		   450.96	0	  0.8500	0	34.6348	0	27.75	0	199.1	0	56.7	0	27.95	0	0.02	0	0.000122	0	7.9216	0	7.5987	0
9652SoOcn	 6	C	02/28/2016	11:01	307.122	-60.001		   400.94	0	  0.7796	0	34.6173	0	27.742	0	204.7	0	58.2	0	27.85	0	0.02	0	0.000132	0	7.9247	0	7.5990	0
9652SoOcn	 6	C	02/28/2016	11:01	307.122	-60.001		   380.99	0	  0.7649	0	34.6109	0	27.738	0	207.1	0	58.8	0	27.91	0	0.02	0	0.000132	0	7.9255	0	7.5988	0
9652SoOcn	 6	C	02/28/2016	11:01	307.122	-60.001		   361.10	0	  0.7907	0	34.6081	0	27.733	0	207.3	0	58.9	0	28.00	0	0.04	0	0.000154	0	7.9233	0	7.5966	0
9652SoOcn	 6	C	02/28/2016	11:01	307.122	-60.001		   351.00	0	  0.8020	0	34.6029	0	27.728	0	206.8	0	58.8	0	27.94	0	0.02	0	0.000138	0	7.9244	0	7.5974	0
9652SoOcn	 6	C	02/28/2016	11:01	307.122	-60.001		   341.47	0	  0.7971	0	34.6007	0	27.727	0	208.1	0	59.2	0	28.06	0	0.02	0	0.000135	0	7.9250	0	7.5976	0
9652SoOcn	 6	C	02/28/2016	11:01	307.122	-60.001		   330.97	0	  0.7912	0	34.5974	0	27.725	0	209.5	0	59.5	0	28.05	0	0.02	0	0.000127	0	7.9258	0	7.5978	0
9652SoOcn	 6	C	02/28/2016	11:01	307.122	-60.001		   320.91	0	  0.7925	0	34.5967	0	27.724	0	210.0	0	59.7	0	28.09	0	0.02	0	0.000130	0	7.9257	0	7.5975	0
9652SoOcn	 6	C	02/28/2016	11:01	307.122	-60.001		   311.74	0	  0.7835	0	34.5896	0	27.719	0	210.8	0	59.9	0	28.03	0	0.02	0	0.000146	0	7.9287	0	7.5998	0
9652SoOcn	 6	C	02/28/2016	11:01	307.122	-60.001		   300.93	0	  0.7252	0	34.5823	0	27.718	0	215.9	0	61.3	0	27.81	0	0.04	0	0.000137	0	7.9313	0	7.6011	0
9652SoOcn	 6	C	02/28/2016	11:01	307.122	-60.001		   291.14	0	  0.7070	0	34.5772	0	27.715	0	219.1	0	62.1	0	27.93	0	0.04	0	0.000135	0	7.9323	0	7.6014	0
9652SoOcn	 6	C	02/28/2016	11:01	307.122	-60.001		   280.97	0	  0.6961	0	34.5756	0	27.715	0	220.6	0	62.5	0	27.88	0	0.04	0	0.000134	0	7.9330	0	7.6016	0
9652SoOcn	 6	C	02/28/2016	11:01	307.122	-60.001		   271.04	0	  0.6928	0	34.5741	0	27.714	0	221.6	0	62.8	0	27.91	0	0.04	0	0.000130	0	7.9347	0	7.6027	0
9652SoOcn	 6	C	02/28/2016	11:01	307.122	-60.001		   261.49	0	  0.6979	0	34.5695	0	27.71	0	222.8	0	63.2	0	27.99	0	0.04	0	0.000135	0	7.9339	0	7.6017	0
9652SoOcn	 6	C	02/28/2016	11:01	307.122	-60.001		   251.06	0	  0.7007	0	34.5659	0	27.706	0	223.1	0	63.3	0	27.90	0	0.05	0	0.000135	0	7.9346	0	7.6021	0
9652SoOcn	 6	C	02/28/2016	11:01	307.122	-60.001		   240.32	0	  0.6854	0	34.5631	0	27.705	0	224.9	0	63.8	0	28.01	0	0.04	0	0.000134	0	7.9329	0	7.5999	0
9652SoOcn	 6	C	02/28/2016	11:01	307.122	-60.001		   230.89	0	  0.7092	0	34.5547	0	27.697	0	223.6	0	63.4	0	28.02	0	0.03	0	0.000145	0	7.9332	0	7.6003	0
9652SoOcn	 6	C	02/28/2016	11:01	307.122	-60.001		   221.12	0	  0.7307	0	34.5541	0	27.694	0	222.2	0	63.1	0	28.20	0	0.04	0	0.000135	0	7.9323	0	7.5994	0
9652SoOcn	 6	C	02/28/2016	11:01	307.122	-60.001		   211.35	0	  0.7229	0	34.5460	0	27.688	0	223.2	0	63.3	0	27.90	0	0.04	0	0.000140	0	7.9333	0	7.5999	0
9652SoOcn	 6	C	02/28/2016	11:01	307.122	-60.001		   201.65	0	  0.7022	0	34.5292	0	27.677	0	226.6	0	64.2	0	27.86	0	0.04	0	0.000145	0	7.9357	0	7.6015	0
9652SoOcn	 6	C	02/28/2016	11:01	307.122	-60.001		   191.31	0	  0.7038	0	34.5219	0	27.67	0	228.2	0	64.7	0	27.74	0	0.04	0	0.000137	0	7.9377	0	7.6030	0
9652SoOcn	 6	C	02/28/2016	11:01	307.122	-60.001		   180.99	0	  0.7079	0	34.5006	0	27.653	0	231.9	0	65.7	0	27.58	0	0.04	0	0.000153	0	7.9420	0	7.6066	0
9652SoOcn	 6	C	02/28/2016	11:01	307.122	-60.001		   171.52	0	  0.7098	0	34.4921	0	27.646	0	234.7	0	66.5	0	27.66	0	0.06	0	0.000146	0	7.9442	0	7.6084	0
9652SoOcn	 6	C	02/28/2016	11:01	307.122	-60.001		   161.42	0	  0.7133	0	34.4855	0	27.64	0	236.8	0	67.1	0	27.53	0	0.09	0	0.000142	0	7.9469	0	7.6105	0
9652SoOcn	 6	C	02/28/2016	11:01	307.122	-60.001		   151.62	0	  0.7199	0	34.4788	0	27.634	0	238.7	0	67.7	0	27.50	0	0.07	0	0.000145	0	7.9474	0	7.6108	0
9652SoOcn	 6	C	02/28/2016	11:01	307.122	-60.001		   141.77	0	  0.7186	0	34.4735	0	27.63	0	240.4	0	68.2	0	27.41	0	0.07	0	0.000143	0	7.9511	0	7.6138	0
9652SoOcn	 6	C	02/28/2016	11:01	307.122	-60.001		   130.87	0	  0.7429	0	34.4585	0	27.616	0	242.9	0	68.9	0	27.28	0	0.09	0	0.000148	0	7.9529	0	7.6155	0
9652SoOcn	 6	C	02/28/2016	11:01	307.122	-60.001		   121.33	0	  0.7763	0	34.4393	0	27.598	0	244.8	0	69.5	0	26.85	0	0.09	0	0.000151	0	7.9648	0	7.6266	0
9652SoOcn	 6	C	02/28/2016	11:01	307.122	-60.001		   111.73	0	  0.8391	0	34.4035	0	27.564	0	253.4	0	72.0	0	26.21	0	0.19	0	0.000167	0	7.9761	0	7.6374	0
9652SoOcn	 6	C	02/28/2016	11:01	307.122	-60.001		   100.93	0	  1.0338	0	34.3274	0	27.486	0	264.4	0	75.5	0	25.12	0	0.31	0	0.000182	0	7.9964	0	7.6584	0
9652SoOcn	 6	C	02/28/2016	11:01	307.122	-60.001		    95.28	0	  1.1851	0	34.2653	0	27.423	0	272.0	0	77.9	0	24.78	0	0.46	0	0.000200	0	8.0032	0	7.6664	0
9652SoOcn	 6	C	02/28/2016	11:01	307.122	-60.001		    89.00	0	  1.2177	0	34.2549	0	27.412	0	278.8	0	79.9	0	24.54	0	0.50	0	0.000212	0	8.0045	0	7.6679	0
9652SoOcn	 6	C	02/28/2016	11:01	307.122	-60.001		    82.66	0	  1.2394	0	34.2480	0	27.404	0	281.8	0	80.9	0	24.41	0	0.54	0	0.000219	0	8.0071	0	7.6703	0
9652SoOcn	 6	C	02/28/2016	11:01	307.122	-60.001		    76.91	0	  1.2516	0	34.2439	0	27.4	0	283.7	0	81.4	0	24.54	0	0.50	0	0.000219	0	8.0120	0	7.6748	0
9652SoOcn	 6	C	02/28/2016	11:01	307.122	-60.001		    71.16	0	  1.3018	0	34.2239	0	27.38	0	286.2	0	82.2	0	24.28	0	0.58	0	0.000219	0	8.0131	0	7.6763	0
9652SoOcn	 6	C	02/28/2016	11:01	307.122	-60.001		    65.52	0	  1.3025	0	34.2216	0	27.378	0	288.3	0	82.8	0	24.25	0	0.61	0	0.000225	0	8.0145	0	7.6774	0
9652SoOcn	 6	C	02/28/2016	11:01	307.122	-60.001		    59.79	0	  1.3096	0	34.2180	0	27.374	0	289.2	0	83.1	0	24.19	0	0.61	0	0.000240	0	8.0157	0	7.6785	0
9652SoOcn	 6	C	02/28/2016	11:01	307.122	-60.001		    53.68	0	  1.3259	0	34.2157	0	27.371	0	290.2	0	83.4	0	24.18	0	0.68	0	0.000253	0	8.0166	0	7.6793	0
9652SoOcn	 6	C	02/28/2016	11:01	307.122	-60.001		    47.22	0	  1.3391	0	34.2150	0	27.369	0	290.6	0	83.6	0	24.11	0	0.68	0	0.000249	0	8.0178	0	7.6804	0
9652SoOcn	 6	C	02/28/2016	11:01	307.122	-60.001		    41.22	0	  1.3462	0	34.2142	0	27.368	0	291.1	0	83.7	0	24.25	0	0.66	0	0.000274	0	8.0191	0	7.6815	0
9652SoOcn	 6	C	02/28/2016	11:01	307.122	-60.001		    35.94	0	  1.3565	0	34.2135	0	27.366	0	291.7	0	83.9	0	24.06	0	0.67	0	0.000251	0	8.0202	0	7.6824	0
9652SoOcn	 6	C	02/28/2016	11:01	307.122	-60.001		    31.55	0	  1.3603	0	34.2124	0	27.365	0	292.0	0	84.0	0	23.97	0	0.66	0	0.000256	0	8.0202	0	7.6823	0
9652SoOcn	 6	C	02/28/2016	11:01	307.122	-60.001		    28.38	0	  1.3632	0	34.2033	0	27.358	0	292.6	0	84.2	0	23.52	0	0.66	0	0.000253	0	8.0320	0	7.6931	0
9652SoOcn	 6	C	02/28/2016	11:01	307.122	-60.001		    26.34	0	  1.2175	0	34.0395	0	27.237	0	296.7	0	85.0	0	23.08	0	1.16	0	0.000283	0	8.0365	0	7.6952	0
9652SoOcn	 6	C	02/28/2016	11:01	307.122	-60.001		    23.95	0	  1.2183	0	34.0382	0	27.236	0	298.3	0	85.4	0	23.00	0	1.12	0	0.000312	0	8.0362	0	7.6948	0
9652SoOcn	 6	C	02/28/2016	11:01	307.122	-60.001		    20.75	0	  1.2161	0	34.0330	0	27.232	0	298.9	0	85.6	0	22.93	0	1.06	0	0.000302	0	8.0360	0	7.6945	0
9652SoOcn	 6	C	02/28/2016	11:01	307.122	-60.001		    16.63	0	  1.2162	0	34.0319	0	27.231	0	299.6	0	85.8	0	22.91	0	1.04	0	0.000306	0	8.0363	0	7.6946	0
9652SoOcn	 6	C	02/28/2016	11:01	307.122	-60.001		    11.58	0	  1.2168	0	34.0317	0	27.231	0	300.0	0	85.9	0	23.02	0	1.04	0	0.000291	0	8.0359	0	7.6941	0
9652SoOcn	 6	C	02/28/2016	11:01	307.122	-60.001		     7.24	0	  1.2169	0	34.0319	0	27.231	0	300.2	0	85.9	0	22.94	0	1.02	0	0.000293	0	8.0332	0	7.6915	0
9652SoOcn	 6	C	02/28/2016	11:01	307.122	-60.001																					
