//0																													
Cruise	Station	Type	mon/day/yr	hh:mm	Lon [°E]	Lat [°N]	Bot. Depth[m]	Depth[m]	QF	Temperature[°C]	QF	Salinity	QF	Density	QF	Oxygen[µM]	QF	OxygenSat[%]	QF	Nitrate[µM]	QF	pHinsitu[Total]	QF	pH25C[Total]	QF
9655SoOcn	 1	C	01/09/2016	09:04	303.495	-57.993		  1798.25	0	  1.0750	0	34.7156	0	27.798	0	179.1	0	51.3	0	33.12	0	7.7918	0	7.5271	0
9655SoOcn	 1	C	01/09/2016	09:04	303.495	-57.993		  1699.36	0	  1.1580	0	34.7185	0	27.793	0	176.9	0	50.8	0	32.95	0	7.7940	0	7.5270	0
9655SoOcn	 1	C	01/09/2016	09:04	303.495	-57.993		  1598.68	0	  1.2559	0	34.7226	0	27.788	0	174.8	0	50.3	0	32.90	0	7.7980	0	7.5287	0
9655SoOcn	 1	C	01/09/2016	09:04	303.495	-57.993		  1499.74	0	  1.3588	0	34.7235	0	27.78	0	172.7	0	49.9	0	32.68	0	7.7991	0	7.5278	0
9655SoOcn	 1	C	01/09/2016	09:04	303.495	-57.993		  1399.15	0	  1.4130	0	34.7237	0	27.776	0	171.6	0	49.6	0	32.57	0	7.8026	0	7.5286	0
9655SoOcn	 1	C	01/09/2016	09:04	303.495	-57.993		  1299.51	0	  1.5004	0	34.7237	0	27.768	0	169.7	0	49.2	0	32.51	0	7.8043	0	7.5280	0
9655SoOcn	 1	C	01/09/2016	09:04	303.495	-57.993		  1199.59	0	  1.6143	0	34.7236	0	27.759	0	167.2	0	48.6	0	32.56	0	7.8038	0	7.5258	0
9655SoOcn	 1	C	01/09/2016	09:04	303.495	-57.993		  1099.16	0	  1.6901	0	34.7219	0	27.751	0	165.5	0	48.2	0	32.61	0	7.8062	0	7.5258	0
9655SoOcn	 1	C	01/09/2016	09:04	303.495	-57.993		   999.60	0	  1.7948	0	34.7182	0	27.738	0	163.6	0	47.7	0	32.49	0	7.8074	0	7.5251	0
9655SoOcn	 1	C	01/09/2016	09:04	303.495	-57.993		   951.60	0	  1.8269	0	34.7164	0	27.734	0	163.2	0	47.7	0	32.72	0	7.7991	0	7.5163	0
9655SoOcn	 1	C	01/09/2016	09:04	303.495	-57.993		   900.58	0	  1.8826	0	34.7136	0	27.727	0	161.9	0	47.4	0	32.70	0	7.8006	0	7.5168	0
9655SoOcn	 1	C	01/09/2016	09:04	303.495	-57.993		   851.09	0	  1.9221	0	34.7104	0	27.721	0	161.1	0	47.2	0	32.67	0	7.8010	0	7.5160	0
9655SoOcn	 1	C	01/09/2016	09:04	303.495	-57.993		   801.63	0	  1.9408	0	34.7083	0	27.717	0	160.7	0	47.1	0	32.77	0	7.8007	0	7.5144	0
9655SoOcn	 1	C	01/09/2016	09:04	303.495	-57.993		   751.03	0	  1.9815	0	34.7023	0	27.709	0	159.7	0	46.9	0	32.69	0	7.8011	0	7.5136	0
9655SoOcn	 1	C	01/09/2016	09:04	303.495	-57.993		   701.66	0	  1.9958	0	34.6939	0	27.7	0	159.0	0	46.7	0	33.09	0	7.7980	0	7.5094	0
9655SoOcn	 1	C	01/09/2016	09:04	303.495	-57.993		   651.76	0	  2.0324	0	34.6814	0	27.687	0	157.5	0	46.3	0	33.17	0	7.7952	0	7.5056	0
9655SoOcn	 1	C	01/09/2016	09:04	303.495	-57.993		   601.30	0	  2.0677	0	34.6649	0	27.67	0	156.1	0	45.9	0	33.42	0	7.7908	0	7.5005	0
9655SoOcn	 1	C	01/09/2016	09:04	303.495	-57.993		   551.10	0	  2.1240	0	34.6534	0	27.656	0	154.6	0	45.5	0	33.75	0	7.7879	0	7.4970	0
9655SoOcn	 1	C	01/09/2016	09:04	303.495	-57.993		   501.72	0	  2.1623	0	34.6249	0	27.629	0	154.2	0	45.4	0	34.12	0	7.7836	0	7.4919	0
9655SoOcn	 1	C	01/09/2016	09:04	303.495	-57.993		   451.65	0	  2.1068	0	34.5855	0	27.602	0	155.7	0	45.8	0	34.37	0	7.7809	0	7.4870	0
9655SoOcn	 1	C	01/09/2016	09:04	303.495	-57.993		   400.59	0	  2.1637	0	34.5575	0	27.574	0	155.1	0	45.7	0	35.04	0	7.7738	0	7.4796	0
9655SoOcn	 1	C	01/09/2016	09:04	303.495	-57.993		   381.44	0	  2.1372	0	34.5409	0	27.563	0	156.4	0	46.0	0	34.92	0	7.7750	0	7.4798	0
9655SoOcn	 1	C	01/09/2016	09:04	303.495	-57.993		   361.35	0	  2.0904	0	34.5268	0	27.556	0	158.4	0	46.5	0	34.99	0	7.7754	0	7.4788	0
9655SoOcn	 1	C	01/09/2016	09:04	303.495	-57.993		   351.26	0	  2.1296	0	34.5210	0	27.547	0	158.6	0	46.6	0	34.91	0	7.7743	0	7.4780	0
9655SoOcn	 1	C	01/09/2016	09:04	303.495	-57.993		   341.48	0	  2.1305	0	34.5155	0	27.543	0	158.8	0	46.7	0	34.98	0	7.7752	0	7.4785	0
9655SoOcn	 1	C	01/09/2016	09:04	303.495	-57.993		   331.77	0	  2.1432	0	34.5101	0	27.537	0	159.0	0	46.8	0	35.17	0	7.7748	0	7.4780	0
9655SoOcn	 1	C	01/09/2016	09:04	303.495	-57.993		   319.26	0	  2.1439	0	34.5086	0	27.536	0	159.2	0	46.8	0	35.14	0	7.7749	0	7.4777	0
9655SoOcn	 1	C	01/09/2016	09:04	303.495	-57.993		   310.33	0	  2.1350	0	34.5015	0	27.531	0	159.7	0	47.0	0	35.09	0	7.7756	0	7.4779	0
9655SoOcn	 1	C	01/09/2016	09:04	303.495	-57.993		   301.15	0	  2.1293	0	34.4933	0	27.525	0	160.5	0	47.2	0	35.14	0	7.7765	0	7.4784	0
9655SoOcn	 1	C	01/09/2016	09:04	303.495	-57.993		   290.80	0	  2.1108	0	34.4835	0	27.519	0	161.9	0	47.6	0	35.14	0	7.7771	0	7.4784	0
9655SoOcn	 1	C	01/09/2016	09:04	303.495	-57.993		   280.98	0	  2.0802	0	34.4645	0	27.506	0	163.8	0	48.1	0	35.29	0	7.7780	0	7.4784	0
9655SoOcn	 1	C	01/09/2016	09:04	303.495	-57.993		   271.34	0	  1.9549	0	34.4496	0	27.505	0	166.2	0	48.6	0	34.92	0	7.7849	0	7.4827	0
9655SoOcn	 1	C	01/09/2016	09:04	303.495	-57.993		   261.56	0	  1.8540	0	34.4278	0	27.497	0	172.2	0	50.3	0	34.77	0	7.7901	0	7.4857	0
9655SoOcn	 1	C	01/09/2016	09:04	303.495	-57.993		   251.46	0	  1.6996	0	34.3987	0	27.487	0	177.8	0	51.7	0	34.77	0	7.7951	0	7.4879	0
9655SoOcn	 1	C	01/09/2016	09:04	303.495	-57.993		   241.37	0	  1.5855	0	34.3701	0	27.474	0	183.3	0	53.1	0	34.65	0	7.8024	0	7.4927	0
9655SoOcn	 1	C	01/09/2016	09:04	303.495	-57.993		   231.13	0	  1.5208	0	34.3553	0	27.467	0	188.5	0	54.5	0	34.55	0	7.8070	0	7.4957	0
9655SoOcn	 1	C	01/09/2016	09:04	303.495	-57.993		   221.09	0	  1.4318	0	34.3376	0	27.461	0	192.7	0	55.6	0	34.49	0	7.8097	0	7.4966	0
9655SoOcn	 1	C	01/09/2016	09:04	303.495	-57.993		   211.33	0	  1.4165	0	34.3304	0	27.456	0	194.4	0	56.1	0	34.37	0	7.8103	0	7.4966	0
9655SoOcn	 1	C	01/09/2016	09:04	303.495	-57.993		   201.50	0	  1.4032	0	34.3264	0	27.454	0	195.7	0	56.4	0	34.47	0	7.8151	0	7.5005	0
9655SoOcn	 1	C	01/09/2016	09:04	303.495	-57.993		   191.50	0	  1.1302	0	34.2939	0	27.451	0	202.1	0	57.8	0	34.17	0	7.8262	0	7.5066	0
9655SoOcn	 1	C	01/09/2016	09:04	303.495	-57.993		   178.74	0	  1.0383	0	34.2749	0	27.443	0	209.3	0	59.7	0	33.96	0	7.8320	0	7.5102	0
9655SoOcn	 1	C	01/09/2016	09:04	303.495	-57.993		   169.57	0	  0.7464	0	34.2339	0	27.434	0	216.0	0	61.2	0	33.50	0	7.8457	0	7.5186	0
9655SoOcn	 1	C	01/09/2016	09:04	303.495	-57.993		   161.02	0	  0.6773	0	34.2179	0	27.426	0	222.8	0	63.0	0	33.48	0	7.8505	0	7.5217	0
9655SoOcn	 1	C	01/09/2016	09:04	303.495	-57.993		   150.37	0	  0.3829	0	34.1724	0	27.413	0	233.9	0	65.6	0	33.15	0	7.8636	0	7.5293	0
9655SoOcn	 1	C	01/09/2016	09:04	303.495	-57.993		   140.95	0	  0.1820	0	34.1423	0	27.403	0	242.7	0	67.7	0	32.56	0	7.8775	0	7.5391	0
9655SoOcn	 1	C	01/09/2016	09:04	303.495	-57.993		   131.27	0	 -0.1283	0	34.0870	0	27.382	0	256.9	0	71.0	0	32.18	0	7.8906	0	7.5466	0
9655SoOcn	 1	C	01/09/2016	09:04	303.495	-57.993		   121.49	0	 -0.4025	0	34.0296	0	27.355	0	272.1	0	74.7	0	31.19	0	7.9142	0	7.5641	0
9655SoOcn	 1	C	01/09/2016	09:04	303.495	-57.993		   111.79	0	 -0.5285	0	33.9841	0	27.327	0	287.6	0	78.6	0	30.52	0	7.9236	0	7.5707	0
9655SoOcn	 1	C	01/09/2016	09:04	303.495	-57.993		   101.47	0	 -0.5729	0	33.9558	0	27.307	0	295.6	0	80.7	0	29.88	0	7.9349	0	7.5802	0
9655SoOcn	 1	C	01/09/2016	09:04	303.495	-57.993		    96.75	0	 -0.5374	0	33.9247	0	27.28	0	301.9	0	82.5	0	29.25	0	7.9431	0	7.5880	0
9655SoOcn	 1	C	01/09/2016	09:04	303.495	-57.993		    91.57	0	 -0.5009	0	33.9114	0	27.266	0	307.6	0	84.1	0	29.10	0	7.9473	0	7.5922	0
9655SoOcn	 1	C	01/09/2016	09:04	303.495	-57.993		    86.53	0	 -0.4289	0	33.9024	0	27.254	0	309.9	0	84.9	0	28.88	0	7.9493	0	7.5948	0
9655SoOcn	 1	C	01/09/2016	09:04	303.495	-57.993		    81.40	0	 -0.2711	0	33.8855	0	27.229	0	311.2	0	85.6	0	28.54	0	7.9562	0	7.6031	0
9655SoOcn	 1	C	01/09/2016	09:04	303.495	-57.993		    76.74	0	 -0.1662	0	33.8792	0	27.217	0	313.8	0	86.6	0	28.40	0	7.9579	0	7.6060	0
9655SoOcn	 1	C	01/09/2016	09:04	303.495	-57.993		    71.18	0	 -0.0945	0	33.8806	0	27.212	0	315.9	0	87.3	0	28.28	0	7.9588	0	7.6076	0
9655SoOcn	 1	C	01/09/2016	09:04	303.495	-57.993		    66.23	0	  0.1881	0	33.8554	0	27.171	0	314.6	0	87.6	0	27.65	0	7.9668	0	7.6185	0
9655SoOcn	 1	C	01/09/2016	09:04	303.495	-57.993		    61.49	0	  0.2876	0	33.8525	0	27.161	0	317.4	0	88.6	0	27.51	0	7.9690	0	7.6218	0
9655SoOcn	 1	C	01/09/2016	09:04	303.495	-57.993		    56.19	0	  0.3232	0	33.8539	0	27.159	0	319.4	0	89.3	0	27.29	0	7.9720	0	7.6248	0
9655SoOcn	 1	C	01/09/2016	09:04	303.495	-57.993		    51.73	0	  0.5259	0	33.8414	0	27.133	0	318.9	0	89.6	0	26.79	0	7.9902	0	7.6441	0
9655SoOcn	 1	C	01/09/2016	09:04	303.495	-57.993		    46.32	0	  1.5164	0	33.8220	0	27.034	0	314.1	0	90.5	0	24.86	0	8.0067	0	7.6726	0
9655SoOcn	 1	C	01/09/2016	09:04	303.495	-57.993		    41.65	0	  1.4774	0	33.8328	0	27.047	0	318.1	0	91.6	0	24.77	0	8.0090	0	7.6740	0
9655SoOcn	 1	C	01/09/2016	09:04	303.495	-57.993		    36.48	0	  1.5250	0	33.8324	0	27.042	0	319.1	0	92.0	0	24.53	0	8.0106	0	7.6760	0
9655SoOcn	 1	C	01/09/2016	09:04	303.495	-57.993		    31.71	0	  1.5251	0	33.8321	0	27.042	0	319.4	0	92.0	0	24.61	0	8.0098	0	7.6751	0
9655SoOcn	 1	C	01/09/2016	09:04	303.495	-57.993		    26.26	0	  1.5251	0	33.8322	0	27.042	0	319.5	0	92.1	0	24.77	0	8.0078	0	7.6731	0
9655SoOcn	 1	C	01/09/2016	09:04	303.495	-57.993		    21.43	0	  1.5233	0	33.8322	0	27.042	0	319.4	0	92.1	0	24.68	0	8.0068	0	7.6720	0
9655SoOcn	 1	C	01/09/2016	09:04	303.495	-57.993		    16.39	0	  1.5230	0	33.8328	0	27.043	0	319.4	0	92.0	0	24.56	0	8.0055	0	7.6706	0
9655SoOcn	 1	C	01/09/2016	09:04	303.495	-57.993		    11.63	0	  1.5241	0	33.8323	0	27.042	0	319.5	0	92.1	0	24.78	0	8.0051	0	7.6701	0
9655SoOcn	 1	C	01/09/2016	09:04	303.495	-57.993		     7.88	0	  1.5198	0	33.8321	0	27.042	0	319.7	0	92.1	0	24.73	0	8.0059	0	7.6706	0
9655SoOcn	 1	C	01/09/2016	09:04	303.495	-57.993																	
9655SoOcn	 2	C	01/19/2016	16:50	302.646	-58.082		  1799.02	0	  1.0686	0	34.7167	0	27.799	0	178.0	0	51.0	0	31.98	0	7.8366	0	7.5681	0
9655SoOcn	 2	C	01/19/2016	16:50	302.646	-58.082		  1698.09	0	  1.1498	0	34.7194	0	27.795	0	176.4	0	50.7	0	31.92	0	7.8386	0	7.5677	0
9655SoOcn	 2	C	01/19/2016	16:50	302.646	-58.082		  1598.97	0	  1.2345	0	34.7226	0	27.79	0	174.8	0	50.3	0	31.78	0	7.8413	0	7.5681	0
9655SoOcn	 2	C	01/19/2016	16:50	302.646	-58.082		  1499.10	0	  1.3106	0	34.7236	0	27.785	0	173.3	0	50.0	0	31.81	0	7.8426	0	7.5671	0
9655SoOcn	 2	C	01/19/2016	16:50	302.646	-58.082		  1398.79	0	  1.3727	0	34.7244	0	27.78	0	171.9	0	49.6	0	31.73	0	7.8454	0	7.5672	0
9655SoOcn	 2	C	01/19/2016	16:50	302.646	-58.082		  1299.39	0	  1.4696	0	34.7250	0	27.772	0	170.0	0	49.2	0	32.01	0	7.8447	0	7.5646	0
9655SoOcn	 2	C	01/19/2016	16:50	302.646	-58.082		  1199.64	0	  1.5754	0	34.7242	0	27.762	0	168.2	0	48.8	0	31.60	0	7.8446	0	7.5627	0
9655SoOcn	 2	C	01/19/2016	16:50	302.646	-58.082		  1098.53	0	  1.6675	0	34.7226	0	27.753	0	166.1	0	48.3	0	31.83	0	7.8460	0	7.5619	0
9655SoOcn	 2	C	01/19/2016	16:50	302.646	-58.082		   999.27	0	  1.7613	0	34.7199	0	27.743	0	164.0	0	47.8	0	32.05	0	7.8462	0	7.5601	0
9655SoOcn	 2	C	01/19/2016	16:50	302.646	-58.082		   950.79	0	  1.8121	0	34.7183	0	27.737	0	163.0	0	47.6	0	31.96	0	7.8448	0	7.5580	0
9655SoOcn	 2	C	01/19/2016	16:50	302.646	-58.082		   901.36	0	  1.8597	0	34.7142	0	27.729	0	162.3	0	47.4	0	31.99	0	7.8433	0	7.5556	0
9655SoOcn	 2	C	01/19/2016	16:50	302.646	-58.082		   851.51	0	  1.9072	0	34.7119	0	27.723	0	161.3	0	47.2	0	31.99	0	7.8428	0	7.5541	0
9655SoOcn	 2	C	01/19/2016	16:50	302.646	-58.082		   801.46	0	  1.9626	0	34.7040	0	27.712	0	159.7	0	46.8	0	32.16	0	7.8407	0	7.5513	0
9655SoOcn	 2	C	01/19/2016	16:50	302.646	-58.082		   751.04	0	  1.9907	0	34.6963	0	27.703	0	159.0	0	46.6	0	32.58	0	7.8389	0	7.5484	0
9655SoOcn	 2	C	01/19/2016	16:50	302.646	-58.082		   701.11	0	  2.0345	0	34.6841	0	27.689	0	157.5	0	46.2	0	32.72	0	7.8346	0	7.5434	0
9655SoOcn	 2	C	01/19/2016	16:50	302.646	-58.082		   650.94	0	  2.0497	0	34.6740	0	27.679	0	156.5	0	46.0	0	33.05	0	7.8323	0	7.5399	0
9655SoOcn	 2	C	01/19/2016	16:50	302.646	-58.082		   601.34	0	  2.0944	0	34.6699	0	27.672	0	155.5	0	45.7	0	33.12	0	7.8327	0	7.5393	0
9655SoOcn	 2	C	01/19/2016	16:50	302.646	-58.082		   550.78	0	  2.1083	0	34.6549	0	27.658	0	154.7	0	45.5	0	33.00	0	7.8291	0	7.5345	0
9655SoOcn	 2	C	01/19/2016	16:50	302.646	-58.082		   501.09	0	  2.1620	0	34.6428	0	27.644	0	153.7	0	45.3	0	33.40	0	7.8238	0	7.5287	0
9655SoOcn	 2	C	01/19/2016	16:50	302.646	-58.082		   451.33	0	  2.1772	0	34.6163	0	27.621	0	153.0	0	45.1	0	33.92	0	7.8192	0	7.5231	0
9655SoOcn	 2	C	01/19/2016	16:50	302.646	-58.082		   401.41	0	  2.1738	0	34.5892	0	27.599	0	153.4	0	45.2	0	34.21	0	7.8137	0	7.5164	0
9655SoOcn	 2	C	01/19/2016	16:50	302.646	-58.082		   381.13	0	  2.1771	0	34.5730	0	27.585	0	153.7	0	45.3	0	34.47	0	7.8121	0	7.5143	0
9655SoOcn	 2	C	01/19/2016	16:50	302.646	-58.082		   361.74	0	  2.1800	0	34.5574	0	27.572	0	154.3	0	45.4	0	34.59	0	7.8098	0	7.5115	0
9655SoOcn	 2	C	01/19/2016	16:50	302.646	-58.082		   351.32	0	  2.1776	0	34.5539	0	27.57	0	154.7	0	45.5	0	34.54	0	7.8096	0	7.5110	0
9655SoOcn	 2	C	01/19/2016	16:50	302.646	-58.082		   340.93	0	  2.1696	0	34.5431	0	27.562	0	155.3	0	45.7	0	34.86	0	7.8090	0	7.5100	0
9655SoOcn	 2	C	01/19/2016	16:50	302.646	-58.082		   330.70	0	  2.1741	0	34.5383	0	27.557	0	155.7	0	45.8	0	34.56	0	7.8082	0	7.5090	0
9655SoOcn	 2	C	01/19/2016	16:50	302.646	-58.082		   321.58	0	  2.1627	0	34.5301	0	27.552	0	156.3	0	46.0	0	34.70	0	7.8093	0	7.5096	0
9655SoOcn	 2	C	01/19/2016	16:50	302.646	-58.082		   311.34	0	  2.1538	0	34.5244	0	27.548	0	157.1	0	46.2	0	34.71	0	7.8100	0	7.5098	0
9655SoOcn	 2	C	01/19/2016	16:50	302.646	-58.082		   301.63	0	  2.1486	0	34.5194	0	27.544	0	157.6	0	46.4	0	34.77	0	7.8091	0	7.5086	0
9655SoOcn	 2	C	01/19/2016	16:50	302.646	-58.082		   291.16	0	  2.1525	0	34.5113	0	27.537	0	158.1	0	46.5	0	34.67	0	7.8098	0	7.5089	0
9655SoOcn	 2	C	01/19/2016	16:50	302.646	-58.082		   281.57	0	  2.1328	0	34.4988	0	27.529	0	159.3	0	46.8	0	34.88	0	7.8104	0	7.5088	0
9655SoOcn	 2	C	01/19/2016	16:50	302.646	-58.082		   271.21	0	  2.1202	0	34.4902	0	27.523	0	160.5	0	47.2	0	35.06	0	7.8113	0	7.5091	0
9655SoOcn	 2	C	01/19/2016	16:50	302.646	-58.082		   260.83	0	  2.0830	0	34.4733	0	27.513	0	162.6	0	47.7	0	35.02	0	7.8124	0	7.5093	0
9655SoOcn	 2	C	01/19/2016	16:50	302.646	-58.082		   251.19	0	  2.0669	0	34.4618	0	27.505	0	164.6	0	48.3	0	34.74	0	7.8150	0	7.5112	0
9655SoOcn	 2	C	01/19/2016	16:50	302.646	-58.082		   240.86	0	  2.0426	0	34.4521	0	27.499	0	166.2	0	48.7	0	34.73	0	7.8169	0	7.5122	0
9655SoOcn	 2	C	01/19/2016	16:50	302.646	-58.082		   231.72	0	  2.0182	0	34.4444	0	27.495	0	167.4	0	49.0	0	34.91	0	7.8180	0	7.5126	0
9655SoOcn	 2	C	01/19/2016	16:50	302.646	-58.082		   221.55	0	  1.9612	0	34.4279	0	27.487	0	170.0	0	49.7	0	34.93	0	7.8222	0	7.5153	0
9655SoOcn	 2	C	01/19/2016	16:50	302.646	-58.082		   211.24	0	  1.8560	0	34.4105	0	27.482	0	174.0	0	50.8	0	34.75	0	7.8251	0	7.5162	0
9655SoOcn	 2	C	01/19/2016	16:50	302.646	-58.082		   201.67	0	  1.8368	0	34.3980	0	27.474	0	176.7	0	51.5	0	34.81	0	7.8281	0	7.5184	0
9655SoOcn	 2	C	01/19/2016	16:50	302.646	-58.082		   191.27	0	  1.6937	0	34.3755	0	27.469	0	181.6	0	52.8	0	34.70	0	7.8341	0	7.5216	0
9655SoOcn	 2	C	01/19/2016	16:50	302.646	-58.082		   181.60	0	  1.6129	0	34.3608	0	27.464	0	185.1	0	53.6	0	34.37	0	7.8387	0	7.5244	0
9655SoOcn	 2	C	01/19/2016	16:50	302.646	-58.082		   171.07	0	  1.5299	0	34.3452	0	27.458	0	189.5	0	54.8	0	34.09	0	7.8455	0	7.5291	0
9655SoOcn	 2	C	01/19/2016	16:50	302.646	-58.082		   161.07	0	  1.2412	0	34.2950	0	27.442	0	200.0	0	57.4	0	33.87	0	7.8607	0	7.5388	0
9655SoOcn	 2	C	01/19/2016	16:50	302.646	-58.082		   149.37	0	  0.8508	0	34.2359	0	27.427	0	214.9	0	61.0	0	33.46	0	7.8795	0	7.5503	0
9655SoOcn	 2	C	01/19/2016	16:50	302.646	-58.082		   141.42	0	  0.5059	0	34.1899	0	27.417	0	225.6	0	63.5	0	33.19	0	7.8915	0	7.5564	0
9655SoOcn	 2	C	01/19/2016	16:50	302.646	-58.082		   130.91	0	  0.2798	0	34.1518	0	27.404	0	237.9	0	66.5	0	32.55	0	7.9048	0	7.5651	0
9655SoOcn	 2	C	01/19/2016	16:50	302.646	-58.082		   120.62	0	 -0.1982	0	34.0803	0	27.381	0	253.0	0	69.8	0	31.62	0	7.9270	0	7.5786	0
9655SoOcn	 2	C	01/19/2016	16:50	302.646	-58.082		   110.64	0	 -0.2737	0	34.0580	0	27.369	0	264.9	0	72.9	0	31.54	0	7.9369	0	7.5863	0
9655SoOcn	 2	C	01/19/2016	16:50	302.646	-58.082		   100.67	0	 -0.4252	0	34.0242	0	27.352	0	273.9	0	75.1	0	30.93	0	7.9465	0	7.5928	0
9655SoOcn	 2	C	01/19/2016	16:50	302.646	-58.082		    93.89	0	 -0.4709	0	33.9994	0	27.335	0	279.3	0	76.5	0	30.37	0	7.9552	0	7.5999	0
9655SoOcn	 2	C	01/19/2016	16:50	302.646	-58.082		    87.82	0	 -0.5087	0	33.9629	0	27.308	0	285.5	0	78.1	0	29.67	0	7.9638	0	7.6071	0
9655SoOcn	 2	C	01/19/2016	16:50	302.646	-58.082		    82.10	0	 -0.5115	0	33.9562	0	27.303	0	291.3	0	79.7	0	29.53	0	7.9685	0	7.6111	0
9655SoOcn	 2	C	01/19/2016	16:50	302.646	-58.082		    76.59	0	 -0.5138	0	33.9402	0	27.29	0	295.1	0	80.7	0	28.96	0	8.0028	0	7.6424	0
9655SoOcn	 2	C	01/19/2016	16:50	302.646	-58.082		    71.18	0	  0.1638	0	33.8742	0	27.188	0	299.1	0	83.2	0	26.49	0	8.0070	0	7.6552	0
9655SoOcn	 2	C	01/19/2016	16:50	302.646	-58.082		    66.80	0	  0.3236	0	33.8750	0	27.176	0	305.5	0	85.4	0	26.15	0	8.0121	0	7.6619	0
9655SoOcn	 2	C	01/19/2016	16:50	302.646	-58.082		    62.84	0	  0.4027	0	33.8739	0	27.169	0	308.7	0	86.4	0	26.15	0	8.0124	0	7.6631	0
9655SoOcn	 2	C	01/19/2016	16:50	302.646	-58.082		    58.90	0	  0.4300	0	33.8765	0	27.169	0	310.1	0	86.9	0	26.02	0	8.0189	0	7.6693	0
9655SoOcn	 2	C	01/19/2016	16:50	302.646	-58.082		    55.14	0	  0.9098	0	33.8406	0	27.102	0	306.5	0	86.9	0	24.92	0	8.0401	0	7.6952	0
9655SoOcn	 2	C	01/19/2016	16:50	302.646	-58.082		    51.40	0	  1.4642	0	33.8339	0	27.049	0	305.8	0	88.0	0	24.18	0	8.0355	0	7.6984	0
9655SoOcn	 2	C	01/19/2016	16:50	302.646	-58.082		    46.30	0	  1.6161	0	33.8343	0	27.036	0	307.2	0	88.7	0	24.45	0	8.0325	0	7.6976	0
9655SoOcn	 2	C	01/19/2016	16:50	302.646	-58.082		    41.23	0	  1.6645	0	33.8325	0	27.03	0	307.5	0	88.9	0	24.54	0	8.0314	0	7.6971	0
9655SoOcn	 2	C	01/19/2016	16:50	302.646	-58.082		    36.31	0	  1.6888	0	33.8334	0	27.028	0	307.8	0	89.1	0	24.36	0	8.0312	0	7.6971	0
9655SoOcn	 2	C	01/19/2016	16:50	302.646	-58.082		    31.40	0	  1.6966	0	33.8334	0	27.028	0	308.0	0	89.2	0	24.37	0	8.0299	0	7.6959	0
9655SoOcn	 2	C	01/19/2016	16:50	302.646	-58.082		    26.49	0	  1.7115	0	33.8330	0	27.026	0	308.1	0	89.2	0	24.28	0	8.0284	0	7.6945	0
9655SoOcn	 2	C	01/19/2016	16:50	302.646	-58.082		    21.40	0	  1.7173	0	33.8330	0	27.025	0	308.2	0	89.3	0	24.22	0	8.0260	0	7.6922	0
9655SoOcn	 2	C	01/19/2016	16:50	302.646	-58.082		    16.63	0	  1.7159	0	33.8333	0	27.026	0	308.4	0	89.3	0	24.17	0	8.0263	0	7.6923	0
9655SoOcn	 2	C	01/19/2016	16:50	302.646	-58.082		    11.79	0	  1.7210	0	33.8328	0	27.025	0	308.5	0	89.4	0	24.18	0	8.0269	0	7.6928	0
9655SoOcn	 2	C	01/19/2016	16:50	302.646	-58.082		     7.64	0	  1.7392	0	33.8335	0	27.024	0	308.7	0	89.4	0	24.45	0	8.0273	0	7.6933	0
9655SoOcn	 2	C	01/19/2016	16:50	302.646	-58.082																	
9655SoOcn	 3	C	01/29/2016	23:57	303.024	-58.858		  1798.32	0	  0.9785	0	34.7157	0	27.806	0	179.6	0	51.3	0	31.60	0	7.8419	0	7.5717	0
9655SoOcn	 3	C	01/29/2016	23:57	303.024	-58.858		  1699.54	0	  1.0446	0	34.7163	0	27.801	0	178.6	0	51.1	0	31.67	0	7.8466	0	7.5737	0
9655SoOcn	 3	C	01/29/2016	23:57	303.024	-58.858		  1599.07	0	  1.1291	0	34.7193	0	27.796	0	177.1	0	50.8	0	31.51	0	7.8479	0	7.5728	0
9655SoOcn	 3	C	01/29/2016	23:57	303.024	-58.858		  1498.51	0	  1.1956	0	34.7213	0	27.792	0	176.0	0	50.6	0	31.21	0	7.8492	0	7.5715	0
9655SoOcn	 3	C	01/29/2016	23:57	303.024	-58.858		  1398.57	0	  1.2437	0	34.7220	0	27.789	0	175.2	0	50.4	0	31.32	0	7.8520	0	7.5715	0
9655SoOcn	 3	C	01/29/2016	23:57	303.024	-58.858		  1297.33	0	  1.3441	0	34.7236	0	27.782	0	173.6	0	50.1	0	30.96	0	7.8527	0	7.5701	0
9655SoOcn	 3	C	01/29/2016	23:57	303.024	-58.858		  1199.34	0	  1.4565	0	34.7239	0	27.772	0	171.3	0	49.6	0	31.40	0	7.8524	0	7.5682	0
9655SoOcn	 3	C	01/29/2016	23:57	303.024	-58.858		  1099.27	0	  1.5834	0	34.7241	0	27.762	0	168.5	0	48.9	0	31.25	0	7.8527	0	7.5669	0
9655SoOcn	 3	C	01/29/2016	23:57	303.024	-58.858		   999.94	0	  1.6703	0	34.7225	0	27.753	0	166.2	0	48.4	0	31.11	0	7.8546	0	7.5666	0
9655SoOcn	 3	C	01/29/2016	23:57	303.024	-58.858		   951.40	0	  1.6965	0	34.7181	0	27.747	0	165.8	0	48.3	0	31.37	0	7.8540	0	7.5648	0
9655SoOcn	 3	C	01/29/2016	23:57	303.024	-58.858		   901.44	0	  1.7782	0	34.7202	0	27.741	0	164.1	0	47.9	0	31.36	0	7.8550	0	7.5652	0
9655SoOcn	 3	C	01/29/2016	23:57	303.024	-58.858		   850.95	0	  1.8067	0	34.7110	0	27.731	0	163.5	0	47.8	0	31.39	0	7.8517	0	7.5609	0
9655SoOcn	 3	C	01/29/2016	23:57	303.024	-58.858		   801.38	0	  1.9056	0	34.7106	0	27.722	0	161.6	0	47.3	0	31.36	0	7.8500	0	7.5591	0
9655SoOcn	 3	C	01/29/2016	23:57	303.024	-58.858		   750.41	0	  1.9465	0	34.7058	0	27.715	0	159.7	0	46.8	0	31.89	0	7.8489	0	7.5570	0
9655SoOcn	 3	C	01/29/2016	23:57	303.024	-58.858		   701.58	0	  1.9804	0	34.6982	0	27.705	0	158.4	0	46.5	0	31.87	0	7.8476	0	7.5546	0
9655SoOcn	 3	C	01/29/2016	23:57	303.024	-58.858		   651.63	0	  2.0415	0	34.6904	0	27.693	0	157.7	0	46.3	0	32.19	0	7.8426	0	7.5493	0
9655SoOcn	 3	C	01/29/2016	23:57	303.024	-58.858		   601.58	0	  2.0999	0	34.6785	0	27.678	0	156.0	0	45.9	0	32.22	0	7.8390	0	7.5451	0
9655SoOcn	 3	C	01/29/2016	23:57	303.024	-58.858		   551.63	0	  2.0960	0	34.6612	0	27.665	0	155.2	0	45.6	0	32.71	0	7.8332	0	7.5381	0
9655SoOcn	 3	C	01/29/2016	23:57	303.024	-58.858		   501.69	0	  2.1183	0	34.6440	0	27.649	0	154.3	0	45.4	0	32.89	0	7.8290	0	7.5330	0
9655SoOcn	 3	C	01/29/2016	23:57	303.024	-58.858		   451.05	0	  2.1534	0	34.6303	0	27.634	0	153.3	0	45.1	0	33.17	0	7.8259	0	7.5289	0
9655SoOcn	 3	C	01/29/2016	23:57	303.024	-58.858		   400.79	0	  2.1760	0	34.6159	0	27.62	0	153.0	0	45.1	0	33.27	0	7.8234	0	7.5253	0
9655SoOcn	 3	C	01/29/2016	23:57	303.024	-58.858		   381.42	0	  2.1761	0	34.6015	0	27.609	0	153.1	0	45.1	0	33.61	0	7.8212	0	7.5226	0
9655SoOcn	 3	C	01/29/2016	23:57	303.024	-58.858		   361.31	0	  2.1890	0	34.5822	0	27.592	0	153.4	0	45.2	0	33.80	0	7.8175	0	7.5188	0
9655SoOcn	 3	C	01/29/2016	23:57	303.024	-58.858		   351.26	0	  2.1956	0	34.5775	0	27.587	0	153.7	0	45.3	0	33.73	0	7.8177	0	7.5187	0
9655SoOcn	 3	C	01/29/2016	23:57	303.024	-58.858		   341.26	0	  2.1991	0	34.5710	0	27.582	0	153.9	0	45.3	0	33.89	0	7.8171	0	7.5179	0
9655SoOcn	 3	C	01/29/2016	23:57	303.024	-58.858		   331.02	0	  2.1930	0	34.5598	0	27.573	0	154.4	0	45.5	0	33.97	0	7.8160	0	7.5164	0
9655SoOcn	 3	C	01/29/2016	23:57	303.024	-58.858		   321.02	0	  2.1829	0	34.5462	0	27.563	0	155.1	0	45.7	0	34.01	0	7.8167	0	7.5166	0
9655SoOcn	 3	C	01/29/2016	23:57	303.024	-58.858		   311.70	0	  2.1731	0	34.5405	0	27.559	0	156.0	0	45.9	0	34.31	0	7.8156	0	7.5151	0
9655SoOcn	 3	C	01/29/2016	23:57	303.024	-58.858		   300.90	0	  2.1786	0	34.5351	0	27.554	0	156.3	0	46.0	0	34.38	0	7.8166	0	7.5158	0
9655SoOcn	 3	C	01/29/2016	23:57	303.024	-58.858		   291.17	0	  1.9998	0	34.5120	0	27.552	0	158.8	0	46.5	0	34.17	0	7.8192	0	7.5154	0
9655SoOcn	 3	C	01/29/2016	23:57	303.024	-58.858		   281.39	0	  1.8811	0	34.4855	0	27.541	0	164.7	0	48.1	0	34.65	0	7.8199	0	7.5141	0
9655SoOcn	 3	C	01/29/2016	23:57	303.024	-58.858		   271.68	0	  1.9923	0	34.4851	0	27.531	0	164.3	0	48.1	0	34.50	0	7.8190	0	7.5145	0
9655SoOcn	 3	C	01/29/2016	23:57	303.024	-58.858		   260.69	0	  1.9948	0	34.4796	0	27.526	0	164.5	0	48.2	0	34.41	0	7.8189	0	7.5141	0
9655SoOcn	 3	C	01/29/2016	23:57	303.024	-58.858		   250.76	0	  1.9755	0	34.4693	0	27.519	0	165.3	0	48.4	0	34.35	0	7.8200	0	7.5145	0
9655SoOcn	 3	C	01/29/2016	23:57	303.024	-58.858		   240.86	0	  1.9475	0	34.4577	0	27.513	0	167.3	0	48.9	0	34.63	0	7.8219	0	7.5155	0
9655SoOcn	 3	C	01/29/2016	23:57	303.024	-58.858		   230.81	0	  1.8716	0	34.4378	0	27.503	0	170.1	0	49.7	0	34.37	0	7.8257	0	7.5176	0
9655SoOcn	 3	C	01/29/2016	23:57	303.024	-58.858		   221.29	0	  1.8150	0	34.4237	0	27.497	0	173.2	0	50.5	0	34.14	0	7.8293	0	7.5198	0
9655SoOcn	 3	C	01/29/2016	23:57	303.024	-58.858		   211.35	0	  1.7041	0	34.4032	0	27.49	0	177.6	0	51.6	0	34.30	0	7.8323	0	7.5207	0
9655SoOcn	 3	C	01/29/2016	23:57	303.024	-58.858		   201.34	0	  1.6373	0	34.3908	0	27.486	0	180.7	0	52.4	0	34.11	0	7.8354	0	7.5223	0
9655SoOcn	 3	C	01/29/2016	23:57	303.024	-58.858		   189.41	0	  1.6035	0	34.3795	0	27.48	0	183.7	0	53.2	0	33.96	0	7.8402	0	7.5259	0
9655SoOcn	 3	C	01/29/2016	23:57	303.024	-58.858		   181.17	0	  1.5394	0	34.3643	0	27.473	0	186.2	0	53.9	0	33.99	0	7.8469	0	7.5308	0
9655SoOcn	 3	C	01/29/2016	23:57	303.024	-58.858		   171.54	0	  1.1682	0	34.3162	0	27.466	0	196.7	0	56.4	0	33.53	0	7.8590	0	7.5366	0
9655SoOcn	 3	C	01/29/2016	23:57	303.024	-58.858		   161.43	0	  0.8825	0	34.2698	0	27.452	0	210.0	0	59.7	0	33.34	0	7.8707	0	7.5430	0
9655SoOcn	 3	C	01/29/2016	23:57	303.024	-58.858		   151.74	0	  0.6778	0	34.2333	0	27.439	0	219.6	0	62.1	0	32.99	0	7.8827	0	7.5510	0
9655SoOcn	 3	C	01/29/2016	23:57	303.024	-58.858		   140.66	0	  0.3322	0	34.1801	0	27.423	0	233.9	0	65.5	0	32.51	0	7.8978	0	7.5597	0
9655SoOcn	 3	C	01/29/2016	23:57	303.024	-58.858		   131.17	0	  0.0848	0	34.1378	0	27.407	0	243.5	0	67.7	0	31.86	0	7.9152	0	7.5720	0
9655SoOcn	 3	C	01/29/2016	23:57	303.024	-58.858		   121.59	0	 -0.3488	0	34.0683	0	27.382	0	262.1	0	72.1	0	30.91	0	7.9366	0	7.5854	0
9655SoOcn	 3	C	01/29/2016	23:57	303.024	-58.858		   111.45	0	 -0.4635	0	34.0460	0	27.372	0	272.1	0	74.6	0	29.84	0	7.9565	0	7.6018	0
9655SoOcn	 3	C	01/29/2016	23:57	303.024	-58.858		   101.23	0	 -0.6128	0	33.9883	0	27.336	0	286.8	0	78.3	0	29.24	0	7.9677	0	7.6097	0
9655SoOcn	 3	C	01/29/2016	23:57	303.024	-58.858		    94.29	0	 -0.6196	0	33.9745	0	27.325	0	291.6	0	79.5	0	28.78	0	7.9717	0	7.6130	0
9655SoOcn	 3	C	01/29/2016	23:57	303.024	-58.858		    87.46	0	 -0.6127	0	33.9681	0	27.32	0	294.9	0	80.4	0	28.47	0	7.9821	0	7.6224	0
9655SoOcn	 3	C	01/29/2016	23:57	303.024	-58.858		    80.55	0	 -0.5411	0	33.9418	0	27.294	0	299.6	0	81.9	0	28.02	0	7.9857	0	7.6264	0
9655SoOcn	 3	C	01/29/2016	23:57	303.024	-58.858		    74.14	0	 -0.5045	0	33.9363	0	27.287	0	303.5	0	83.0	0	27.79	0	7.9900	0	7.6307	0
9655SoOcn	 3	C	01/29/2016	23:57	303.024	-58.858		    68.12	0	 -0.4631	0	33.9304	0	27.279	0	305.7	0	83.7	0	27.74	0	7.9911	0	7.6320	0
9655SoOcn	 3	C	01/29/2016	23:57	303.024	-58.858		    62.34	0	 -0.3652	0	33.9186	0	27.263	0	306.7	0	84.2	0	27.19	0	7.9991	0	7.6405	0
9655SoOcn	 3	C	01/29/2016	23:57	303.024	-58.858		    57.12	0	 -0.2317	0	33.9050	0	27.242	0	308.7	0	85.0	0	26.69	0	8.0031	0	7.6458	0
9655SoOcn	 3	C	01/29/2016	23:57	303.024	-58.858		    52.13	0	 -0.0579	0	33.8972	0	27.223	0	310.5	0	85.9	0	26.25	0	8.0055	0	7.6502	0
9655SoOcn	 3	C	01/29/2016	23:57	303.024	-58.858		    47.89	0	  0.0710	0	33.8893	0	27.207	0	311.3	0	86.4	0	26.02	0	8.0197	0	7.6648	0
9655SoOcn	 3	C	01/29/2016	23:57	303.024	-58.858		    43.96	0	  0.6575	0	33.8612	0	27.139	0	308.6	0	87.0	0	24.64	0	8.0201	0	7.6731	0
9655SoOcn	 3	C	01/29/2016	23:57	303.024	-58.858		    41.23	0	  1.0012	0	33.8494	0	27.101	0	307.7	0	87.5	0	24.33	0	8.0359	0	7.6921	0
9655SoOcn	 3	C	01/29/2016	23:57	303.024	-58.858		    39.13	0	  1.6339	0	33.8286	0	27.029	0	304.5	0	88.0	0	23.46	0	8.0435	0	7.7077	0
9655SoOcn	 3	C	01/29/2016	23:57	303.024	-58.858		    36.97	0	  2.3838	0	33.8182	0	26.951	0	306.2	0	90.2	0	22.51	0	8.0459	0	7.7201	0
9655SoOcn	 3	C	01/29/2016	23:57	303.024	-58.858		    31.29	0	  2.4411	0	33.8170	0	26.944	0	306.6	0	90.4	0	22.60	0	8.0449	0	7.7198	0
9655SoOcn	 3	C	01/29/2016	23:57	303.024	-58.858		    26.54	0	  2.4564	0	33.8165	0	26.942	0	306.7	0	90.5	0	22.45	0	8.0436	0	7.7187	0
9655SoOcn	 3	C	01/29/2016	23:57	303.024	-58.858		    21.46	0	  2.4734	0	33.8155	0	26.94	0	306.8	0	90.6	0	22.24	0	8.0422	0	7.7175	0
9655SoOcn	 3	C	01/29/2016	23:57	303.024	-58.858		    16.23	0	  2.4748	0	33.8149	0	26.939	0	306.9	0	90.6	0	22.36	0	8.0408	0	7.7160	0
9655SoOcn	 3	C	01/29/2016	23:57	303.024	-58.858		    10.82	0	  2.4947	0	33.8122	0	26.935	0	306.9	0	90.6	0	22.68	0	8.0397	0	7.7151	0
9655SoOcn	 3	C	01/29/2016	23:57	303.024	-58.858		     7.26	0	  2.4946	0	33.8123	0	26.935	0	306.9	0	90.6	0	22.68	0	8.0417	0	7.7168	0
9655SoOcn	 3	C	01/29/2016	23:57	303.024	-58.858																	
9655SoOcn	 4	C	02/09/2016	06:34	304.429	-58.580		  1799.09	0	  1.1596	0	34.7229	0	27.797	0	176.5	0	50.7	0	31.04	0	7.8412	0	7.5736	0
9655SoOcn	 4	C	02/09/2016	06:34	304.429	-58.580		  1699.34	0	  1.2580	0	34.7257	0	27.791	0	174.9	0	50.4	0	30.88	0	7.8445	0	7.5747	0
9655SoOcn	 4	C	02/09/2016	06:34	304.429	-58.580		  1598.59	0	  1.3231	0	34.7264	0	27.786	0	173.8	0	50.1	0	30.91	0	7.8464	0	7.5740	0
9655SoOcn	 4	C	02/09/2016	06:34	304.429	-58.580		  1499.78	0	  1.3906	0	34.7266	0	27.78	0	172.5	0	49.9	0	30.83	0	7.8476	0	7.5728	0
9655SoOcn	 4	C	02/09/2016	06:34	304.429	-58.580		  1399.03	0	  1.4465	0	34.7239	0	27.773	0	171.4	0	49.6	0	30.98	0	7.8485	0	7.5710	0
9655SoOcn	 4	C	02/09/2016	06:34	304.429	-58.580		  1298.80	0	  1.5322	0	34.7234	0	27.765	0	169.8	0	49.2	0	30.92	0	7.8482	0	7.5686	0
9655SoOcn	 4	C	02/09/2016	06:34	304.429	-58.580		  1199.46	0	  1.6159	0	34.7237	0	27.758	0	167.9	0	48.8	0	31.14	0	7.8489	0	7.5672	0
9655SoOcn	 4	C	02/09/2016	06:34	304.429	-58.580		  1098.77	0	  1.7079	0	34.7219	0	27.749	0	165.8	0	48.3	0	30.92	0	7.8496	0	7.5658	0
9655SoOcn	 4	C	02/09/2016	06:34	304.429	-58.580		   999.78	0	  1.7771	0	34.7144	0	27.737	0	164.5	0	48.0	0	31.04	0	7.8493	0	7.5632	0
9655SoOcn	 4	C	02/09/2016	06:34	304.429	-58.580		   950.62	0	  1.8347	0	34.7142	0	27.731	0	163.0	0	47.6	0	31.16	0	7.8466	0	7.5599	0
9655SoOcn	 4	C	02/09/2016	06:34	304.429	-58.580		   901.08	0	  1.8889	0	34.7098	0	27.723	0	162.0	0	47.4	0	31.32	0	7.8467	0	7.5592	0
9655SoOcn	 4	C	02/09/2016	06:34	304.429	-58.580		   851.44	0	  1.9185	0	34.7034	0	27.715	0	161.1	0	47.2	0	31.48	0	7.8444	0	7.5558	0
9655SoOcn	 4	C	02/09/2016	06:34	304.429	-58.580		   801.57	0	  1.9520	0	34.6927	0	27.703	0	159.7	0	46.8	0	31.55	0	7.8398	0	7.5504	0
9655SoOcn	 4	C	02/09/2016	06:34	304.429	-58.580		   750.82	0	  1.9277	0	34.6797	0	27.695	0	160.1	0	46.9	0	32.21	0	7.8367	0	7.5455	0
9655SoOcn	 4	C	02/09/2016	06:34	304.429	-58.580		   701.01	0	  1.9503	0	34.6652	0	27.681	0	158.4	0	46.4	0	32.34	0	7.8339	0	7.5416	0
9655SoOcn	 4	C	02/09/2016	06:34	304.429	-58.580		   650.96	0	  1.9415	0	34.6479	0	27.668	0	158.7	0	46.5	0	32.23	0	7.8303	0	7.5366	0
9655SoOcn	 4	C	02/09/2016	06:34	304.429	-58.580		   601.57	0	  1.9622	0	34.6311	0	27.652	0	158.1	0	46.3	0	32.60	0	7.8277	0	7.5328	0
9655SoOcn	 4	C	02/09/2016	06:34	304.429	-58.580		   551.32	0	  2.0555	0	34.6205	0	27.635	0	155.8	0	45.7	0	32.91	0	7.8245	0	7.5296	0
9655SoOcn	 4	C	02/09/2016	06:34	304.429	-58.580		   500.65	0	  2.0872	0	34.6016	0	27.617	0	155.7	0	45.8	0	33.37	0	7.8204	0	7.5245	0
9655SoOcn	 4	C	02/09/2016	06:34	304.429	-58.580		   451.44	0	  2.0637	0	34.5777	0	27.6	0	156.3	0	45.9	0	33.46	0	7.8174	0	7.5199	0
9655SoOcn	 4	C	02/09/2016	06:34	304.429	-58.580		   401.06	0	  2.0353	0	34.5345	0	27.567	0	158.8	0	46.6	0	33.75	0	7.8142	0	7.5149	0
9655SoOcn	 4	C	02/09/2016	06:34	304.429	-58.580		   381.70	0	  1.9041	0	34.5071	0	27.557	0	163.2	0	47.7	0	34.09	0	7.8167	0	7.5148	0
9655SoOcn	 4	C	02/09/2016	06:34	304.429	-58.580		   360.59	0	  1.9749	0	34.4980	0	27.543	0	162.4	0	47.6	0	33.65	0	7.8143	0	7.5129	0
9655SoOcn	 4	C	02/09/2016	06:34	304.429	-58.580		   351.40	0	  1.8977	0	34.4840	0	27.539	0	165.1	0	48.2	0	33.96	0	7.8169	0	7.5138	0
9655SoOcn	 4	C	02/09/2016	06:34	304.429	-58.580		   341.42	0	  1.7925	0	34.4711	0	27.537	0	167.5	0	48.8	0	34.24	0	7.8170	0	7.5122	0
9655SoOcn	 4	C	02/09/2016	06:34	304.429	-58.580		   331.24	0	  2.0316	0	34.4868	0	27.529	0	163.8	0	48.0	0	34.34	0	7.8127	0	7.5112	0
9655SoOcn	 4	C	02/09/2016	06:34	304.429	-58.580		   321.15	0	  1.9791	0	34.4508	0	27.504	0	162.9	0	47.7	0	33.96	0	7.8168	0	7.5139	0
9655SoOcn	 4	C	02/09/2016	06:34	304.429	-58.580		   310.83	0	  1.8737	0	34.4472	0	27.511	0	168.6	0	49.2	0	34.20	0	7.8189	0	7.5140	0
9655SoOcn	 4	C	02/09/2016	06:34	304.429	-58.580		   301.04	0	  1.9517	0	34.4470	0	27.503	0	169.0	0	49.5	0	34.12	0	7.8184	0	7.5143	0
9655SoOcn	 4	C	02/09/2016	06:34	304.429	-58.580		   291.15	0	  2.0696	0	34.4495	0	27.495	0	168.5	0	49.4	0	34.38	0	7.8168	0	7.5142	0
9655SoOcn	 4	C	02/09/2016	06:34	304.429	-58.580		   280.63	0	  2.1332	0	34.4497	0	27.489	0	166.0	0	48.8	0	34.44	0	7.8167	0	7.5145	0
9655SoOcn	 4	C	02/09/2016	06:34	304.429	-58.580		   271.16	0	  2.1891	0	34.4528	0	27.486	0	165.6	0	48.7	0	34.21	0	7.8171	0	7.5154	0
9655SoOcn	 4	C	02/09/2016	06:34	304.429	-58.580		   261.58	0	  2.0781	0	34.4354	0	27.482	0	166.9	0	49.0	0	34.26	0	7.8210	0	7.5171	0
9655SoOcn	 4	C	02/09/2016	06:34	304.429	-58.580		   250.71	0	  1.9955	0	34.4210	0	27.478	0	170.3	0	49.9	0	34.38	0	7.8228	0	7.5173	0
9655SoOcn	 4	C	02/09/2016	06:34	304.429	-58.580		   241.55	0	  1.9377	0	34.4110	0	27.475	0	172.4	0	50.4	0	34.14	0	7.8256	0	7.5188	0
9655SoOcn	 4	C	02/09/2016	06:34	304.429	-58.580		   231.25	0	  1.9583	0	34.4046	0	27.468	0	174.4	0	51.0	0	34.12	0	7.8283	0	7.5212	0
9655SoOcn	 4	C	02/09/2016	06:34	304.429	-58.580		   221.69	0	  1.9138	0	34.3917	0	27.462	0	177.2	0	51.8	0	34.20	0	7.8332	0	7.5247	0
9655SoOcn	 4	C	02/09/2016	06:34	304.429	-58.580		   211.28	0	  1.5237	0	34.3425	0	27.457	0	186.7	0	54.0	0	33.89	0	7.8423	0	7.5275	0
9655SoOcn	 4	C	02/09/2016	06:34	304.429	-58.580		   200.73	0	  1.4228	0	34.3234	0	27.45	0	191.6	0	55.3	0	33.30	0	7.8496	0	7.5323	0
9655SoOcn	 4	C	02/09/2016	06:34	304.429	-58.580		   191.08	0	  1.2265	0	34.2840	0	27.435	0	201.1	0	57.7	0	33.25	0	7.8590	0	7.5380	0
9655SoOcn	 4	C	02/09/2016	06:34	304.429	-58.580		   181.44	0	  1.0854	0	34.2595	0	27.427	0	208.4	0	59.6	0	33.37	0	7.8642	0	7.5405	0
9655SoOcn	 4	C	02/09/2016	06:34	304.429	-58.580		   170.00	0	  0.4678	0	34.1894	0	27.42	0	224.0	0	63.0	0	32.57	0	7.8893	0	7.5547	0
9655SoOcn	 4	C	02/09/2016	06:34	304.429	-58.580		   160.66	0	  0.4114	0	34.1630	0	27.403	0	233.5	0	65.5	0	32.27	0	7.8944	0	7.5583	0
9655SoOcn	 4	C	02/09/2016	06:34	304.429	-58.580		   151.04	0	  0.2798	0	34.1315	0	27.387	0	239.8	0	67.0	0	31.79	0	7.9130	0	7.5733	0
9655SoOcn	 4	C	02/09/2016	06:34	304.429	-58.580		   141.01	0	  0.0456	0	34.0855	0	27.368	0	252.6	0	70.2	0	30.81	0	7.9279	0	7.5834	0
9655SoOcn	 4	C	02/09/2016	06:34	304.429	-58.580		   131.43	0	 -0.2333	0	34.0404	0	27.352	0	267.1	0	73.6	0	30.61	0	7.9424	0	7.5926	0
9655SoOcn	 4	C	02/09/2016	06:34	304.429	-58.580		   120.72	0	 -0.4559	0	33.9983	0	27.333	0	278.0	0	76.2	0	29.81	0	7.9565	0	7.6022	0
9655SoOcn	 4	C	02/09/2016	06:34	304.429	-58.580		   111.22	0	 -0.4988	0	33.9739	0	27.317	0	286.1	0	78.3	0	29.16	0	7.9701	0	7.6137	0
9655SoOcn	 4	C	02/09/2016	06:34	304.429	-58.580		   101.58	0	 -0.4337	0	33.9305	0	27.277	0	295.6	0	81.0	0	28.00	0	7.9818	0	7.6250	0
9655SoOcn	 4	C	02/09/2016	06:34	304.429	-58.580		    95.61	0	 -0.3353	0	33.9162	0	27.259	0	299.7	0	82.3	0	27.45	0	7.9869	0	7.6308	0
9655SoOcn	 4	C	02/09/2016	06:34	304.429	-58.580		    90.14	0	 -0.2743	0	33.9093	0	27.249	0	302.8	0	83.3	0	27.31	0	7.9937	0	7.6377	0
9655SoOcn	 4	C	02/09/2016	06:34	304.429	-58.580		    84.98	0	  0.1106	0	33.8845	0	27.2	0	302.3	0	84.0	0	26.39	0	8.0097	0	7.6574	0
9655SoOcn	 4	C	02/09/2016	06:34	304.429	-58.580		    80.28	0	  0.5867	0	33.8718	0	27.153	0	301.9	0	85.0	0	25.45	0	8.0136	0	7.6673	0
9655SoOcn	 4	C	02/09/2016	06:34	304.429	-58.580		    75.97	0	  1.0858	0	33.8461	0	27.091	0	300.6	0	85.7	0	24.73	0	8.0163	0	7.6764	0
9655SoOcn	 4	C	02/09/2016	06:34	304.429	-58.580		    71.79	0	  1.3930	0	33.8365	0	27.057	0	301.5	0	86.6	0	24.54	0	8.0273	0	7.6907	0
9655SoOcn	 4	C	02/09/2016	06:34	304.429	-58.580		    66.64	0	  2.1467	0	33.8166	0	26.972	0	301.2	0	88.2	0	23.49	0	8.0235	0	7.6973	0
9655SoOcn	 4	C	02/09/2016	06:34	304.429	-58.580		    61.64	0	  2.1285	0	33.8154	0	26.973	0	303.8	0	88.9	0	23.63	0	8.0236	0	7.6969	0
9655SoOcn	 4	C	02/09/2016	06:34	304.429	-58.580		    55.92	0	  2.1240	0	33.8129	0	26.971	0	304.7	0	89.1	0	23.70	0	8.0235	0	7.6966	0
9655SoOcn	 4	C	02/09/2016	06:34	304.429	-58.580		    51.52	0	  2.1203	0	33.8121	0	26.971	0	304.9	0	89.2	0	23.65	0	8.0236	0	7.6966	0
9655SoOcn	 4	C	02/09/2016	06:34	304.429	-58.580		    46.69	0	  2.1436	0	33.8122	0	26.969	0	305.0	0	89.3	0	23.69	0	8.0235	0	7.6966	0
9655SoOcn	 4	C	02/09/2016	06:34	304.429	-58.580		    41.09	0	  2.1806	0	33.8104	0	26.964	0	305.0	0	89.4	0	23.71	0	8.0233	0	7.6968	0
9655SoOcn	 4	C	02/09/2016	06:34	304.429	-58.580		    36.03	0	  2.1975	0	33.8109	0	26.963	0	305.0	0	89.4	0	23.65	0	8.0218	0	7.6955	0
9655SoOcn	 4	C	02/09/2016	06:34	304.429	-58.580		    30.92	0	  2.2233	0	33.8080	0	26.958	0	304.9	0	89.4	0	23.73	0	8.0198	0	7.6938	0
9655SoOcn	 4	C	02/09/2016	06:34	304.429	-58.580		    25.69	0	  2.2253	0	33.8083	0	26.958	0	304.8	0	89.4	0	23.95	0	8.0189	0	7.6928	0
9655SoOcn	 4	C	02/09/2016	06:34	304.429	-58.580		    20.58	0	  2.2237	0	33.8089	0	26.959	0	304.9	0	89.4	0	23.37	0	8.0173	0	7.6912	0
9655SoOcn	 4	C	02/09/2016	06:34	304.429	-58.580		    15.76	0	  2.2227	0	33.8090	0	26.959	0	304.9	0	89.4	0	23.67	0	8.0165	0	7.6902	0
9655SoOcn	 4	C	02/09/2016	06:34	304.429	-58.580		    11.41	0	  2.2238	0	33.8088	0	26.959	0	305.0	0	89.5	0	23.63	0	8.0155	0	7.6892	0
9655SoOcn	 4	C	02/09/2016	06:34	304.429	-58.580		     6.98	0	  2.2241	0	33.8089	0	26.959	0	305.0	0	89.5	0	23.79	0	8.0171	0	7.6905	0
9655SoOcn	 4	C	02/09/2016	06:34	304.429	-58.580																	
9655SoOcn	 5	C	02/19/2016	14:27	305.639	-58.126		  1794.93	0	  1.2421	0	34.7237	0	27.79	0	175.4	0	50.5	0	30.97	0	7.8413	0	7.5747	0
9655SoOcn	 5	C	02/19/2016	14:27	305.639	-58.126		  1698.08	0	  1.3026	0	34.7221	0	27.784	0	174.4	0	50.3	0	30.80	0	7.8444	0	7.5752	0
9655SoOcn	 5	C	02/19/2016	14:27	305.639	-58.126		  1598.82	0	  1.3917	0	34.7238	0	27.778	0	172.5	0	49.8	0	30.77	0	7.8455	0	7.5741	0
9655SoOcn	 5	C	02/19/2016	14:27	305.639	-58.126		  1499.13	0	  1.4528	0	34.7240	0	27.773	0	171.2	0	49.6	0	30.84	0	7.8457	0	7.5719	0
9655SoOcn	 5	C	02/19/2016	14:27	305.639	-58.126		  1398.95	0	  1.5400	0	34.7247	0	27.766	0	169.8	0	49.2	0	30.71	0	7.8464	0	7.5704	0
9655SoOcn	 5	C	02/19/2016	14:27	305.639	-58.126		  1299.16	0	  1.6095	0	34.7229	0	27.758	0	168.0	0	48.8	0	30.75	0	7.8465	0	7.5682	0
9655SoOcn	 5	C	02/19/2016	14:27	305.639	-58.126		  1198.75	0	  1.7100	0	34.7219	0	27.749	0	165.6	0	48.2	0	31.01	0	7.8463	0	7.5660	0
9655SoOcn	 5	C	02/19/2016	14:27	305.639	-58.126		  1098.93	0	  1.8069	0	34.7160	0	27.735	0	163.5	0	47.8	0	30.94	0	7.8449	0	7.5628	0
9655SoOcn	 5	C	02/19/2016	14:27	305.639	-58.126		   999.04	0	  1.9232	0	34.7098	0	27.72	0	160.9	0	47.1	0	31.13	0	7.8424	0	7.5589	0
9655SoOcn	 5	C	02/19/2016	14:27	305.639	-58.126		   951.42	0	  1.9684	0	34.7039	0	27.711	0	159.6	0	46.8	0	31.20	0	7.8383	0	7.5542	0
9655SoOcn	 5	C	02/19/2016	14:27	305.639	-58.126		   901.65	0	  1.9945	0	34.6980	0	27.704	0	158.8	0	46.6	0	31.40	0	7.8361	0	7.5509	0
9655SoOcn	 5	C	02/19/2016	14:27	305.639	-58.126		   850.90	0	  2.0032	0	34.6899	0	27.696	0	158.4	0	46.5	0	31.61	0	7.8341	0	7.5474	0
9655SoOcn	 5	C	02/19/2016	14:27	305.639	-58.126		   801.42	0	  2.0397	0	34.6835	0	27.688	0	157.5	0	46.3	0	31.87	0	7.8332	0	7.5455	0
9655SoOcn	 5	C	02/19/2016	14:27	305.639	-58.126		   751.44	0	  2.0838	0	34.6751	0	27.677	0	156.2	0	45.9	0	31.72	0	7.8317	0	7.5431	0
9655SoOcn	 5	C	02/19/2016	14:27	305.639	-58.126		   701.03	0	  2.1022	0	34.6587	0	27.662	0	155.3	0	45.7	0	32.05	0	7.8270	0	7.5374	0
9655SoOcn	 5	C	02/19/2016	14:27	305.639	-58.126		   651.72	0	  2.1606	0	34.6453	0	27.646	0	153.8	0	45.3	0	32.34	0	7.8237	0	7.5336	0
9655SoOcn	 5	C	02/19/2016	14:27	305.639	-58.126		   601.16	0	  2.1792	0	34.6310	0	27.632	0	153.3	0	45.2	0	32.79	0	7.8220	0	7.5306	0
9655SoOcn	 5	C	02/19/2016	14:27	305.639	-58.126		   550.96	0	  2.1327	0	34.5971	0	27.609	0	154.8	0	45.5	0	33.22	0	7.8163	0	7.5231	0
9655SoOcn	 5	C	02/19/2016	14:27	305.639	-58.126		   500.70	0	  2.2239	0	34.5785	0	27.585	0	153.6	0	45.3	0	33.62	0	7.8148	0	7.5213	0
9655SoOcn	 5	C	02/19/2016	14:27	305.639	-58.126		   451.73	0	  2.2906	0	34.5501	0	27.556	0	153.3	0	45.3	0	33.47	0	7.8130	0	7.5190	0
9655SoOcn	 5	C	02/19/2016	14:27	305.639	-58.126		   401.50	0	  2.3693	0	34.5267	0	27.53	0	154.6	0	45.7	0	33.60	0	7.8139	0	7.5192	0
9655SoOcn	 5	C	02/19/2016	14:27	305.639	-58.126		   381.42	0	  2.3485	0	34.5126	0	27.52	0	155.6	0	46.0	0	34.19	0	7.8115	0	7.5161	0
9655SoOcn	 5	C	02/19/2016	14:27	305.639	-58.126		   361.39	0	  2.3464	0	34.4891	0	27.501	0	157.6	0	46.6	0	34.02	0	7.8108	0	7.5148	0
9655SoOcn	 5	C	02/19/2016	14:27	305.639	-58.126		   351.28	0	  2.3448	0	34.4847	0	27.498	0	158.6	0	46.9	0	33.97	0	7.8111	0	7.5147	0
9655SoOcn	 5	C	02/19/2016	14:27	305.639	-58.126		   339.97	0	  2.3322	0	34.4803	0	27.495	0	159.2	0	47.1	0	33.79	0	7.8127	0	7.5156	0
9655SoOcn	 5	C	02/19/2016	14:27	305.639	-58.126		   331.48	0	  2.3286	0	34.4713	0	27.488	0	160.2	0	47.3	0	33.86	0	7.8134	0	7.5159	0
9655SoOcn	 5	C	02/19/2016	14:27	305.639	-58.126		   321.03	0	  2.3341	0	34.4633	0	27.481	0	161.2	0	47.6	0	34.09	0	7.8149	0	7.5170	0
9655SoOcn	 5	C	02/19/2016	14:27	305.639	-58.126		   310.93	0	  2.3323	0	34.4555	0	27.475	0	162.3	0	48.0	0	34.07	0	7.8156	0	7.5173	0
9655SoOcn	 5	C	02/19/2016	14:27	305.639	-58.126		   301.63	0	  2.3265	0	34.4471	0	27.469	0	163.6	0	48.3	0	34.03	0	7.8165	0	7.5178	0
9655SoOcn	 5	C	02/19/2016	14:27	305.639	-58.126		   290.86	0	  2.3170	0	34.4351	0	27.46	0	165.0	0	48.7	0	34.04	0	7.8191	0	7.5197	0
9655SoOcn	 5	C	02/19/2016	14:27	305.639	-58.126		   281.44	0	  2.2829	0	34.4225	0	27.453	0	167.6	0	49.4	0	33.81	0	7.8217	0	7.5213	0
9655SoOcn	 5	C	02/19/2016	14:27	305.639	-58.126		   271.43	0	  2.3248	0	34.4198	0	27.447	0	168.8	0	49.8	0	33.78	0	7.8219	0	7.5217	0
9655SoOcn	 5	C	02/19/2016	14:27	305.639	-58.126		   260.35	0	  2.2039	0	34.3893	0	27.433	0	172.9	0	50.9	0	33.87	0	7.8278	0	7.5251	0
9655SoOcn	 5	C	02/19/2016	14:27	305.639	-58.126		   251.07	0	  2.1301	0	34.3733	0	27.427	0	177.4	0	52.1	0	33.64	0	7.8332	0	7.5287	0
9655SoOcn	 5	C	02/19/2016	14:27	305.639	-58.126		   241.14	0	  2.0863	0	34.3538	0	27.415	0	180.9	0	53.1	0	33.38	0	7.8365	0	7.5308	0
9655SoOcn	 5	C	02/19/2016	14:27	305.639	-58.126		   231.32	0	  1.9865	0	34.3334	0	27.408	0	185.4	0	54.2	0	33.38	0	7.8413	0	7.5335	0
9655SoOcn	 5	C	02/19/2016	14:27	305.639	-58.126		   220.68	0	  1.8877	0	34.3075	0	27.396	0	190.0	0	55.4	0	32.94	0	7.8469	0	7.5369	0
9655SoOcn	 5	C	02/19/2016	14:27	305.639	-58.126		   210.91	0	  1.7689	0	34.2975	0	27.398	0	195.4	0	56.8	0	33.11	0	7.8514	0	7.5391	0
9655SoOcn	 5	C	02/19/2016	14:27	305.639	-58.126		   201.11	0	  1.5498	0	34.2689	0	27.395	0	201.1	0	58.2	0	33.06	0	7.8591	0	7.5428	0
9655SoOcn	 5	C	02/19/2016	14:27	305.639	-58.126		   190.76	0	  1.3222	0	34.2325	0	27.385	0	209.5	0	60.2	0	32.80	0	7.8722	0	7.5514	0
9655SoOcn	 5	C	02/19/2016	14:27	305.639	-58.126		   181.71	0	  1.1153	0	34.1934	0	27.371	0	219.5	0	62.7	0	32.75	0	7.8805	0	7.5559	0
9655SoOcn	 5	C	02/19/2016	14:27	305.639	-58.126		   171.46	0	  0.8727	0	34.1608	0	27.364	0	228.6	0	64.9	0	32.01	0	7.8910	0	7.5619	0
9655SoOcn	 5	C	02/19/2016	14:27	305.639	-58.126		   161.76	0	  0.7293	0	34.1400	0	27.359	0	235.4	0	66.6	0	31.92	0	7.9002	0	7.5680	0
9655SoOcn	 5	C	02/19/2016	14:27	305.639	-58.126		   148.77	0	  0.1733	0	34.0643	0	27.341	0	252.9	0	70.5	0	30.68	0	7.9238	0	7.5816	0
9655SoOcn	 5	C	02/19/2016	14:27	305.639	-58.126		   141.13	0	  0.0572	0	34.0426	0	27.332	0	260.2	0	72.3	0	30.28	0	7.9325	0	7.5878	0
9655SoOcn	 5	C	02/19/2016	14:27	305.639	-58.126		   131.57	0	 -0.2777	0	33.9865	0	27.311	0	273.5	0	75.3	0	29.37	0	7.9522	0	7.6010	0
9655SoOcn	 5	C	02/19/2016	14:27	305.639	-58.126		   121.17	0	 -0.3363	0	33.9496	0	27.286	0	285.6	0	78.5	0	28.84	0	7.9615	0	7.6084	0
9655SoOcn	 5	C	02/19/2016	14:27	305.639	-58.126		   111.28	0	 -0.3069	0	33.9385	0	27.275	0	290.0	0	79.7	0	28.56	0	7.9666	0	7.6131	0
9655SoOcn	 5	C	02/19/2016	14:27	305.639	-58.126		   101.49	0	 -0.2904	0	33.9157	0	27.255	0	293.9	0	80.8	0	28.41	0	7.9756	0	7.6213	0
9655SoOcn	 5	C	02/19/2016	14:27	305.639	-58.126		    95.26	0	 -0.2968	0	33.9028	0	27.245	0	297.3	0	81.8	0	27.83	0	7.9802	0	7.6252	0
9655SoOcn	 5	C	02/19/2016	14:27	305.639	-58.126		    89.79	0	 -0.2728	0	33.8960	0	27.238	0	300.2	0	82.6	0	27.52	0	7.9886	0	7.6331	0
9655SoOcn	 5	C	02/19/2016	14:27	305.639	-58.126		    84.43	0	 -0.2256	0	33.8804	0	27.222	0	302.8	0	83.4	0	27.12	0	7.9935	0	7.6380	0
9655SoOcn	 5	C	02/19/2016	14:27	305.639	-58.126		    79.31	0	 -0.1330	0	33.8698	0	27.207	0	305.2	0	84.3	0	26.73	0	7.9942	0	7.6397	0
9655SoOcn	 5	C	02/19/2016	14:27	305.639	-58.126		    74.14	0	 -0.1114	0	33.8668	0	27.203	0	306.7	0	84.7	0	27.05	0	7.9943	0	7.6400	0
9655SoOcn	 5	C	02/19/2016	14:27	305.639	-58.126		    68.69	0	 -0.1302	0	33.8644	0	27.202	0	307.6	0	84.9	0	26.79	0	8.0079	0	7.6520	0
9655SoOcn	 5	C	02/19/2016	14:27	305.639	-58.126		    64.37	0	  0.6396	0	33.8242	0	27.11	0	302.5	0	85.2	0	25.33	0	8.0151	0	7.6689	0
9655SoOcn	 5	C	02/19/2016	14:27	305.639	-58.126		    61.45	0	  1.8404	0	33.7797	0	26.971	0	295.6	0	85.9	0	24.11	0	8.0199	0	7.6896	0
9655SoOcn	 5	C	02/19/2016	14:27	305.639	-58.126		    56.56	0	  2.3586	0	33.7868	0	26.928	0	299.3	0	88.1	0	23.22	0	8.0195	0	7.6962	0
9655SoOcn	 5	C	02/19/2016	14:27	305.639	-58.126		    51.52	0	  2.3896	0	33.7882	0	26.926	0	299.9	0	88.3	0	23.27	0	8.0217	0	7.6985	0
9655SoOcn	 5	C	02/19/2016	14:27	305.639	-58.126		    46.28	0	  2.4020	0	33.7891	0	26.925	0	300.1	0	88.4	0	23.35	0	8.0203	0	7.6972	0
9655SoOcn	 5	C	02/19/2016	14:27	305.639	-58.126		    41.10	0	  2.4196	0	33.7888	0	26.923	0	300.1	0	88.5	0	23.23	0	8.0204	0	7.6974	0
9655SoOcn	 5	C	02/19/2016	14:27	305.639	-58.126		    36.59	0	  2.4308	0	33.7890	0	26.922	0	300.2	0	88.5	0	23.43	0	8.0207	0	7.6977	0
9655SoOcn	 5	C	02/19/2016	14:27	305.639	-58.126		    31.11	0	  2.4353	0	33.7895	0	26.922	0	300.3	0	88.6	0	23.15	0	8.0186	0	7.6956	0
9655SoOcn	 5	C	02/19/2016	14:27	305.639	-58.126		    26.26	0	  2.4510	0	33.7895	0	26.921	0	300.1	0	88.5	0	23.23	0	8.0175	0	7.6947	0
9655SoOcn	 5	C	02/19/2016	14:27	305.639	-58.126		    21.43	0	  2.4542	0	33.7893	0	26.92	0	300.4	0	88.6	0	23.20	0	8.0156	0	7.6928	0
9655SoOcn	 5	C	02/19/2016	14:27	305.639	-58.126		    15.96	0	  2.4622	0	33.7890	0	26.919	0	300.5	0	88.7	0	23.33	0	8.0152	0	7.6923	0
9655SoOcn	 5	C	02/19/2016	14:27	305.639	-58.126		    11.74	0	  2.4593	0	33.7895	0	26.92	0	300.6	0	88.7	0	23.39	0	8.0156	0	7.6925	0
9655SoOcn	 5	C	02/19/2016	14:27	305.639	-58.126		     7.44	0	  2.4663	0	33.7892	0	26.919	0	300.8	0	88.8	0	23.43	0	8.0157	0	7.6926	0
9655SoOcn	 5	C	02/19/2016	14:27	305.639	-58.126																	
9655SoOcn	 6	C	02/29/2016	22:23	305.752	-58.144		  1799.28	0	  1.1928	0	34.7207	0	27.792	0	176.4	0	50.7	0	30.77	0	7.8432	0	7.5759	0
9655SoOcn	 6	C	02/29/2016	22:23	305.752	-58.144		  1699.76	0	  1.2689	0	34.7225	0	27.787	0	174.9	0	50.4	0	30.67	0	7.8461	0	7.5763	0
9655SoOcn	 6	C	02/29/2016	22:23	305.752	-58.144		  1598.73	0	  1.3575	0	34.7243	0	27.781	0	173.2	0	50.0	0	30.87	0	7.8483	0	7.5762	0
9655SoOcn	 6	C	02/29/2016	22:23	305.752	-58.144		  1499.40	0	  1.4247	0	34.7249	0	27.776	0	171.8	0	49.7	0	30.51	0	7.8493	0	7.5748	0
9655SoOcn	 6	C	02/29/2016	22:23	305.752	-58.144		  1398.55	0	  1.5138	0	34.7261	0	27.769	0	170.1	0	49.3	0	30.56	0	7.8496	0	7.5730	0
9655SoOcn	 6	C	02/29/2016	22:23	305.752	-58.144		  1299.40	0	  1.5874	0	34.7256	0	27.762	0	168.9	0	49.0	0	30.45	0	7.8499	0	7.5710	0
9655SoOcn	 6	C	02/29/2016	22:23	305.752	-58.144		  1198.83	0	  1.6646	0	34.7231	0	27.754	0	167.3	0	48.7	0	30.56	0	7.8490	0	7.5679	0
9655SoOcn	 6	C	02/29/2016	22:23	305.752	-58.144		  1099.77	0	  1.7238	0	34.7215	0	27.747	0	165.8	0	48.3	0	30.68	0	7.8503	0	7.5667	0
9655SoOcn	 6	C	02/29/2016	22:23	305.752	-58.144		   999.35	0	  1.7983	0	34.7158	0	27.736	0	164.0	0	47.9	0	31.20	0	7.8501	0	7.5642	0
9655SoOcn	 6	C	02/29/2016	22:23	305.752	-58.144		   951.18	0	  1.8495	0	34.7129	0	27.729	0	162.8	0	47.6	0	30.90	0	7.8497	0	7.5630	0
9655SoOcn	 6	C	02/29/2016	22:23	305.752	-58.144		   900.75	0	  1.9076	0	34.7102	0	27.722	0	161.5	0	47.3	0	30.94	0	7.8489	0	7.5614	0
9655SoOcn	 6	C	02/29/2016	22:23	305.752	-58.144		   851.41	0	  1.9381	0	34.7074	0	27.717	0	160.8	0	47.1	0	31.29	0	7.8481	0	7.5594	0
9655SoOcn	 6	C	02/29/2016	22:23	305.752	-58.144		   801.02	0	  2.0008	0	34.6999	0	27.705	0	159.2	0	46.7	0	31.49	0	7.8470	0	7.5576	0
9655SoOcn	 6	C	02/29/2016	22:23	305.752	-58.144		   751.17	0	  1.9999	0	34.6888	0	27.696	0	158.6	0	46.5	0	31.84	0	7.8423	0	7.5517	0
9655SoOcn	 6	C	02/29/2016	22:23	305.752	-58.144		   701.61	0	  2.0255	0	34.6754	0	27.683	0	157.6	0	46.3	0	31.81	0	7.8390	0	7.5474	0
9655SoOcn	 6	C	02/29/2016	22:23	305.752	-58.144		   651.30	0	  2.0692	0	34.6638	0	27.669	0	156.4	0	46.0	0	32.18	0	7.8352	0	7.5429	0
9655SoOcn	 6	C	02/29/2016	22:23	305.752	-58.144		   600.79	0	  2.1249	0	34.6515	0	27.654	0	154.7	0	45.5	0	32.21	0	7.8327	0	7.5397	0
9655SoOcn	 6	C	02/29/2016	22:23	305.752	-58.144		   551.56	0	  2.0712	0	34.6149	0	27.629	0	155.9	0	45.8	0	32.89	0	7.8258	0	7.5310	0
9655SoOcn	 6	C	02/29/2016	22:23	305.752	-58.144		   501.56	0	  2.0584	0	34.5928	0	27.612	0	155.9	0	45.8	0	32.91	0	7.8217	0	7.5254	0
9655SoOcn	 6	C	02/29/2016	22:23	305.752	-58.144		   450.73	0	  2.0714	0	34.5702	0	27.593	0	156.5	0	46.0	0	33.40	0	7.8190	0	7.5214	0
9655SoOcn	 6	C	02/29/2016	22:23	305.752	-58.144		   401.45	0	  2.1264	0	34.5326	0	27.557	0	157.3	0	46.3	0	33.55	0	7.8160	0	7.5179	0
9655SoOcn	 6	C	02/29/2016	22:23	305.752	-58.144		   380.01	0	  2.0326	0	34.5049	0	27.543	0	160.7	0	47.1	0	33.79	0	7.8174	0	7.5171	0
9655SoOcn	 6	C	02/29/2016	22:23	305.752	-58.144		   360.87	0	  2.0476	0	34.4936	0	27.533	0	162.5	0	47.7	0	33.65	0	7.8186	0	7.5178	0
9655SoOcn	 6	C	02/29/2016	22:23	305.752	-58.144		   351.43	0	  2.0440	0	34.4855	0	27.526	0	163.1	0	47.8	0	33.86	0	7.8190	0	7.5178	0
9655SoOcn	 6	C	02/29/2016	22:23	305.752	-58.144		   341.26	0	  2.0330	0	34.4768	0	27.52	0	164.2	0	48.2	0	33.97	0	7.8192	0	7.5175	0
9655SoOcn	 6	C	02/29/2016	22:23	305.752	-58.144		   331.42	0	  2.1260	0	34.4788	0	27.513	0	163.4	0	48.0	0	33.80	0	7.8175	0	7.5169	0
9655SoOcn	 6	C	02/29/2016	22:23	305.752	-58.144		   321.65	0	  2.1385	0	34.4645	0	27.501	0	163.5	0	48.1	0	33.87	0	7.8180	0	7.5172	0
9655SoOcn	 6	C	02/29/2016	22:23	305.752	-58.144		   311.67	0	  2.0955	0	34.4537	0	27.496	0	165.0	0	48.5	0	33.72	0	7.8193	0	7.5175	0
9655SoOcn	 6	C	02/29/2016	22:23	305.752	-58.144		   301.34	0	  2.0378	0	34.4425	0	27.492	0	167.7	0	49.2	0	33.99	0	7.8216	0	7.5185	0
9655SoOcn	 6	C	02/29/2016	22:23	305.752	-58.144		   291.64	0	  2.0513	0	34.4377	0	27.487	0	168.9	0	49.5	0	33.76	0	7.8219	0	7.5186	0
9655SoOcn	 6	C	02/29/2016	22:23	305.752	-58.144		   281.16	0	  1.9745	0	34.4259	0	27.484	0	171.0	0	50.1	0	33.88	0	7.8245	0	7.5195	0
9655SoOcn	 6	C	02/29/2016	22:23	305.752	-58.144		   271.03	0	  1.8762	0	34.4055	0	27.477	0	174.7	0	51.0	0	33.72	0	7.8278	0	7.5209	0
9655SoOcn	 6	C	02/29/2016	22:23	305.752	-58.144		   261.74	0	  1.9279	0	34.4039	0	27.471	0	175.5	0	51.3	0	33.79	0	7.8288	0	7.5222	0
9655SoOcn	 6	C	02/29/2016	22:23	305.752	-58.144		   248.86	0	  1.9111	0	34.3814	0	27.454	0	179.8	0	52.5	0	33.83	0	7.8325	0	7.5250	0
9655SoOcn	 6	C	02/29/2016	22:23	305.752	-58.144		   239.39	0	  2.0749	0	34.3929	0	27.448	0	176.6	0	51.8	0	33.63	0	7.8328	0	7.5272	0
9655SoOcn	 6	C	02/29/2016	22:23	305.752	-58.144		   230.53	0	  1.9983	0	34.3768	0	27.442	0	178.4	0	52.2	0	33.47	0	7.8382	0	7.5308	0
9655SoOcn	 6	C	02/29/2016	22:23	305.752	-58.144		   221.41	0	  1.8647	0	34.3555	0	27.437	0	182.8	0	53.3	0	33.52	0	7.8414	0	7.5316	0
9655SoOcn	 6	C	02/29/2016	22:23	305.752	-58.144		   211.60	0	  1.7700	0	34.3206	0	27.417	0	188.9	0	55.0	0	33.30	0	7.8499	0	7.5378	0
9655SoOcn	 6	C	02/29/2016	22:23	305.752	-58.144		   200.42	0	  1.7106	0	34.3005	0	27.406	0	194.4	0	56.5	0	33.24	0	7.8560	0	7.5422	0
9655SoOcn	 6	C	02/29/2016	22:23	305.752	-58.144		   191.43	0	  1.5617	0	34.2775	0	27.401	0	199.9	0	57.8	0	32.83	0	7.8645	0	7.5476	0
9655SoOcn	 6	C	02/29/2016	22:23	305.752	-58.144		   180.28	0	  1.2097	0	34.2288	0	27.391	0	209.7	0	60.1	0	32.61	0	7.8769	0	7.5539	0
9655SoOcn	 6	C	02/29/2016	22:23	305.752	-58.144		   169.78	0	  1.0340	0	34.1984	0	27.381	0	218.4	0	62.3	0	32.57	0	7.8835	0	7.5571	0
9655SoOcn	 6	C	02/29/2016	22:23	305.752	-58.144		   159.44	0	  0.8769	0	34.1741	0	27.375	0	224.4	0	63.7	0	32.20	0	7.8936	0	7.5639	0
9655SoOcn	 6	C	02/29/2016	22:23	305.752	-58.144		   149.05	0	  0.7293	0	34.1513	0	27.368	0	232.0	0	65.7	0	32.09	0	7.8979	0	7.5655	0
9655SoOcn	 6	C	02/29/2016	22:23	305.752	-58.144		   138.64	0	  0.6997	0	34.1449	0	27.365	0	235.2	0	66.5	0	31.96	0	7.9054	0	7.5716	0
9655SoOcn	 6	C	02/29/2016	22:23	305.752	-58.144		   128.42	0	  0.5255	0	34.1153	0	27.355	0	241.1	0	67.8	0	31.46	0	7.9132	0	7.5760	0
9655SoOcn	 6	C	02/29/2016	22:23	305.752	-58.144		   118.05	0	  0.3619	0	34.0906	0	27.348	0	247.0	0	69.2	0	30.94	0	7.9249	0	7.5842	0
9655SoOcn	 6	C	02/29/2016	22:23	305.752	-58.144		   108.80	0	  0.0125	0	34.0437	0	27.336	0	256.9	0	71.3	0	30.13	0	7.9408	0	7.5937	0
9655SoOcn	 6	C	02/29/2016	22:23	305.752	-58.144		   100.38	0	 -0.3085	0	33.9941	0	27.32	0	269.5	0	74.1	0	29.90	0	7.9509	0	7.5983	0
9655SoOcn	 6	C	02/29/2016	22:23	305.752	-58.144		    92.91	0	 -0.4088	0	33.9706	0	27.308	0	276.8	0	75.9	0	29.87	0	7.9633	0	7.6081	0
9655SoOcn	 6	C	02/29/2016	22:23	305.752	-58.144		    86.24	0	 -0.5255	0	33.9370	0	27.289	0	284.1	0	77.7	0	28.95	0	7.9667	0	7.6095	0
9655SoOcn	 6	C	02/29/2016	22:23	305.752	-58.144		    80.49	0	 -0.5135	0	33.9188	0	27.273	0	288.7	0	78.9	0	28.67	0	7.9721	0	7.6144	0
9655SoOcn	 6	C	02/29/2016	22:23	305.752	-58.144		    75.69	0	 -0.4707	0	33.9057	0	27.26	0	291.9	0	79.9	0	28.39	0	7.9775	0	7.6198	0
9655SoOcn	 6	C	02/29/2016	22:23	305.752	-58.144		    71.98	0	 -0.3908	0	33.8996	0	27.249	0	294.6	0	80.8	0	27.84	0	7.9846	0	7.6272	0
9655SoOcn	 6	C	02/29/2016	22:23	305.752	-58.144		    69.33	0	 -0.0904	0	33.8749	0	27.208	0	295.1	0	81.6	0	27.38	0	7.9920	0	7.6380	0
9655SoOcn	 6	C	02/29/2016	22:23	305.752	-58.144		    66.79	0	  0.6317	0	33.8377	0	27.122	0	294.3	0	82.9	0	26.29	0	8.0083	0	7.6626	0
9655SoOcn	 6	C	02/29/2016	22:23	305.752	-58.144		    61.49	0	  2.3080	0	33.8118	0	26.953	0	296.9	0	87.3	0	23.39	0	8.0206	0	7.6967	0
9655SoOcn	 6	C	02/29/2016	22:23	305.752	-58.144		    56.45	0	  2.3345	0	33.8107	0	26.949	0	297.5	0	87.5	0	23.15	0	8.0202	0	7.6965	0
9655SoOcn	 6	C	02/29/2016	22:23	305.752	-58.144		    51.72	0	  2.3454	0	33.8108	0	26.948	0	297.9	0	87.6	0	23.29	0	8.0205	0	7.6968	0
9655SoOcn	 6	C	02/29/2016	22:23	305.752	-58.144		    46.45	0	  2.3539	0	33.8104	0	26.947	0	298.1	0	87.7	0	23.47	0	8.0207	0	7.6969	0
9655SoOcn	 6	C	02/29/2016	22:23	305.752	-58.144		    41.67	0	  2.3578	0	33.8110	0	26.947	0	298.2	0	87.8	0	23.33	0	8.0215	0	7.6975	0
9655SoOcn	 6	C	02/29/2016	22:23	305.752	-58.144		    35.95	0	  2.3684	0	33.8114	0	26.947	0	298.3	0	87.8	0	23.44	0	8.0206	0	7.6966	0
9655SoOcn	 6	C	02/29/2016	22:23	305.752	-58.144		    31.15	0	  2.3778	0	33.8114	0	26.946	0	298.5	0	87.9	0	23.34	0	8.0198	0	7.6960	0
9655SoOcn	 6	C	02/29/2016	22:23	305.752	-58.144		    26.23	0	  2.3932	0	33.8112	0	26.944	0	298.5	0	87.9	0	23.47	0	8.0161	0	7.6926	0
9655SoOcn	 6	C	02/29/2016	22:23	305.752	-58.144		    21.09	0	  2.4006	0	33.8121	0	26.944	0	298.7	0	88.0	0	23.34	0	8.0157	0	7.6921	0
9655SoOcn	 6	C	02/29/2016	22:23	305.752	-58.144		    16.38	0	  2.3993	0	33.8120	0	26.944	0	298.8	0	88.0	0	23.35	0	8.0138	0	7.6902	0
9655SoOcn	 6	C	02/29/2016	22:23	305.752	-58.144		    11.72	0	  2.3945	0	33.8125	0	26.945	0	298.9	0	88.1	0	23.46	0	8.0146	0	7.6907	0
9655SoOcn	 6	C	02/29/2016	22:23	305.752	-58.144		     7.22	0	  2.3945	0	33.8123	0	26.945	0	299.0	0	88.1	0	23.23	0	8.0152	0	7.6912	0
9655SoOcn	 6	C	02/29/2016	22:23	305.752	-58.144																	
