//0																													
Cruise	Station	Type	mon/day/yr	hh:mm	Lon [°E]	Lat [°N]	Bot. Depth[m]	Depth[m]	QF	Temperature[°C]	QF	Salinity	QF	Density	QF	Oxygen[µM]	QF	OxygenSat[%]	QF	Nitrate[µM]	QF	Chlorophyll[µg/l]	QF	BackScatter[/m/sr]	QF	pHinsitu[Total]	QF	pH25C[Total]	QF
9657SoOcn	 1	C	01/08/2016	09:14	304.617	-59.636		  1796.35	0	  0.8507	0	34.7038	0	27.806	0	172.7	0	49.2	0	31.05	0	0.04	0	0.000098	0	7.7894	0	7.5218	0
9657SoOcn	 1	C	01/08/2016	09:14	304.617	-59.636		  1697.71	0	  0.9291	0	34.7064	0	27.802	0	170.1	0	48.6	0	30.95	0	0.04	0	0.000100	0	7.7912	0	7.5213	0
9657SoOcn	 1	C	01/08/2016	09:14	304.617	-59.636		  1598.92	0	  1.0383	0	34.7129	0	27.798	0	167.7	0	48.0	0	30.69	0	0.04	0	0.000098	0	7.7954	0	7.5234	0
9657SoOcn	 1	C	01/08/2016	09:14	304.617	-59.636		  1499.08	0	  1.0531	0	34.7111	0	27.796	0	167.4	0	47.9	0	30.47	0	0.04	0	0.000101	0	7.7981	0	7.5228	0
9657SoOcn	 1	C	01/08/2016	09:14	304.617	-59.636		  1398.81	0	  1.1620	0	34.7158	0	27.791	0	165.9	0	47.7	0	30.34	0	0.04	0	0.000098	0	7.8023	0	7.5248	0
9657SoOcn	 1	C	01/08/2016	09:14	304.617	-59.636		  1299.01	0	  1.2571	0	34.7197	0	27.786	0	163.6	0	47.1	0	30.18	0	0.04	0	0.000098	0	7.8048	0	7.5251	0
9657SoOcn	 1	C	01/08/2016	09:14	304.617	-59.636		  1199.34	0	  1.3715	0	34.7214	0	27.778	0	162.1	0	46.8	0	30.18	0	0.04	0	0.000114	0	7.8069	0	7.5254	0
9657SoOcn	 1	C	01/08/2016	09:14	304.617	-59.636		  1097.61	0	  1.4705	0	34.7245	0	27.772	0	160.3	0	46.4	0	29.86	0	0.04	0	0.000101	0	7.8084	0	7.5248	0
9657SoOcn	 1	C	01/08/2016	09:14	304.617	-59.636		   999.26	0	  1.5067	0	34.7191	0	27.764	0	160.1	0	46.4	0	29.85	0	0.04	0	0.000101	0	7.8114	0	7.5248	0
9657SoOcn	 1	C	01/08/2016	09:14	304.617	-59.636		   951.21	0	  1.5437	0	34.7177	0	27.76	0	158.8	0	46.1	0	29.94	0	0.05	0	0.000129	0	7.8023	0	7.5153	0
9657SoOcn	 1	C	01/08/2016	09:14	304.617	-59.636		   901.67	0	  1.6028	0	34.7177	0	27.755	0	158.2	0	46.0	0	29.82	0	0.05	0	0.000105	0	7.7996	0	7.5121	0
9657SoOcn	 1	C	01/08/2016	09:14	304.617	-59.636		   851.70	0	  1.6602	0	34.7165	0	27.749	0	157.0	0	45.7	0	29.79	0	0.04	0	0.000101	0	7.8012	0	7.5126	0
9657SoOcn	 1	C	01/08/2016	09:14	304.617	-59.636		   801.51	0	  1.7137	0	34.7158	0	27.743	0	155.9	0	45.4	0	29.95	0	0.04	0	0.000108	0	7.7994	0	7.5101	0
9657SoOcn	 1	C	01/08/2016	09:14	304.617	-59.636		   751.26	0	  1.7617	0	34.7057	0	27.731	0	155.1	0	45.2	0	30.08	0	0.04	0	0.000106	0	7.7972	0	7.5071	0
9657SoOcn	 1	C	01/08/2016	09:14	304.617	-59.636		   701.66	0	  1.8499	0	34.7026	0	27.721	0	152.9	0	44.7	0	29.99	0	0.04	0	0.000103	0	7.7914	0	7.5014	0
9657SoOcn	 1	C	01/08/2016	09:14	304.617	-59.636		   651.36	0	  1.9448	0	34.6964	0	27.707	0	150.7	0	44.2	0	30.14	0	0.04	0	0.000100	0	7.7896	0	7.4994	0
9657SoOcn	 1	C	01/08/2016	09:14	304.617	-59.636		   601.71	0	  2.0112	0	34.6938	0	27.699	0	148.9	0	43.7	0	30.35	0	0.05	0	0.000103	0	7.7879	0	7.4971	0
9657SoOcn	 1	C	01/08/2016	09:14	304.617	-59.636		   551.22	0	  2.0526	0	34.6830	0	27.686	0	147.4	0	43.3	0	30.61	0	0.05	0	0.000101	0	7.7841	0	7.4925	0
9657SoOcn	 1	C	01/08/2016	09:14	304.617	-59.636		   501.50	0	  2.0598	0	34.6696	0	27.675	0	146.7	0	43.1	0	30.78	0	0.04	0	0.000101	0	7.7810	0	7.4881	0
9657SoOcn	 1	C	01/08/2016	09:14	304.617	-59.636		   451.58	0	  2.0759	0	34.6552	0	27.662	0	145.8	0	42.8	0	31.03	0	0.04	0	0.000108	0	7.7774	0	7.4834	0
9657SoOcn	 1	C	01/08/2016	09:14	304.617	-59.636		   401.14	0	  2.0686	0	34.6265	0	27.639	0	145.6	0	42.8	0	31.43	0	0.04	0	0.000122	0	7.7714	0	7.4761	0
9657SoOcn	 1	C	01/08/2016	09:14	304.617	-59.636		   381.72	0	  2.0609	0	34.6137	0	27.629	0	145.9	0	42.8	0	31.54	0	0.07	0	0.000111	0	7.7691	0	7.4733	0
9657SoOcn	 1	C	01/08/2016	09:14	304.617	-59.636		   361.06	0	  2.0704	0	34.6066	0	27.623	0	145.9	0	42.9	0	31.61	0	0.04	0	0.000113	0	7.7695	0	7.4731	0
9657SoOcn	 1	C	01/08/2016	09:14	304.617	-59.636		   348.97	0	  2.0746	0	34.6017	0	27.618	0	145.8	0	42.8	0	31.79	0	0.05	0	0.000116	0	7.7691	0	7.4724	0
9657SoOcn	 1	C	01/08/2016	09:14	304.617	-59.636		   341.07	0	  2.0816	0	34.5983	0	27.615	0	145.7	0	42.8	0	31.88	0	0.04	0	0.000108	0	7.7676	0	7.4709	0
9657SoOcn	 1	C	01/08/2016	09:14	304.617	-59.636		   330.82	0	  2.0814	0	34.5965	0	27.613	0	145.8	0	42.8	0	31.74	0	0.06	0	0.000117	0	7.7684	0	7.4713	0
9657SoOcn	 1	C	01/08/2016	09:14	304.617	-59.636		   320.59	0	  2.0796	0	34.5907	0	27.609	0	145.9	0	42.9	0	31.76	0	0.04	0	0.000114	0	7.7682	0	7.4707	0
9657SoOcn	 1	C	01/08/2016	09:14	304.617	-59.636		   310.72	0	  2.0686	0	34.5843	0	27.605	0	146.4	0	43.0	0	31.87	0	0.06	0	0.000132	0	7.7669	0	7.4690	0
9657SoOcn	 1	C	01/08/2016	09:14	304.617	-59.636		   301.04	0	  2.0631	0	34.5761	0	27.598	0	146.7	0	43.1	0	31.98	0	0.05	0	0.000119	0	7.7675	0	7.4692	0
9657SoOcn	 1	C	01/08/2016	09:14	304.617	-59.636		   291.25	0	  2.0543	0	34.5711	0	27.595	0	147.1	0	43.2	0	31.84	0	0.04	0	0.000113	0	7.7666	0	7.4679	0
9657SoOcn	 1	C	01/08/2016	09:14	304.617	-59.636		   280.81	0	  2.0424	0	34.5642	0	27.591	0	147.6	0	43.3	0	32.09	0	0.06	0	0.000114	0	7.7674	0	7.4682	0
9657SoOcn	 1	C	01/08/2016	09:14	304.617	-59.636		   271.44	0	  2.0041	0	34.5524	0	27.584	0	148.4	0	43.5	0	32.10	0	0.05	0	0.000127	0	7.7675	0	7.4674	0
9657SoOcn	 1	C	01/08/2016	09:14	304.617	-59.636		   260.75	0	  1.9855	0	34.5382	0	27.575	0	149.7	0	43.9	0	32.06	0	0.06	0	0.000113	0	7.7678	0	7.4671	0
9657SoOcn	 1	C	01/08/2016	09:14	304.617	-59.636		   251.53	0	  1.9629	0	34.5285	0	27.569	0	150.7	0	44.1	0	32.14	0	0.06	0	0.000108	0	7.7672	0	7.4660	0
9657SoOcn	 1	C	01/08/2016	09:14	304.617	-59.636		   241.30	0	  1.9270	0	34.5162	0	27.562	0	152.2	0	44.5	0	32.13	0	0.05	0	0.000116	0	7.7680	0	7.4658	0
9657SoOcn	 1	C	01/08/2016	09:14	304.617	-59.636		   231.02	0	  1.8753	0	34.5018	0	27.555	0	154.1	0	45.0	0	32.26	0	0.04	0	0.000116	0	7.7702	0	7.4668	0
9657SoOcn	 1	C	01/08/2016	09:14	304.617	-59.636		   221.21	0	  1.8360	0	34.4891	0	27.548	0	155.6	0	45.4	0	32.26	0	0.06	0	0.000116	0	7.7718	0	7.4674	0
9657SoOcn	 1	C	01/08/2016	09:14	304.617	-59.636		   211.47	0	  1.7467	0	34.4736	0	27.544	0	157.7	0	45.9	0	32.11	0	0.04	0	0.000117	0	7.7730	0	7.4670	0
9657SoOcn	 1	C	01/08/2016	09:14	304.617	-59.636		   201.04	0	  1.6608	0	34.4448	0	27.528	0	161.8	0	47.0	0	32.12	0	0.04	0	0.000114	0	7.7764	0	7.4685	0
9657SoOcn	 1	C	01/08/2016	09:14	304.617	-59.636		   191.43	0	  1.5533	0	34.4278	0	27.523	0	165.3	0	47.9	0	32.11	0	0.07	0	0.000116	0	7.7815	0	7.4714	0
9657SoOcn	 1	C	01/08/2016	09:14	304.617	-59.636		   181.70	0	  1.5405	0	34.4170	0	27.516	0	167.6	0	48.5	0	32.04	0	0.07	0	0.000114	0	7.7828	0	7.4721	0
9657SoOcn	 1	C	01/08/2016	09:14	304.617	-59.636		   170.54	0	  1.4007	0	34.3907	0	27.507	0	172.1	0	49.6	0	31.91	0	0.07	0	0.000111	0	7.7875	0	7.4742	0
9657SoOcn	 1	C	01/08/2016	09:14	304.617	-59.636		   160.93	0	  1.3390	0	34.3752	0	27.499	0	175.5	0	50.5	0	31.85	0	0.08	0	0.000111	0	7.7924	0	7.4775	0
9657SoOcn	 1	C	01/08/2016	09:14	304.617	-59.636		   150.97	0	  1.1113	0	34.3376	0	27.488	0	182.2	0	52.1	0	31.64	0	0.10	0	0.000111	0	7.8015	0	7.4824	0
9657SoOcn	 1	C	01/08/2016	09:14	304.617	-59.636		   141.01	0	  0.7614	0	34.2857	0	27.475	0	192.2	0	54.5	0	30.92	0	0.11	0	0.000111	0	7.8222	0	7.4963	0
9657SoOcn	 1	C	01/08/2016	09:14	304.617	-59.636		   131.51	0	  0.4342	0	34.2318	0	27.457	0	207.9	0	58.4	0	30.50	0	0.18	0	0.000238	0	7.8321	0	7.5006	0
9657SoOcn	 1	C	01/08/2016	09:14	304.617	-59.636		   120.14	0	  0.0930	0	34.1619	0	27.426	0	224.8	0	62.6	0	29.98	0	0.20	0	0.000122	0	7.8479	0	7.5100	0
9657SoOcn	 1	C	01/08/2016	09:14	304.617	-59.636		   111.18	0	 -0.0488	0	34.1328	0	27.413	0	233.5	0	64.7	0	29.10	0	0.47	0	0.000142	0	7.8621	0	7.5208	0
9657SoOcn	 1	C	01/08/2016	09:14	304.617	-59.636		   101.53	0	 -0.2165	0	34.0913	0	27.391	0	244.6	0	67.5	0	28.87	0	0.42	0	0.000605	0	7.8698	0	7.5253	0
9657SoOcn	 1	C	01/08/2016	09:14	304.617	-59.636		    95.57	0	 -0.2798	0	34.0724	0	27.381	0	249.2	0	68.6	0	28.64	0	0.26	0	0.000127	0	7.8769	0	7.5308	0
9657SoOcn	 1	C	01/08/2016	09:14	304.617	-59.636		    90.04	0	 -0.3734	0	34.0354	0	27.357	0	255.6	0	70.2	0	27.86	0	0.37	0	0.000132	0	7.8913	0	7.5425	0
9657SoOcn	 1	C	01/08/2016	09:14	304.617	-59.636		    84.77	0	 -0.4883	0	33.9787	0	27.32	0	265.0	0	72.5	0	27.38	0	0.87	0	0.000196	0	7.9046	0	7.5530	0
9657SoOcn	 1	C	01/08/2016	09:14	304.617	-59.636		    79.43	0	 -0.4902	0	33.9365	0	27.286	0	272.7	0	74.6	0	26.77	0	1.99	0	0.000256	0	7.9136	0	7.5610	0
9657SoOcn	 1	C	01/08/2016	09:14	304.617	-59.636		    73.66	0	 -0.3738	0	33.9175	0	27.262	0	278.9	0	76.5	0	26.28	0	2.10	0	0.000191	0	7.9292	0	7.5767	0
9657SoOcn	 1	C	01/08/2016	09:14	304.617	-59.636		    67.72	0	 -0.1944	0	33.8965	0	27.233	0	284.2	0	78.4	0	25.66	0	1.18	0	0.000253	0	7.9313	0	7.5809	0
9657SoOcn	 1	C	01/08/2016	09:14	304.617	-59.636		    61.67	0	  0.2684	0	33.8633	0	27.171	0	285.2	0	79.6	0	24.52	0	2.10	0	0.000689	0	7.9557	0	7.6093	0
9657SoOcn	 1	C	01/08/2016	09:14	304.617	-59.636		    56.19	0	  1.0466	0	33.8597	0	27.106	0	285.2	0	81.2	0	23.44	0	3.53	0	0.000656	0	7.9675	0	7.6305	0
9657SoOcn	 1	C	01/08/2016	09:14	304.617	-59.636		    50.67	0	  1.5533	0	33.8684	0	27.069	0	286.9	0	82.8	0	22.89	0	3.91	0	0.000994	0	7.9672	0	7.6370	0
9657SoOcn	 1	C	01/08/2016	09:14	304.617	-59.636		    45.66	0	  1.5639	0	33.8639	0	27.064	0	290.0	0	83.7	0	22.86	0	6.57	0	0.001084	0	7.9700	0	7.6395	0
9657SoOcn	 1	C	01/08/2016	09:14	304.617	-59.636		    39.97	0	  1.5719	0	33.8745	0	27.072	0	291.6	0	84.2	0	22.85	0	3.97	0	0.000870	0	7.9708	0	7.6403	0
9657SoOcn	 1	C	01/08/2016	09:14	304.617	-59.636		    34.39	0	  1.6142	0	33.8713	0	27.066	0	291.9	0	84.4	0	22.81	0	4.17	0	0.000821	0	7.9721	0	7.6418	0
9657SoOcn	 1	C	01/08/2016	09:14	304.617	-59.636		    28.68	0	  1.6116	0	33.8711	0	27.066	0	292.3	0	84.5	0	22.64	0	6.08	0	0.001442	0	7.9735	0	7.6429	0
9657SoOcn	 1	C	01/08/2016	09:14	304.617	-59.636		    22.80	0	  1.6387	0	33.8694	0	27.062	0	292.4	0	84.5	0	22.66	0	3.91	0	0.000578	0	7.9761	0	7.6455	0
9657SoOcn	 1	C	01/08/2016	09:14	304.617	-59.636		    16.63	0	  1.6385	0	33.8703	0	27.063	0	292.5	0	84.6	0	22.82	0	4.58	0	0.000594	0	7.9784	0	7.6473	0
9657SoOcn	 1	C	01/08/2016	09:14	304.617	-59.636		    11.90	0	  1.6401	0	33.8701	0	27.063	0	292.9	0	84.7	0	22.62	0	5.99	0	0.001080	0	7.9794	0	7.6481	0
9657SoOcn	 1	C	01/08/2016	09:14	304.617	-59.636		     8.02	0	  1.6358	0	33.8691	0	27.062	0	293.2	0	84.8	0	22.59	0	3.81	0	0.000591	0	7.9818	0	7.6501	0
9657SoOcn	 1	C	01/08/2016	09:14	304.617	-59.636		     3.99	0	  1.6380	0	33.8690	0	27.062	0	293.4	0	84.8	0	22.54	0	4.07	0	0.000986	0	7.9846	0	7.6526	0
9657SoOcn	 1	C	01/08/2016	09:14	304.617	-59.636																					
9657SoOcn	 2	C	01/18/2016	18:03	305.856	-59.216		  1798.50	0	  0.8232	0	34.6941	0	27.801	0	172.8	0	49.2	0	29.35	0	0.04	0	0.000108	0	7.8105	0	7.5409	0
9657SoOcn	 2	C	01/18/2016	18:03	305.856	-59.216		  1698.56	0	  0.9617	0	34.7063	0	27.799	0	169.1	0	48.3	0	29.33	0	0.04	0	0.000105	0	7.8123	0	7.5411	0
9657SoOcn	 2	C	01/18/2016	18:03	305.856	-59.216		  1599.59	0	  1.0641	0	34.7105	0	27.794	0	167.3	0	47.9	0	29.33	0	0.04	0	0.000103	0	7.8160	0	7.5426	0
9657SoOcn	 2	C	01/18/2016	18:03	305.856	-59.216		  1500.04	0	  1.1693	0	34.7145	0	27.789	0	165.7	0	47.6	0	29.05	0	0.04	0	0.000103	0	7.8187	0	7.5433	0
9657SoOcn	 2	C	01/18/2016	18:03	305.856	-59.216		  1398.87	0	  1.2781	0	34.7168	0	27.782	0	164.0	0	47.3	0	28.95	0	0.04	0	0.000103	0	7.8211	0	7.5437	0
9657SoOcn	 2	C	01/18/2016	18:03	305.856	-59.216		  1298.99	0	  1.3617	0	34.7184	0	27.776	0	162.1	0	46.8	0	28.74	0	0.04	0	0.000105	0	7.8228	0	7.5431	0
9657SoOcn	 2	C	01/18/2016	18:03	305.856	-59.216		  1199.21	0	  1.4499	0	34.7190	0	27.769	0	160.6	0	46.5	0	28.61	0	0.04	0	0.000106	0	7.8244	0	7.5425	0
9657SoOcn	 2	C	01/18/2016	18:03	305.856	-59.216		  1098.89	0	  1.5359	0	34.7199	0	27.762	0	158.5	0	46.0	0	28.80	0	0.05	0	0.000101	0	7.8262	0	7.5420	0
9657SoOcn	 2	C	01/18/2016	18:03	305.856	-59.216		   999.55	0	  1.6365	0	34.7176	0	27.752	0	157.2	0	45.7	0	28.66	0	0.04	0	0.000106	0	7.8248	0	7.5388	0
9657SoOcn	 2	C	01/18/2016	18:03	305.856	-59.216		   950.61	0	  1.7130	0	34.7201	0	27.747	0	155.2	0	45.2	0	28.64	0	0.04	0	0.000101	0	7.8173	0	7.5314	0
9657SoOcn	 2	C	01/18/2016	18:03	305.856	-59.216		   901.04	0	  1.7097	0	34.7098	0	27.739	0	155.6	0	45.3	0	28.91	0	0.04	0	0.000106	0	7.8127	0	7.5255	0
9657SoOcn	 2	C	01/18/2016	18:03	305.856	-59.216		   851.78	0	  1.7589	0	34.7082	0	27.733	0	154.7	0	45.1	0	28.83	0	0.04	0	0.000117	0	7.8105	0	7.5225	0
9657SoOcn	 2	C	01/18/2016	18:03	305.856	-59.216		   801.53	0	  1.8624	0	34.7098	0	27.725	0	152.3	0	44.5	0	28.77	0	0.04	0	0.000105	0	7.8096	0	7.5215	0
9657SoOcn	 2	C	01/18/2016	18:03	305.856	-59.216		   750.95	0	  1.9094	0	34.7025	0	27.715	0	150.8	0	44.1	0	29.03	0	0.04	0	0.000103	0	7.8074	0	7.5185	0
9657SoOcn	 2	C	01/18/2016	18:03	305.856	-59.216		   701.03	0	  1.9844	0	34.6989	0	27.706	0	149.3	0	43.8	0	29.10	0	0.04	0	0.000105	0	7.8050	0	7.5156	0
9657SoOcn	 2	C	01/18/2016	18:03	305.856	-59.216		   651.43	0	  2.0220	0	34.6905	0	27.695	0	148.0	0	43.5	0	29.27	0	0.04	0	0.000101	0	7.8016	0	7.5114	0
9657SoOcn	 2	C	01/18/2016	18:03	305.856	-59.216		   600.67	0	  2.0440	0	34.6783	0	27.683	0	147.4	0	43.3	0	29.44	0	0.05	0	0.000103	0	7.7982	0	7.5069	0
9657SoOcn	 2	C	01/18/2016	18:03	305.856	-59.216		   551.53	0	  2.0670	0	34.6663	0	27.671	0	145.9	0	42.9	0	29.85	0	0.05	0	0.000103	0	7.7951	0	7.5028	0
9657SoOcn	 2	C	01/18/2016	18:03	305.856	-59.216		   501.12	0	  2.0666	0	34.6442	0	27.653	0	145.5	0	42.8	0	30.19	0	0.04	0	0.000111	0	7.7894	0	7.4959	0
9657SoOcn	 2	C	01/18/2016	18:03	305.856	-59.216		   450.96	0	  2.0550	0	34.6132	0	27.629	0	146.5	0	43.0	0	30.52	0	0.05	0	0.000114	0	7.7863	0	7.4912	0
9657SoOcn	 2	C	01/18/2016	18:03	305.856	-59.216		   401.10	0	  2.1043	0	34.5885	0	27.605	0	145.4	0	42.7	0	30.83	0	0.06	0	0.000121	0	7.7809	0	7.4854	0
9657SoOcn	 2	C	01/18/2016	18:03	305.856	-59.216		   380.86	0	  2.0882	0	34.5808	0	27.6	0	146.0	0	42.9	0	31.03	0	0.05	0	0.000113	0	7.7809	0	7.4844	0
9657SoOcn	 2	C	01/18/2016	18:03	305.856	-59.216		   361.44	0	  2.0257	0	34.5584	0	27.587	0	147.6	0	43.3	0	31.06	0	0.06	0	0.000113	0	7.7798	0	7.4819	0
9657SoOcn	 2	C	01/18/2016	18:03	305.856	-59.216		   351.65	0	  1.9971	0	34.5507	0	27.584	0	148.6	0	43.6	0	30.98	0	0.06	0	0.000124	0	7.7800	0	7.4814	0
9657SoOcn	 2	C	01/18/2016	18:03	305.856	-59.216		   340.91	0	  1.9567	0	34.5302	0	27.571	0	150.2	0	44.0	0	31.09	0	0.07	0	0.000114	0	7.7796	0	7.4802	0
9657SoOcn	 2	C	01/18/2016	18:03	305.856	-59.216		   331.16	0	  1.9411	0	34.5249	0	27.568	0	151.2	0	44.3	0	31.23	0	0.04	0	0.000121	0	7.7797	0	7.4797	0
9657SoOcn	 2	C	01/18/2016	18:03	305.856	-59.216		   321.00	0	  1.9359	0	34.5172	0	27.562	0	152.0	0	44.5	0	31.18	0	0.05	0	0.000114	0	7.7806	0	7.4801	0
9657SoOcn	 2	C	01/18/2016	18:03	305.856	-59.216		   311.07	0	  1.9315	0	34.5096	0	27.556	0	152.9	0	44.7	0	31.33	0	0.04	0	0.000121	0	7.7802	0	7.4794	0
9657SoOcn	 2	C	01/18/2016	18:03	305.856	-59.216		   301.37	0	  1.9451	0	34.4968	0	27.545	0	153.3	0	44.9	0	31.49	0	0.06	0	0.000116	0	7.7800	0	7.4790	0
9657SoOcn	 2	C	01/18/2016	18:03	305.856	-59.216		   291.32	0	  1.9804	0	34.4936	0	27.539	0	153.2	0	44.9	0	31.39	0	0.06	0	0.000126	0	7.7792	0	7.4784	0
9657SoOcn	 2	C	01/18/2016	18:03	305.856	-59.216		   281.68	0	  1.9910	0	34.4868	0	27.532	0	153.5	0	45.0	0	31.43	0	0.05	0	0.000119	0	7.7803	0	7.4793	0
9657SoOcn	 2	C	01/18/2016	18:03	305.856	-59.216		   270.93	0	  2.0421	0	34.4877	0	27.528	0	152.7	0	44.8	0	31.50	0	0.06	0	0.000116	0	7.7797	0	7.4791	0
9657SoOcn	 2	C	01/18/2016	18:03	305.856	-59.216		   261.40	0	  2.0023	0	34.4689	0	27.517	0	154.2	0	45.2	0	31.52	0	0.06	0	0.000121	0	7.7811	0	7.4796	0
9657SoOcn	 2	C	01/18/2016	18:03	305.856	-59.216		   248.65	0	  1.7417	0	34.4198	0	27.5	0	161.0	0	46.8	0	31.34	0	0.07	0	0.000124	0	7.7913	0	7.4849	0
9657SoOcn	 2	C	01/18/2016	18:03	305.856	-59.216		   239.34	0	  1.5976	0	34.3991	0	27.496	0	167.2	0	48.5	0	31.19	0	0.06	0	0.000121	0	7.7935	0	7.4846	0
9657SoOcn	 2	C	01/18/2016	18:03	305.856	-59.216		   231.59	0	  1.6937	0	34.4010	0	27.489	0	168.0	0	48.8	0	31.47	0	0.06	0	0.000114	0	7.7915	0	7.4839	0
9657SoOcn	 2	C	01/18/2016	18:03	305.856	-59.216		   221.49	0	  1.8682	0	34.4065	0	27.478	0	165.0	0	48.2	0	31.23	0	0.07	0	0.000142	0	7.7906	0	7.4851	0
9657SoOcn	 2	C	01/18/2016	18:03	305.856	-59.216		   210.70	0	  1.8537	0	34.3925	0	27.468	0	165.7	0	48.3	0	31.33	0	0.05	0	0.000126	0	7.7929	0	7.4866	0
9657SoOcn	 2	C	01/18/2016	18:03	305.856	-59.216		   200.91	0	  1.7441	0	34.3717	0	27.461	0	168.7	0	49.1	0	31.07	0	0.07	0	0.000119	0	7.7990	0	7.4904	0
9657SoOcn	 2	C	01/18/2016	18:03	305.856	-59.216		   191.39	0	  1.4918	0	34.3297	0	27.449	0	177.2	0	51.2	0	30.52	0	0.07	0	0.000119	0	7.8135	0	7.4999	0
9657SoOcn	 2	C	01/18/2016	18:03	305.856	-59.216		   181.66	0	  0.9722	0	34.2519	0	27.43	0	191.5	0	54.6	0	30.19	0	0.07	0	0.000138	0	7.8324	0	7.5098	0
9657SoOcn	 2	C	01/18/2016	18:03	305.856	-59.216		   170.90	0	  0.8703	0	34.2280	0	27.419	0	202.3	0	57.5	0	30.08	0	0.07	0	0.000122	0	7.8387	0	7.5139	0
9657SoOcn	 2	C	01/18/2016	18:03	305.856	-59.216		   161.61	0	  1.0114	0	34.2098	0	27.393	0	204.9	0	58.4	0	29.93	0	0.08	0	0.000134	0	7.8439	0	7.5203	0
9657SoOcn	 2	C	01/18/2016	18:03	305.856	-59.216		   151.57	0	  0.8051	0	34.1749	0	27.381	0	212.5	0	60.2	0	29.65	0	0.09	0	0.000137	0	7.8511	0	7.5237	0
9657SoOcn	 2	C	01/18/2016	18:03	305.856	-59.216		   141.51	0	  0.8312	0	34.1563	0	27.364	0	217.1	0	61.6	0	29.22	0	0.09	0	0.000137	0	7.8561	0	7.5283	0
9657SoOcn	 2	C	01/18/2016	18:03	305.856	-59.216		   131.08	0	  0.6326	0	34.1366	0	27.364	0	223.3	0	63.0	0	28.66	0	0.08	0	0.000130	0	7.8644	0	7.5328	0
9657SoOcn	 2	C	01/18/2016	18:03	305.856	-59.216		   121.36	0	  0.7955	0	34.1304	0	27.346	0	225.0	0	63.8	0	28.56	0	0.09	0	0.000134	0	7.8697	0	7.5396	0
9657SoOcn	 2	C	01/18/2016	18:03	305.856	-59.216		   110.88	0	  0.5260	0	34.0894	0	27.334	0	233.8	0	65.8	0	28.39	0	0.16	0	0.000135	0	7.8833	0	7.5481	0
9657SoOcn	 2	C	01/18/2016	18:03	305.856	-59.216		   101.08	0	  0.1100	0	34.0273	0	27.316	0	247.5	0	68.8	0	27.23	0	0.27	0	0.000140	0	7.9007	0	7.5581	0
9657SoOcn	 2	C	01/18/2016	18:03	305.856	-59.216		    94.80	0	  0.0235	0	34.0056	0	27.305	0	254.6	0	70.7	0	26.98	0	0.34	0	0.000354	0	7.9071	0	7.5626	0
9657SoOcn	 2	C	01/18/2016	18:03	305.856	-59.216		    88.98	0	 -0.0096	0	33.9963	0	27.3	0	259.3	0	71.9	0	26.56	0	0.40	0	0.000161	0	7.9149	0	7.5690	0
9657SoOcn	 2	C	01/18/2016	18:03	305.856	-59.216		    83.63	0	 -0.2286	0	33.9637	0	27.289	0	265.8	0	73.3	0	25.69	0	0.41	0	0.000174	0	7.9280	0	7.5779	0
9657SoOcn	 2	C	01/18/2016	18:03	305.856	-59.216		    78.68	0	 -0.5305	0	33.9347	0	27.287	0	274.7	0	75.1	0	24.97	0	0.40	0	0.000167	0	7.9434	0	7.5877	0
9657SoOcn	 2	C	01/18/2016	18:03	305.856	-59.216		    74.18	0	 -0.4038	0	33.9017	0	27.252	0	280.6	0	76.9	0	24.19	0	0.50	0	0.000214	0	7.9562	0	7.6011	0
9657SoOcn	 2	C	01/18/2016	18:03	305.856	-59.216		    69.98	0	  0.2356	0	33.8616	0	27.172	0	280.4	0	78.2	0	22.91	0	0.94	0	0.000277	0	7.9732	0	7.6252	0
9657SoOcn	 2	C	01/18/2016	18:03	305.856	-59.216		    66.45	0	  0.7302	0	33.8591	0	27.131	0	281.5	0	79.5	0	21.97	0	1.57	0	0.000420	0	7.9856	0	7.6432	0
9657SoOcn	 2	C	01/18/2016	18:03	305.856	-59.216		    61.42	0	  1.3497	0	33.8496	0	27.072	0	281.6	0	80.8	0	21.07	0	1.69	0	0.000333	0	7.9881	0	7.6537	0
9657SoOcn	 2	C	01/18/2016	18:03	305.856	-59.216		    56.50	0	  1.4783	0	33.8497	0	27.06	0	283.0	0	81.5	0	20.94	0	1.88	0	0.000595	0	7.9888	0	7.6560	0
9657SoOcn	 2	C	01/18/2016	18:03	305.856	-59.216		    51.68	0	  1.5099	0	33.8494	0	27.057	0	284.0	0	81.8	0	20.93	0	1.88	0	0.000422	0	7.9912	0	7.6584	0
9657SoOcn	 2	C	01/18/2016	18:03	305.856	-59.216		    46.66	0	  1.5438	0	33.8490	0	27.054	0	284.5	0	82.0	0	20.85	0	1.80	0	0.000393	0	7.9909	0	7.6585	0
9657SoOcn	 2	C	01/18/2016	18:03	305.856	-59.216		    41.57	0	  1.5591	0	33.8490	0	27.053	0	285.1	0	82.3	0	20.79	0	1.53	0	0.000354	0	7.9923	0	7.6598	0
9657SoOcn	 2	C	01/18/2016	18:03	305.856	-59.216		    36.52	0	  1.5696	0	33.8493	0	27.052	0	285.5	0	82.4	0	20.80	0	1.34	0	0.000377	0	7.9934	0	7.6608	0
9657SoOcn	 2	C	01/18/2016	18:03	305.856	-59.216		    31.68	0	  1.5725	0	33.8490	0	27.051	0	285.8	0	82.5	0	20.72	0	1.07	0	0.000446	0	7.9952	0	7.6624	0
9657SoOcn	 2	C	01/18/2016	18:03	305.856	-59.216		    26.57	0	  1.5800	0	33.8492	0	27.051	0	285.9	0	82.5	0	20.75	0	0.80	0	0.000315	0	7.9963	0	7.6633	0
9657SoOcn	 2	C	01/18/2016	18:03	305.856	-59.216		    21.66	0	  1.5948	0	33.8492	0	27.05	0	286.2	0	82.6	0	20.76	0	0.61	0	0.000336	0	7.9982	0	7.6651	0
9657SoOcn	 2	C	01/18/2016	18:03	305.856	-59.216		    16.80	0	  1.6041	0	33.8490	0	27.049	0	286.3	0	82.7	0	20.74	0	0.38	0	0.000377	0	7.9993	0	7.6660	0
9657SoOcn	 2	C	01/18/2016	18:03	305.856	-59.216		    11.89	0	  1.6274	0	33.8487	0	27.046	0	286.5	0	82.8	0	20.61	0	0.20	0	0.000362	0	8.0001	0	7.6670	0
9657SoOcn	 2	C	01/18/2016	18:03	305.856	-59.216		     7.84	0	  1.6441	0	33.8496	0	27.045	0	286.6	0	82.8	0	20.68	0	0.20	0	0.000364	0	8.0027	0	7.6694	0
9657SoOcn	 2	C	01/18/2016	18:03	305.856	-59.216																					
9657SoOcn	 3	C	01/29/2016	01:34	307.11	-59.292		  1799.17	0	  0.8677	0	34.7125	0	27.812	0	169.0	0	48.2	0	28.76	0	0.04	0	0.000127	0	7.8166	0	7.5471	0
9657SoOcn	 3	C	01/29/2016	01:34	307.11	-59.292		  1698.88	0	  0.9337	0	34.7145	0	27.808	0	168.3	0	48.1	0	28.61	0	0.04	0	0.000097	0	7.8201	0	7.5478	0
9657SoOcn	 3	C	01/29/2016	01:34	307.11	-59.292		  1598.59	0	  0.9952	0	34.7162	0	27.805	0	167.4	0	47.9	0	28.57	0	0.04	0	0.000097	0	7.8244	0	7.5493	0
9657SoOcn	 3	C	01/29/2016	01:34	307.11	-59.292		  1499.00	0	  1.0750	0	34.7186	0	27.8	0	166.1	0	47.6	0	28.46	0	0.03	0	0.000101	0	7.8291	0	7.5515	0
9657SoOcn	 3	C	01/29/2016	01:34	307.11	-59.292		  1398.76	0	  1.1420	0	34.7209	0	27.796	0	165.0	0	47.4	0	28.48	0	0.04	0	0.000095	0	7.8323	0	7.5520	0
9657SoOcn	 3	C	01/29/2016	01:34	307.11	-59.292		  1299.80	0	  1.2019	0	34.7223	0	27.793	0	164.1	0	47.2	0	28.39	0	0.05	0	0.000100	0	7.8356	0	7.5526	0
9657SoOcn	 3	C	01/29/2016	01:34	307.11	-59.292		  1198.95	0	  1.2483	0	34.7189	0	27.786	0	163.8	0	47.2	0	28.38	0	0.04	0	0.000103	0	7.8370	0	7.5512	0
9657SoOcn	 3	C	01/29/2016	01:34	307.11	-59.292		  1098.68	0	  1.3395	0	34.7193	0	27.779	0	162.2	0	46.8	0	28.43	0	0.04	0	0.000101	0	7.8397	0	7.5516	0
9657SoOcn	 3	C	01/29/2016	01:34	307.11	-59.292		   999.31	0	  1.4377	0	34.7175	0	27.769	0	160.8	0	46.5	0	28.19	0	0.03	0	0.000103	0	7.8406	0	7.5505	0
9657SoOcn	 3	C	01/29/2016	01:34	307.11	-59.292		   951.02	0	  1.5261	0	34.7221	0	27.765	0	159.7	0	46.3	0	28.03	0	0.04	0	0.000100	0	7.8302	0	7.5407	0
9657SoOcn	 3	C	01/29/2016	01:34	307.11	-59.292		   901.29	0	  1.5403	0	34.7141	0	27.757	0	159.3	0	46.2	0	28.18	0	0.04	0	0.000105	0	7.8273	0	7.5365	0
9657SoOcn	 3	C	01/29/2016	01:34	307.11	-59.292		   850.63	0	  1.6450	0	34.7165	0	27.75	0	156.9	0	45.6	0	28.26	0	0.04	0	0.000114	0	7.8241	0	7.5334	0
9657SoOcn	 3	C	01/29/2016	01:34	307.11	-59.292		   801.52	0	  1.6981	0	34.7162	0	27.745	0	156.1	0	45.4	0	28.27	0	0.04	0	0.000106	0	7.8229	0	7.5314	0
9657SoOcn	 3	C	01/29/2016	01:34	307.11	-59.292		   750.82	0	  1.7436	0	34.7080	0	27.734	0	154.9	0	45.2	0	28.51	0	0.03	0	0.000111	0	7.8196	0	7.5273	0
9657SoOcn	 3	C	01/29/2016	01:34	307.11	-59.292		   700.98	0	  1.7737	0	34.7027	0	27.728	0	154.1	0	45.0	0	28.54	0	0.04	0	0.000108	0	7.8176	0	7.5243	0
9657SoOcn	 3	C	01/29/2016	01:34	307.11	-59.292		   650.62	0	  1.9045	0	34.7038	0	27.717	0	151.1	0	44.2	0	28.61	0	0.05	0	0.000103	0	7.8164	0	7.5233	0
9657SoOcn	 3	C	01/29/2016	01:34	307.11	-59.292		   601.13	0	  1.9648	0	34.6961	0	27.705	0	149.5	0	43.8	0	28.71	0	0.05	0	0.000105	0	7.8095	0	7.5162	0
9657SoOcn	 3	C	01/29/2016	01:34	307.11	-59.292		   550.88	0	  1.9877	0	34.6877	0	27.696	0	148.8	0	43.7	0	28.92	0	0.05	0	0.000109	0	7.8090	0	7.5144	0
9657SoOcn	 3	C	01/29/2016	01:34	307.11	-59.292		   499.41	0	  1.9681	0	34.6714	0	27.685	0	148.2	0	43.4	0	29.20	0	0.04	0	0.000105	0	7.8031	0	7.5070	0
9657SoOcn	 3	C	01/29/2016	01:34	307.11	-59.292		   450.80	0	  2.0453	0	34.6557	0	27.665	0	145.8	0	42.8	0	29.57	0	0.04	0	0.000105	0	7.7966	0	7.5005	0
9657SoOcn	 3	C	01/29/2016	01:34	307.11	-59.292		   401.71	0	  2.0691	0	34.6384	0	27.649	0	145.1	0	42.6	0	29.96	0	0.09	0	0.000109	0	7.7933	0	7.4962	0
9657SoOcn	 3	C	01/29/2016	01:34	307.11	-59.292		   381.31	0	  2.0794	0	34.6311	0	27.642	0	144.9	0	42.6	0	29.91	0	0.05	0	0.000105	0	7.7912	0	7.4938	0
9657SoOcn	 3	C	01/29/2016	01:34	307.11	-59.292		   360.98	0	  2.0981	0	34.6206	0	27.631	0	144.7	0	42.5	0	30.09	0	0.05	0	0.000105	0	7.7908	0	7.4930	0
9657SoOcn	 3	C	01/29/2016	01:34	307.11	-59.292		   350.99	0	  2.0851	0	34.6159	0	27.629	0	144.8	0	42.5	0	30.14	0	0.05	0	0.000108	0	7.7893	0	7.4912	0
9657SoOcn	 3	C	01/29/2016	01:34	307.11	-59.292		   339.23	0	  2.0874	0	34.6101	0	27.624	0	144.8	0	42.6	0	30.22	0	0.06	0	0.000113	0	7.7897	0	7.4911	0
9657SoOcn	 3	C	01/29/2016	01:34	307.11	-59.292		   329.68	0	  2.0862	0	34.6069	0	27.621	0	144.9	0	42.6	0	30.49	0	0.05	0	0.000116	0	7.7881	0	7.4894	0
9657SoOcn	 3	C	01/29/2016	01:34	307.11	-59.292		   320.75	0	  2.0824	0	34.6010	0	27.617	0	145.1	0	42.6	0	30.32	0	0.06	0	0.000108	0	7.7884	0	7.4892	0
9657SoOcn	 3	C	01/29/2016	01:34	307.11	-59.292		   310.70	0	  2.0718	0	34.5967	0	27.614	0	145.4	0	42.7	0	30.42	0	0.06	0	0.000106	0	7.7883	0	7.4887	0
9657SoOcn	 3	C	01/29/2016	01:34	307.11	-59.292		   301.41	0	  2.0666	0	34.5923	0	27.611	0	145.6	0	42.8	0	30.48	0	0.05	0	0.000111	0	7.7872	0	7.4873	0
9657SoOcn	 3	C	01/29/2016	01:34	307.11	-59.292		   291.35	0	  2.0587	0	34.5867	0	27.607	0	145.9	0	42.8	0	30.47	0	0.05	0	0.000111	0	7.7870	0	7.4867	0
9657SoOcn	 3	C	01/29/2016	01:34	307.11	-59.292		   281.60	0	  2.0732	0	34.5770	0	27.598	0	146.1	0	42.9	0	30.58	0	0.06	0	0.000114	0	7.7856	0	7.4852	0
9657SoOcn	 3	C	01/29/2016	01:34	307.11	-59.292		   271.48	0	  2.0739	0	34.5680	0	27.591	0	146.3	0	43.0	0	30.80	0	0.05	0	0.000126	0	7.7851	0	7.4845	0
9657SoOcn	 3	C	01/29/2016	01:34	307.11	-59.292		   261.71	0	  2.0701	0	34.5647	0	27.588	0	146.5	0	43.0	0	30.63	0	0.05	0	0.000127	0	7.7842	0	7.4833	0
9657SoOcn	 3	C	01/29/2016	01:34	307.11	-59.292		   251.13	0	  2.0565	0	34.5578	0	27.584	0	146.9	0	43.1	0	30.78	0	0.04	0	0.000114	0	7.7838	0	7.4824	0
9657SoOcn	 3	C	01/29/2016	01:34	307.11	-59.292		   241.73	0	  2.0357	0	34.5479	0	27.578	0	147.8	0	43.4	0	30.79	0	0.06	0	0.000116	0	7.7839	0	7.4819	0
9657SoOcn	 3	C	01/29/2016	01:34	307.11	-59.292		   228.83	0	  1.9258	0	34.5208	0	27.566	0	150.4	0	44.0	0	30.78	0	0.07	0	0.000121	0	7.7855	0	7.4815	0
9657SoOcn	 3	C	01/29/2016	01:34	307.11	-59.292		   219.41	0	  1.9631	0	34.5185	0	27.561	0	151.1	0	44.3	0	31.03	0	0.07	0	0.000119	0	7.7847	0	7.4809	0
9657SoOcn	 3	C	01/29/2016	01:34	307.11	-59.292		   211.70	0	  1.9246	0	34.5079	0	27.556	0	151.9	0	44.4	0	30.99	0	0.06	0	0.000116	0	7.7869	0	7.4821	0
9657SoOcn	 3	C	01/29/2016	01:34	307.11	-59.292		   201.69	0	  1.8275	0	34.4870	0	27.547	0	154.1	0	45.0	0	30.88	0	0.11	0	0.000193	0	7.7888	0	7.4823	0
9657SoOcn	 3	C	01/29/2016	01:34	307.11	-59.292		   191.29	0	  1.7418	0	34.4684	0	27.54	0	157.8	0	45.9	0	30.97	0	0.07	0	0.000121	0	7.7917	0	7.4833	0
9657SoOcn	 3	C	01/29/2016	01:34	307.11	-59.292		   181.24	0	  1.6843	0	34.4532	0	27.533	0	160.9	0	46.8	0	31.16	0	0.06	0	0.000119	0	7.7943	0	7.4846	0
9657SoOcn	 3	C	01/29/2016	01:34	307.11	-59.292		   171.34	0	  1.5396	0	34.4228	0	27.521	0	164.9	0	47.7	0	31.00	0	0.07	0	0.000117	0	7.7967	0	7.4845	0
9657SoOcn	 3	C	01/29/2016	01:34	307.11	-59.292		   161.19	0	  1.4573	0	34.4019	0	27.511	0	168.4	0	48.6	0	30.72	0	0.09	0	0.000130	0	7.8024	0	7.4883	0
9657SoOcn	 3	C	01/29/2016	01:34	307.11	-59.292		   151.61	0	  0.9754	0	34.3371	0	27.499	0	181.2	0	51.7	0	30.58	0	0.11	0	0.000145	0	7.8168	0	7.4946	0
9657SoOcn	 3	C	01/29/2016	01:34	307.11	-59.292		   141.29	0	  0.7803	0	34.2943	0	27.48	0	191.9	0	54.4	0	30.17	0	0.11	0	0.000161	0	7.8238	0	7.4980	0
9657SoOcn	 3	C	01/29/2016	01:34	307.11	-59.292		   131.59	0	  0.5125	0	34.2449	0	27.461	0	201.3	0	56.7	0	29.67	0	0.14	0	0.000150	0	7.8460	0	7.5144	0
9657SoOcn	 3	C	01/29/2016	01:34	307.11	-59.292		   121.63	0	  0.1927	0	34.1837	0	27.436	0	216.3	0	60.4	0	28.92	0	0.14	0	0.000130	0	7.8541	0	7.5172	0
9657SoOcn	 3	C	01/29/2016	01:34	307.11	-59.292		   111.10	0	 -0.2018	0	34.1041	0	27.401	0	230.1	0	63.5	0	26.93	0	0.17	0	0.000148	0	7.8905	0	7.5448	0
9657SoOcn	 3	C	01/29/2016	01:34	307.11	-59.292		   100.80	0	 -0.5062	0	34.0430	0	27.373	0	253.0	0	69.2	0	25.97	0	0.23	0	0.000177	0	7.9083	0	7.5567	0
9657SoOcn	 3	C	01/29/2016	01:34	307.11	-59.292		    94.65	0	 -0.5138	0	34.0252	0	27.359	0	258.2	0	70.6	0	25.65	0	0.22	0	0.000198	0	7.9144	0	7.5619	0
9657SoOcn	 3	C	01/29/2016	01:34	307.11	-59.292		    88.73	0	 -0.5045	0	34.0122	0	27.348	0	262.0	0	71.7	0	25.79	0	0.47	0	0.000270	0	7.9144	0	7.5618	0
9657SoOcn	 3	C	01/29/2016	01:34	307.11	-59.292		    82.80	0	 -0.5153	0	33.9967	0	27.336	0	264.8	0	72.4	0	24.71	0	0.28	0	0.000203	0	7.9310	0	7.5768	0
9657SoOcn	 3	C	01/29/2016	01:34	307.11	-59.292		    77.11	0	 -0.4899	0	33.9669	0	27.31	0	270.4	0	74.0	0	24.39	0	0.64	0	0.000489	0	7.9371	0	7.5825	0
9657SoOcn	 3	C	01/29/2016	01:34	307.11	-59.292		    72.38	0	 -0.4360	0	33.9541	0	27.296	0	273.9	0	75.1	0	23.85	0	1.37	0	0.000333	0	7.9473	0	7.5924	0
9657SoOcn	 3	C	01/29/2016	01:34	307.11	-59.292		    68.32	0	 -0.1747	0	33.9286	0	27.257	0	275.6	0	76.0	0	23.73	0	0.96	0	0.000534	0	7.9457	0	7.5944	0
9657SoOcn	 3	C	01/29/2016	01:34	307.11	-59.292		    64.62	0	 -0.0847	0	33.9240	0	27.247	0	278.0	0	76.9	0	23.30	0	1.46	0	0.000729	0	7.9545	0	7.6035	0
9657SoOcn	 3	C	01/29/2016	01:34	307.11	-59.292		    60.94	0	  0.7804	0	33.8659	0	27.133	0	272.3	0	77.0	0	21.88	0	2.07	0	0.000742	0	7.9726	0	7.6317	0
9657SoOcn	 3	C	01/29/2016	01:34	307.11	-59.292		    56.80	0	  1.1808	0	33.8674	0	27.101	0	277.5	0	79.3	0	21.29	0	2.45	0	0.000790	0	7.9810	0	7.6448	0
9657SoOcn	 3	C	01/29/2016	01:34	307.11	-59.292		    51.57	0	  1.5839	0	33.8507	0	27.052	0	279.7	0	80.7	0	20.51	0	4.76	0	0.001377	0	7.9982	0	7.6659	0
9657SoOcn	 3	C	01/29/2016	01:34	307.11	-59.292		    46.38	0	  1.7995	0	33.8439	0	27.027	0	282.5	0	82.0	0	20.14	0	2.77	0	0.000541	0	8.0007	0	7.6710	0
9657SoOcn	 3	C	01/29/2016	01:34	307.11	-59.292		    41.41	0	  1.8221	0	33.8431	0	27.024	0	284.4	0	82.6	0	20.05	0	2.73	0	0.000553	0	8.0024	0	7.6727	0
9657SoOcn	 3	C	01/29/2016	01:34	307.11	-59.292		    36.43	0	  1.8394	0	33.8422	0	27.022	0	285.2	0	82.9	0	20.03	0	2.01	0	0.000471	0	8.0036	0	7.6739	0
9657SoOcn	 3	C	01/29/2016	01:34	307.11	-59.292		    31.66	0	  1.8490	0	33.8412	0	27.02	0	285.7	0	83.0	0	20.04	0	2.82	0	0.000426	0	8.0046	0	7.6748	0
9657SoOcn	 3	C	01/29/2016	01:34	307.11	-59.292		    26.17	0	  1.8662	0	33.8408	0	27.018	0	286.1	0	83.2	0	20.07	0	2.47	0	0.000446	0	8.0070	0	7.6770	0
9657SoOcn	 3	C	01/29/2016	01:34	307.11	-59.292		    21.70	0	  1.8817	0	33.8402	0	27.016	0	286.5	0	83.3	0	19.90	0	3.58	0	0.000653	0	8.0098	0	7.6796	0
9657SoOcn	 3	C	01/29/2016	01:34	307.11	-59.292		    16.56	0	  1.9135	0	33.8399	0	27.013	0	287.0	0	83.5	0	19.86	0	3.12	0	0.000568	0	8.0146	0	7.6843	0
9657SoOcn	 3	C	01/29/2016	01:34	307.11	-59.292		    11.90	0	  1.9264	0	33.8383	0	27.011	0	287.5	0	83.7	0	19.86	0	3.94	0	0.001231	0	8.0147	0	7.6844	0
9657SoOcn	 3	C	01/29/2016	01:34	307.11	-59.292		     7.63	0	  1.9296	0	33.8382	0	27.01	0	287.8	0	83.8	0	19.70	0	3.17	0	0.000539	0	8.0163	0	7.6858	0
9657SoOcn	 3	C	01/29/2016	01:34	307.11	-59.292																					
9657SoOcn	 4	C	02/08/2016	08:39	308.05	-59.845		  1799.43	0	  0.5526	0	34.6852	0	27.815	0	178.1	0	50.4	0	28.67	0	0.04	0	0.000111	0	7.8190	0	7.5449	0
9657SoOcn	 4	C	02/08/2016	08:39	308.05	-59.845		  1698.80	0	  0.6235	0	34.6897	0	27.813	0	176.2	0	49.9	0	28.67	0	0.04	0	0.000103	0	7.8212	0	7.5446	0
9657SoOcn	 4	C	02/08/2016	08:39	308.05	-59.845		  1599.27	0	  0.7320	0	34.6975	0	27.811	0	173.8	0	49.4	0	28.72	0	0.02	0	0.000106	0	7.8259	0	7.5472	0
9657SoOcn	 4	C	02/08/2016	08:39	308.05	-59.845		  1499.54	0	  0.8401	0	34.7046	0	27.808	0	171.3	0	48.8	0	28.66	0	0.04	0	0.000100	0	7.8296	0	7.5487	0
9657SoOcn	 4	C	02/08/2016	08:39	308.05	-59.845		  1398.97	0	  0.8911	0	34.7044	0	27.803	0	170.7	0	48.7	0	28.56	0	0.05	0	0.000105	0	7.8334	0	7.5496	0
9657SoOcn	 4	C	02/08/2016	08:39	308.05	-59.845		  1299.74	0	  0.9697	0	34.7065	0	27.799	0	168.9	0	48.3	0	28.56	0	0.04	0	0.000105	0	7.8378	0	7.5514	0
9657SoOcn	 4	C	02/08/2016	08:39	308.05	-59.845		  1197.75	0	  0.9935	0	34.6975	0	27.79	0	171.0	0	48.9	0	28.33	0	0.03	0	0.000106	0	7.8398	0	7.5503	0
9657SoOcn	 4	C	02/08/2016	08:39	308.05	-59.845		  1099.22	0	  1.1982	0	34.7133	0	27.786	0	165.7	0	47.6	0	28.15	0	0.04	0	0.000101	0	7.8416	0	7.5515	0
9657SoOcn	 4	C	02/08/2016	08:39	308.05	-59.845		   999.40	0	  1.3278	0	34.7202	0	27.78	0	162.5	0	46.9	0	28.15	0	0.04	0	0.000101	0	7.8435	0	7.5518	0
9657SoOcn	 4	C	02/08/2016	08:39	308.05	-59.845		   951.25	0	  1.3856	0	34.7227	0	27.777	0	160.8	0	46.5	0	28.28	0	0.05	0	0.000098	0	7.8393	0	7.5471	0
9657SoOcn	 4	C	02/08/2016	08:39	308.05	-59.845		   901.20	0	  1.4320	0	34.7225	0	27.773	0	160.4	0	46.4	0	28.17	0	0.03	0	0.000101	0	7.8390	0	7.5458	0
9657SoOcn	 4	C	02/08/2016	08:39	308.05	-59.845		   850.64	0	  1.4832	0	34.7226	0	27.769	0	158.9	0	46.0	0	28.09	0	0.03	0	0.000101	0	7.8384	0	7.5443	0
9657SoOcn	 4	C	02/08/2016	08:39	308.05	-59.845		   801.50	0	  1.5307	0	34.7223	0	27.765	0	158.5	0	46.0	0	28.16	0	0.04	0	0.000101	0	7.8372	0	7.5422	0
9657SoOcn	 4	C	02/08/2016	08:39	308.05	-59.845		   750.86	0	  1.5780	0	34.7196	0	27.758	0	158.1	0	45.9	0	28.03	0	0.05	0	0.000108	0	7.8360	0	7.5401	0
9657SoOcn	 4	C	02/08/2016	08:39	308.05	-59.845		   701.19	0	  1.6332	0	34.7156	0	27.75	0	157.2	0	45.7	0	28.29	0	0.04	0	0.000103	0	7.8339	0	7.5373	0
9657SoOcn	 4	C	02/08/2016	08:39	308.05	-59.845		   651.33	0	  1.6673	0	34.7121	0	27.745	0	156.3	0	45.5	0	28.06	0	0.05	0	0.000103	0	7.8317	0	7.5341	0
9657SoOcn	 4	C	02/08/2016	08:39	308.05	-59.845		   601.18	0	  1.7076	0	34.7093	0	27.739	0	155.6	0	45.3	0	28.27	0	0.04	0	0.000116	0	7.8301	0	7.5316	0
9657SoOcn	 4	C	02/08/2016	08:39	308.05	-59.845		   551.18	0	  1.7570	0	34.7028	0	27.729	0	154.3	0	45.0	0	28.51	0	0.04	0	0.000111	0	7.8257	0	7.5266	0
9657SoOcn	 4	C	02/08/2016	08:39	308.05	-59.845		   501.14	0	  1.7865	0	34.6916	0	27.717	0	153.9	0	44.9	0	28.50	0	0.04	0	0.000111	0	7.8223	0	7.5222	0
9657SoOcn	 4	C	02/08/2016	08:39	308.05	-59.845		   450.98	0	  1.7903	0	34.6770	0	27.705	0	153.4	0	44.8	0	28.75	0	0.05	0	0.000109	0	7.8190	0	7.5176	0
9657SoOcn	 4	C	02/08/2016	08:39	308.05	-59.845		   401.59	0	  1.8296	0	34.6687	0	27.695	0	151.9	0	44.4	0	29.05	0	0.21	0	0.001094	0	7.8163	0	7.5141	0
9657SoOcn	 4	C	02/08/2016	08:39	308.05	-59.845		   380.96	0	  1.8226	0	34.6638	0	27.692	0	151.8	0	44.3	0	29.15	0	0.04	0	0.000127	0	7.8143	0	7.5114	0
9657SoOcn	 4	C	02/08/2016	08:39	308.05	-59.845		   361.43	0	  1.7825	0	34.6456	0	27.68	0	152.7	0	44.5	0	29.31	0	0.04	0	0.000109	0	7.8111	0	7.5073	0
9657SoOcn	 4	C	02/08/2016	08:39	308.05	-59.845		   351.32	0	  1.7748	0	34.6415	0	27.678	0	152.8	0	44.6	0	29.43	0	0.05	0	0.000114	0	7.8115	0	7.5072	0
9657SoOcn	 4	C	02/08/2016	08:39	308.05	-59.845		   340.85	0	  1.7742	0	34.6380	0	27.675	0	152.9	0	44.6	0	29.37	0	0.04	0	0.000114	0	7.8106	0	7.5061	0
9657SoOcn	 4	C	02/08/2016	08:39	308.05	-59.845		   330.67	0	  1.7670	0	34.6307	0	27.67	0	153.0	0	44.6	0	29.47	0	0.05	0	0.000122	0	7.8102	0	7.5052	0
9657SoOcn	 4	C	02/08/2016	08:39	308.05	-59.845		   320.66	0	  1.7743	0	34.6273	0	27.666	0	152.9	0	44.6	0	29.45	0	0.04	0	0.000126	0	7.8093	0	7.5042	0
9657SoOcn	 4	C	02/08/2016	08:39	308.05	-59.845		   310.80	0	  1.7413	0	34.6166	0	27.66	0	153.4	0	44.7	0	29.76	0	0.03	0	0.000116	0	7.8081	0	7.5023	0
9657SoOcn	 4	C	02/08/2016	08:39	308.05	-59.845		   301.01	0	  1.7378	0	34.6143	0	27.659	0	153.6	0	44.7	0	29.91	0	0.04	0	0.000113	0	7.8083	0	7.5021	0
9657SoOcn	 4	C	02/08/2016	08:39	308.05	-59.845		   290.79	0	  1.7456	0	34.6134	0	27.657	0	153.6	0	44.7	0	29.73	0	0.03	0	0.000117	0	7.8080	0	7.5017	0
9657SoOcn	 4	C	02/08/2016	08:39	308.05	-59.845		   280.88	0	  1.7769	0	34.6098	0	27.652	0	152.8	0	44.6	0	29.79	0	0.04	0	0.000109	0	7.8067	0	7.5006	0
9657SoOcn	 4	C	02/08/2016	08:39	308.05	-59.845		   271.11	0	  1.7740	0	34.6063	0	27.649	0	152.6	0	44.5	0	30.07	0	0.04	0	0.000119	0	7.8058	0	7.4993	0
9657SoOcn	 4	C	02/08/2016	08:39	308.05	-59.845		   261.00	0	  1.7721	0	34.5969	0	27.642	0	152.8	0	44.6	0	29.99	0	0.04	0	0.000109	0	7.8028	0	7.4963	0
9657SoOcn	 4	C	02/08/2016	08:39	308.05	-59.845		   251.26	0	  1.8104	0	34.5919	0	27.634	0	151.6	0	44.3	0	30.25	0	0.06	0	0.000113	0	7.8002	0	7.4941	0
9657SoOcn	 4	C	02/08/2016	08:39	308.05	-59.845		   241.71	0	  1.8173	0	34.5837	0	27.627	0	150.4	0	43.9	0	30.40	0	0.04	0	0.000113	0	7.7960	0	7.4900	0
9657SoOcn	 4	C	02/08/2016	08:39	308.05	-59.845		   231.72	0	  1.7999	0	34.5671	0	27.615	0	149.4	0	43.6	0	30.39	0	0.04	0	0.000106	0	7.7957	0	7.4892	0
9657SoOcn	 4	C	02/08/2016	08:39	308.05	-59.845		   218.85	0	  1.7035	0	34.5493	0	27.609	0	151.3	0	44.0	0	30.44	0	0.09	0	0.000465	0	7.7969	0	7.4886	0
9657SoOcn	 4	C	02/08/2016	08:39	308.05	-59.845		   209.34	0	  1.6200	0	34.5332	0	27.603	0	153.6	0	44.6	0	30.50	0	0.04	0	0.000628	0	7.7990	0	7.4889	0
9657SoOcn	 4	C	02/08/2016	08:39	308.05	-59.845		   201.48	0	  1.5857	0	34.5241	0	27.599	0	155.1	0	45.0	0	30.48	0	0.06	0	0.000109	0	7.7999	0	7.4891	0
9657SoOcn	 4	C	02/08/2016	08:39	308.05	-59.845		   191.07	0	  1.5174	0	34.5093	0	27.593	0	157.0	0	45.4	0	30.36	0	0.04	0	0.000113	0	7.8028	0	7.4904	0
9657SoOcn	 4	C	02/08/2016	08:39	308.05	-59.845		   181.23	0	  1.3679	0	34.4757	0	27.578	0	162.1	0	46.7	0	30.43	0	0.06	0	0.000116	0	7.8094	0	7.4942	0
9657SoOcn	 4	C	02/08/2016	08:39	308.05	-59.845		   171.52	0	  1.2133	0	34.4513	0	27.572	0	168.4	0	48.4	0	30.48	0	0.04	0	0.000114	0	7.8128	0	7.4948	0
9657SoOcn	 4	C	02/08/2016	08:39	308.05	-59.845		   160.77	0	  1.1428	0	34.4357	0	27.565	0	172.4	0	49.4	0	30.38	0	0.07	0	0.000274	0	7.8161	0	7.4966	0
9657SoOcn	 4	C	02/08/2016	08:39	308.05	-59.845		   151.62	0	  0.8368	0	34.3855	0	27.549	0	179.8	0	51.1	0	30.09	0	0.05	0	0.000119	0	7.8272	0	7.5023	0
9657SoOcn	 4	C	02/08/2016	08:39	308.05	-59.845		   140.87	0	  0.6991	0	34.3633	0	27.542	0	188.4	0	53.3	0	29.76	0	0.04	0	0.000119	0	7.8380	0	7.5099	0
9657SoOcn	 4	C	02/08/2016	08:39	308.05	-59.845		   131.60	0	  0.4030	0	34.3150	0	27.526	0	199.5	0	56.0	0	29.91	0	0.06	0	0.000137	0	7.8456	0	7.5126	0
9657SoOcn	 4	C	02/08/2016	08:39	308.05	-59.845		   121.20	0	  0.1403	0	34.2571	0	27.499	0	209.7	0	58.5	0	29.42	0	0.04	0	0.000140	0	7.8584	0	7.5203	0
9657SoOcn	 4	C	02/08/2016	08:39	308.05	-59.845		   111.34	0	  0.0045	0	34.2219	0	27.481	0	219.6	0	61.0	0	29.06	0	0.07	0	0.000143	0	7.8684	0	7.5273	0
9657SoOcn	 4	C	02/08/2016	08:39	308.05	-59.845		   101.88	0	 -0.1160	0	34.1781	0	27.454	0	230.0	0	63.7	0	28.29	0	0.09	0	0.000129	0	7.8764	0	7.5328	0
9657SoOcn	 4	C	02/08/2016	08:39	308.05	-59.845		    96.65	0	 -0.1710	0	34.1583	0	27.442	0	232.4	0	64.2	0	27.95	0	0.10	0	0.000171	0	7.8813	0	7.5363	0
9657SoOcn	 4	C	02/08/2016	08:39	308.05	-59.845		    91.57	0	 -0.2243	0	34.1295	0	27.423	0	236.4	0	65.2	0	27.85	0	0.14	0	0.000142	0	7.8924	0	7.5456	0
9657SoOcn	 4	C	02/08/2016	08:39	308.05	-59.845		    86.57	0	 -0.3279	0	34.1076	0	27.413	0	242.7	0	66.8	0	27.19	0	0.13	0	0.000150	0	7.9010	0	7.5519	0
9657SoOcn	 4	C	02/08/2016	08:39	308.05	-59.845		    81.77	0	 -0.2161	0	34.0651	0	27.37	0	247.7	0	68.3	0	26.41	0	0.15	0	0.000323	0	7.9116	0	7.5630	0
9657SoOcn	 4	C	02/08/2016	08:39	308.05	-59.845		    76.80	0	 -0.0840	0	34.0483	0	27.347	0	256.6	0	71.0	0	25.78	0	0.33	0	0.000151	0	7.9222	0	7.5743	0
9657SoOcn	 4	C	02/08/2016	08:39	308.05	-59.845		    71.66	0	  0.1200	0	34.0316	0	27.319	0	260.4	0	72.4	0	24.84	0	0.52	0	0.000182	0	7.9414	0	7.5945	0
9657SoOcn	 4	C	02/08/2016	08:39	308.05	-59.845		    66.72	0	  0.5490	0	33.9920	0	27.254	0	265.5	0	74.7	0	23.76	0	1.28	0	0.000251	0	7.9591	0	7.6164	0
9657SoOcn	 4	C	02/08/2016	08:39	308.05	-59.845		    61.70	0	  0.6752	0	33.9856	0	27.238	0	272.3	0	76.8	0	23.54	0	1.72	0	0.000296	0	7.9635	0	7.6220	0
9657SoOcn	 4	C	02/08/2016	08:39	308.05	-59.845		    56.31	0	  0.8965	0	33.9822	0	27.218	0	274.9	0	78.0	0	22.73	0	1.95	0	0.000288	0	7.9749	0	7.6353	0
9657SoOcn	 4	C	02/08/2016	08:39	308.05	-59.845		    51.20	0	  0.9973	0	33.9494	0	27.183	0	278.5	0	79.2	0	22.27	0	2.42	0	0.000301	0	7.9765	0	7.6380	0
9657SoOcn	 4	C	02/08/2016	08:39	308.05	-59.845		    46.16	0	  1.0771	0	33.9394	0	27.168	0	280.7	0	80.0	0	22.30	0	2.31	0	0.000290	0	7.9769	0	7.6393	0
9657SoOcn	 4	C	02/08/2016	08:39	308.05	-59.845		    41.27	0	  1.1202	0	33.9321	0	27.158	0	281.9	0	80.5	0	22.19	0	2.23	0	0.000325	0	7.9782	0	7.6408	0
9657SoOcn	 4	C	02/08/2016	08:39	308.05	-59.845		    36.04	0	  1.1510	0	33.9235	0	27.149	0	283.0	0	80.8	0	22.15	0	1.88	0	0.000296	0	7.9786	0	7.6415	0
9657SoOcn	 4	C	02/08/2016	08:39	308.05	-59.845		    31.19	0	  1.1514	0	33.9235	0	27.149	0	283.7	0	81.0	0	22.15	0	1.85	0	0.000275	0	7.9795	0	7.6422	0
9657SoOcn	 4	C	02/08/2016	08:39	308.05	-59.845		    26.58	0	  1.1598	0	33.9221	0	27.147	0	283.9	0	81.1	0	22.19	0	1.88	0	0.000277	0	7.9794	0	7.6421	0
9657SoOcn	 4	C	02/08/2016	08:39	308.05	-59.845		    21.44	0	  1.1783	0	33.9170	0	27.141	0	284.1	0	81.2	0	22.10	0	1.69	0	0.000277	0	7.9817	0	7.6442	0
9657SoOcn	 4	C	02/08/2016	08:39	308.05	-59.845		    16.59	0	  1.2086	0	33.9088	0	27.132	0	284.4	0	81.3	0	21.80	0	1.78	0	0.000269	0	7.9847	0	7.6473	0
9657SoOcn	 4	C	02/08/2016	08:39	308.05	-59.845		    11.78	0	  1.3738	0	33.8794	0	27.094	0	283.5	0	81.4	0	21.72	0	1.34	0	0.000301	0	7.9869	0	7.6514	0
9657SoOcn	 4	C	02/08/2016	08:39	308.05	-59.845		     7.45	0	  1.3954	0	33.8777	0	27.09	0	284.1	0	81.6	0	21.75	0	0.88	0	0.000224	0	7.9886	0	7.6531	0
9657SoOcn	 4	C	02/08/2016	08:39	308.05	-59.845																					
9657SoOcn	 5	C	02/18/2016	16:25	308.962	-59.651		  1798.75	0	  0.4370	0	34.6759	0	27.816	0	181.9	0	51.3	0	28.75	0	0.04	0	0.000108	0	7.8184	0	7.5428	0
9657SoOcn	 5	C	02/18/2016	16:25	308.962	-59.651		  1698.05	0	  0.4409	0	34.6696	0	27.81	0	183.6	0	51.8	0	28.56	0	0.04	0	0.000106	0	7.8222	0	7.5430	0
9657SoOcn	 5	C	02/18/2016	16:25	308.962	-59.651		  1599.19	0	  0.4161	0	34.6603	0	27.805	0	186.0	0	52.4	0	28.52	0	0.04	0	0.000113	0	7.8286	0	7.5454	0
9657SoOcn	 5	C	02/18/2016	16:25	308.962	-59.651		  1499.46	0	  0.5234	0	34.6675	0	27.802	0	183.7	0	51.9	0	28.50	0	0.05	0	0.000111	0	7.8320	0	7.5466	0
9657SoOcn	 5	C	02/18/2016	16:25	308.962	-59.651		  1398.99	0	  0.7265	0	34.6830	0	27.799	0	177.7	0	50.5	0	28.47	0	0.04	0	0.000109	0	7.8343	0	7.5482	0
9657SoOcn	 5	C	02/18/2016	16:25	308.962	-59.651		  1298.81	0	  0.9755	0	34.7055	0	27.798	0	169.8	0	48.5	0	28.41	0	0.04	0	0.000108	0	7.8342	0	7.5483	0
9657SoOcn	 5	C	02/18/2016	16:25	308.962	-59.651		  1199.37	0	  1.0567	0	34.7080	0	27.793	0	168.9	0	48.4	0	28.25	0	0.03	0	0.000105	0	7.8394	0	7.5509	0
9657SoOcn	 5	C	02/18/2016	16:25	308.962	-59.651		  1099.44	0	  1.2005	0	34.7144	0	27.786	0	165.9	0	47.7	0	28.13	0	0.05	0	0.000101	0	7.8404	0	7.5505	0
9657SoOcn	 5	C	02/18/2016	16:25	308.962	-59.651		   999.27	0	  1.3505	0	34.7201	0	27.778	0	162.0	0	46.8	0	28.16	0	0.04	0	0.000103	0	7.8416	0	7.5503	0
9657SoOcn	 5	C	02/18/2016	16:25	308.962	-59.651		   950.92	0	  1.4025	0	34.7217	0	27.775	0	161.0	0	46.5	0	28.04	0	0.04	0	0.000101	0	7.8400	0	7.5479	0
9657SoOcn	 5	C	02/18/2016	16:25	308.962	-59.651		   900.74	0	  1.4202	0	34.7195	0	27.772	0	161.0	0	46.5	0	27.99	0	0.04	0	0.000105	0	7.8391	0	7.5457	0
9657SoOcn	 5	C	02/18/2016	16:25	308.962	-59.651		   851.31	0	  1.4608	0	34.7172	0	27.767	0	160.8	0	46.5	0	17.09	0	0.04	0	0.000106	0	7.8379	0	7.5436	0
9657SoOcn	 5	C	02/18/2016	16:25	308.962	-59.651		   801.27	0	  1.5427	0	34.7204	0	27.762	0	158.6	0	46.0	0	28.12	0	0.06	0	0.000101	0	7.8380	0	7.5431	0
9657SoOcn	 5	C	02/18/2016	16:25	308.962	-59.651		   750.72	0	  1.5967	0	34.7212	0	27.758	0	157.3	0	45.7	0	28.12	0	0.03	0	0.000101	0	7.8383	0	7.5424	0
9657SoOcn	 5	C	02/18/2016	16:25	308.962	-59.651		   701.03	0	  1.6629	0	34.7198	0	27.751	0	156.3	0	45.5	0	28.15	0	0.04	0	0.000105	0	7.8370	0	7.5406	0
9657SoOcn	 5	C	02/18/2016	16:25	308.962	-59.651		   651.53	0	  1.7238	0	34.7176	0	27.744	0	155.2	0	45.2	0	28.10	0	0.04	0	0.000100	0	7.8353	0	7.5382	0
9657SoOcn	 5	C	02/18/2016	16:25	308.962	-59.651		   601.71	0	  1.7687	0	34.7141	0	27.737	0	154.2	0	45.0	0	28.17	0	0.04	0	0.000103	0	7.8340	0	7.5360	0
9657SoOcn	 5	C	02/18/2016	16:25	308.962	-59.651		   550.92	0	  1.7990	0	34.7060	0	27.728	0	154.0	0	45.0	0	28.33	0	0.04	0	0.000108	0	7.8305	0	7.5315	0
9657SoOcn	 5	C	02/18/2016	16:25	308.962	-59.651		   501.72	0	  1.8824	0	34.7005	0	27.716	0	151.4	0	44.3	0	28.62	0	0.04	0	0.000106	0	7.8258	0	7.5268	0
9657SoOcn	 5	C	02/18/2016	16:25	308.962	-59.651		   451.22	0	  1.9589	0	34.6884	0	27.699	0	149.3	0	43.8	0	28.90	0	0.04	0	0.000105	0	7.8198	0	7.5207	0
9657SoOcn	 5	C	02/18/2016	16:25	308.962	-59.651		   401.48	0	  1.9924	0	34.6742	0	27.685	0	147.9	0	43.4	0	29.04	0	0.04	0	0.000106	0	7.8136	0	7.5138	0
9657SoOcn	 5	C	02/18/2016	16:25	308.962	-59.651		   381.55	0	  2.0125	0	34.6674	0	27.677	0	147.3	0	43.2	0	29.25	0	0.05	0	0.000106	0	7.8145	0	7.5142	0
9657SoOcn	 5	C	02/18/2016	16:25	308.962	-59.651		   361.29	0	  2.0224	0	34.6645	0	27.674	0	146.9	0	43.1	0	29.23	0	0.04	0	0.000109	0	7.8133	0	7.5126	0
9657SoOcn	 5	C	02/18/2016	16:25	308.962	-59.651		   351.09	0	  2.0331	0	34.6620	0	27.671	0	146.7	0	43.1	0	29.36	0	0.04	0	0.000117	0	7.8125	0	7.5117	0
9657SoOcn	 5	C	02/18/2016	16:25	308.962	-59.651		   341.17	0	  2.0328	0	34.6592	0	27.669	0	146.6	0	43.0	0	29.31	0	0.04	0	0.000108	0	7.8104	0	7.5094	0
9657SoOcn	 5	C	02/18/2016	16:25	308.962	-59.651		   331.31	0	  2.0412	0	34.6543	0	27.664	0	146.4	0	43.0	0	29.39	0	0.04	0	0.000206	0	7.8113	0	7.5100	0
9657SoOcn	 5	C	02/18/2016	16:25	308.962	-59.651		   321.38	0	  2.0564	0	34.6519	0	27.661	0	146.1	0	42.9	0	29.59	0	0.04	0	0.000103	0	7.8102	0	7.5089	0
9657SoOcn	 5	C	02/18/2016	16:25	308.962	-59.651		   311.47	0	  2.0648	0	34.6493	0	27.658	0	145.8	0	42.8	0	29.61	0	0.04	0	0.000105	0	7.8099	0	7.5085	0
9657SoOcn	 5	C	02/18/2016	16:25	308.962	-59.651		   301.37	0	  2.0629	0	34.6429	0	27.653	0	145.6	0	42.8	0	29.74	0	0.04	0	0.000108	0	7.8094	0	7.5076	0
9657SoOcn	 5	C	02/18/2016	16:25	308.962	-59.651		   291.17	0	  2.0471	0	34.6364	0	27.649	0	145.6	0	42.8	0	29.64	0	0.05	0	0.000113	0	7.8048	0	7.5029	0
9657SoOcn	 5	C	02/18/2016	16:25	308.962	-59.651		   281.44	0	  1.9747	0	34.6233	0	27.645	0	146.9	0	43.1	0	29.75	0	0.05	0	0.000114	0	7.8058	0	7.5024	0
9657SoOcn	 5	C	02/18/2016	16:25	308.962	-59.651		   271.01	0	  1.9828	0	34.6220	0	27.643	0	147.0	0	43.1	0	29.88	0	0.06	0	0.000111	0	7.8067	0	7.5031	0
9657SoOcn	 5	C	02/18/2016	16:25	308.962	-59.651		   260.76	0	  2.0114	0	34.6202	0	27.639	0	146.8	0	43.1	0	29.91	0	0.05	0	0.000119	0	7.8052	0	7.5018	0
9657SoOcn	 5	C	02/18/2016	16:25	308.962	-59.651		   251.68	0	  1.9661	0	34.6105	0	27.635	0	146.8	0	43.0	0	30.19	0	0.04	0	0.000113	0	7.8043	0	7.5000	0
9657SoOcn	 5	C	02/18/2016	16:25	308.962	-59.651		   241.38	0	  1.8811	0	34.5929	0	27.629	0	148.6	0	43.4	0	30.23	0	0.05	0	0.000111	0	7.8034	0	7.4977	0
9657SoOcn	 5	C	02/18/2016	16:25	308.962	-59.651		   231.70	0	  1.8644	0	34.5786	0	27.618	0	150.7	0	44.0	0	30.34	0	0.05	0	0.000116	0	7.8031	0	7.4968	0
9657SoOcn	 5	C	02/18/2016	16:25	308.962	-59.651		   221.35	0	  1.7444	0	34.5571	0	27.612	0	153.1	0	44.6	0	30.38	0	0.04	0	0.000119	0	7.8032	0	7.4949	0
9657SoOcn	 5	C	02/18/2016	16:25	308.962	-59.651		   210.42	0	  1.7253	0	34.5437	0	27.603	0	154.5	0	45.0	0	30.32	0	0.05	0	0.000117	0	7.8041	0	7.4951	0
9657SoOcn	 5	C	02/18/2016	16:25	308.962	-59.651		   201.64	0	  1.5595	0	34.5161	0	27.595	0	158.3	0	45.9	0	30.51	0	0.04	0	0.000119	0	7.8066	0	7.4949	0
9657SoOcn	 5	C	02/18/2016	16:25	308.962	-59.651		   191.23	0	  1.3603	0	34.4786	0	27.581	0	164.0	0	47.3	0	30.49	0	0.05	0	0.000114	0	7.8115	0	7.4963	0
9657SoOcn	 5	C	02/18/2016	16:25	308.962	-59.651		   180.80	0	  1.2874	0	34.4530	0	27.567	0	169.1	0	48.6	0	30.38	0	0.05	0	0.000163	0	7.8155	0	7.4987	0
9657SoOcn	 5	C	02/18/2016	16:25	308.962	-59.651		   171.57	0	  1.2061	0	34.4409	0	27.564	0	171.9	0	49.3	0	30.32	0	0.04	0	0.000124	0	7.8164	0	7.4981	0
9657SoOcn	 5	C	02/18/2016	16:25	308.962	-59.651		   161.09	0	  1.1746	0	34.4113	0	27.542	0	173.8	0	49.8	0	30.54	0	0.04	0	0.000122	0	7.8163	0	7.4971	0
9657SoOcn	 5	C	02/18/2016	16:25	308.962	-59.651		   151.42	0	  0.9569	0	34.3784	0	27.534	0	177.7	0	50.7	0	30.42	0	0.06	0	0.000126	0	7.8292	0	7.5057	0
9657SoOcn	 5	C	02/18/2016	16:25	308.962	-59.651		   141.14	0	  0.4861	0	34.3039	0	27.511	0	191.9	0	54.0	0	29.55	0	0.07	0	0.000124	0	7.8478	0	7.5160	0
9657SoOcn	 5	C	02/18/2016	16:25	308.962	-59.651		   130.88	0	  0.3059	0	34.2658	0	27.494	0	204.7	0	57.3	0	29.60	0	0.07	0	0.000124	0	7.8529	0	7.5179	0
9657SoOcn	 5	C	02/18/2016	16:25	308.962	-59.651		   121.51	0	  0.2738	0	34.2418	0	27.477	0	210.3	0	58.9	0	29.56	0	0.07	0	0.000130	0	7.8547	0	7.5187	0
9657SoOcn	 5	C	02/18/2016	16:25	308.962	-59.651		   111.20	0	  0.3456	0	34.2318	0	27.463	0	212.4	0	59.5	0	29.31	0	0.08	0	0.000142	0	7.8597	0	7.5240	0
9657SoOcn	 5	C	02/18/2016	16:25	308.962	-59.651		   101.64	0	  0.0511	0	34.1535	0	27.422	0	225.0	0	62.5	0	27.90	0	0.11	0	0.000179	0	7.8799	0	7.5382	0
9657SoOcn	 5	C	02/18/2016	16:25	308.962	-59.651		    96.81	0	 -0.0100	0	34.1367	0	27.413	0	232.7	0	64.6	0	27.88	0	0.11	0	0.000146	0	7.8858	0	7.5426	0
9657SoOcn	 5	C	02/18/2016	16:25	308.962	-59.651		    91.72	0	 -0.0658	0	34.1141	0	27.399	0	238.1	0	66.0	0	27.48	0	0.12	0	0.000166	0	7.8927	0	7.5480	0
9657SoOcn	 5	C	02/18/2016	16:25	308.962	-59.651		    86.77	0	 -0.1154	0	34.0963	0	27.388	0	242.9	0	67.2	0	27.24	0	0.16	0	0.000174	0	7.9024	0	7.5561	0
9657SoOcn	 5	C	02/18/2016	16:25	308.962	-59.651		    81.69	0	 -0.0581	0	34.0873	0	27.377	0	248.7	0	68.9	0	26.14	0	0.15	0	0.000172	0	7.9143	0	7.5676	0
9657SoOcn	 5	C	02/18/2016	16:25	308.962	-59.651		    76.87	0	  0.0286	0	34.0617	0	27.35	0	255.2	0	70.9	0	25.83	0	0.24	0	0.000179	0	7.9259	0	7.5792	0
9657SoOcn	 5	C	02/18/2016	16:25	308.962	-59.651		    71.37	0	  0.4239	0	34.0206	0	27.287	0	259.1	0	72.7	0	24.51	0	0.43	0	0.000206	0	7.9445	0	7.6015	0
9657SoOcn	 5	C	02/18/2016	16:25	308.962	-59.651		    66.78	0	  0.6085	0	34.0006	0	27.256	0	264.6	0	74.6	0	24.02	0	0.56	0	0.000270	0	7.9486	0	7.6076	0
9657SoOcn	 5	C	02/18/2016	16:25	308.962	-59.651		    61.41	0	  0.7776	0	33.9857	0	27.23	0	267.3	0	75.7	0	23.52	0	0.77	0	0.000220	0	7.9558	0	7.6164	0
9657SoOcn	 5	C	02/18/2016	16:25	308.962	-59.651		    56.50	0	  0.8604	0	33.9808	0	27.219	0	270.5	0	76.7	0	23.27	0	0.83	0	0.000241	0	7.9604	0	7.6215	0
9657SoOcn	 5	C	02/18/2016	16:25	308.962	-59.651		    51.30	0	  0.9953	0	33.9633	0	27.194	0	272.1	0	77.4	0	22.78	0	1.01	0	0.000285	0	7.9681	0	7.6303	0
9657SoOcn	 5	C	02/18/2016	16:25	308.962	-59.651		    46.75	0	  1.0414	0	33.9628	0	27.19	0	275.2	0	78.4	0	22.68	0	1.05	0	0.000265	0	7.9702	0	7.6326	0
9657SoOcn	 5	C	02/18/2016	16:25	308.962	-59.651		    41.42	0	  1.1329	0	33.9556	0	27.176	0	276.8	0	79.1	0	22.55	0	1.15	0	0.000267	0	7.9755	0	7.6386	0
9657SoOcn	 5	C	02/18/2016	16:25	308.962	-59.651		    36.52	0	  1.1376	0	33.9565	0	27.177	0	278.9	0	79.6	0	22.75	0	1.17	0	0.000277	0	7.9756	0	7.6386	0
9657SoOcn	 5	C	02/18/2016	16:25	308.962	-59.651		    31.23	0	  1.1391	0	33.9565	0	27.176	0	279.8	0	79.9	0	22.66	0	0.99	0	0.000264	0	7.9787	0	7.6413	0
9657SoOcn	 5	C	02/18/2016	16:25	308.962	-59.651		    26.46	0	  1.1663	0	33.9536	0	27.172	0	279.9	0	80.0	0	22.59	0	0.80	0	0.000299	0	7.9789	0	7.6417	0
9657SoOcn	 5	C	02/18/2016	16:25	308.962	-59.651		    21.40	0	  1.1735	0	33.9520	0	27.17	0	280.4	0	80.1	0	22.59	0	0.58	0	0.000304	0	7.9804	0	7.6429	0
9657SoOcn	 5	C	02/18/2016	16:25	308.962	-59.651		    16.16	0	  1.1737	0	33.9533	0	27.171	0	280.7	0	80.2	0	22.58	0	0.42	0	0.000283	0	7.9820	0	7.6443	0
9657SoOcn	 5	C	02/18/2016	16:25	308.962	-59.651		    11.56	0	  1.1667	0	33.9536	0	27.172	0	280.9	0	80.3	0	22.56	0	0.34	0	0.000282	0	7.9847	0	7.6465	0
9657SoOcn	 5	C	02/18/2016	16:25	308.962	-59.651		     7.32	0	  1.1652	0	33.9539	0	27.172	0	281.1	0	80.3	0	22.63	0	0.31	0	0.000286	0	7.9858	0	7.6474	0
9657SoOcn	 5	C	02/18/2016	16:25	308.962	-59.651																					
9657SoOcn	 6	C	02/28/2016	23:40	309.063	-59.143		  1798.84	0	  0.6475	0	34.6920	0	27.813	0	176.1	0	49.9	0	28.40	0	0.04	0	0.000103	0	7.8160	0	7.5435	0
9657SoOcn	 6	C	02/28/2016	23:40	309.063	-59.143		  1698.83	0	  0.7393	0	34.6989	0	27.811	0	173.7	0	49.4	0	28.45	0	0.04	0	0.000098	0	7.8204	0	7.5455	0
9657SoOcn	 6	C	02/28/2016	23:40	309.063	-59.143		  1598.75	0	  0.7714	0	34.6994	0	27.809	0	173.3	0	49.3	0	28.47	0	0.04	0	0.000100	0	7.8259	0	7.5476	0
9657SoOcn	 6	C	02/28/2016	23:40	309.063	-59.143		  1499.93	0	  0.9038	0	34.7057	0	27.803	0	170.9	0	48.8	0	28.27	0	0.03	0	0.000101	0	7.8271	0	7.5474	0
9657SoOcn	 6	C	02/28/2016	23:40	309.063	-59.143		  1399.37	0	  0.8952	0	34.6995	0	27.799	0	172.4	0	49.2	0	28.31	0	0.03	0	0.000105	0	7.8329	0	7.5492	0
9657SoOcn	 6	C	02/28/2016	23:40	309.063	-59.143		  1299.67	0	  0.9982	0	34.7070	0	27.797	0	169.9	0	48.6	0	28.13	0	0.04	0	0.000103	0	7.8371	0	7.5512	0
9657SoOcn	 6	C	02/28/2016	23:40	309.063	-59.143		  1198.99	0	  1.1042	0	34.7122	0	27.792	0	167.6	0	48.1	0	28.01	0	0.03	0	0.000100	0	7.8388	0	7.5509	0
9657SoOcn	 6	C	02/28/2016	23:40	309.063	-59.143		  1099.53	0	  1.2162	0	34.7167	0	27.787	0	165.1	0	47.5	0	28.13	0	0.04	0	0.000105	0	7.8419	0	7.5520	0
9657SoOcn	 6	C	02/28/2016	23:40	309.063	-59.143		   998.75	0	  1.3297	0	34.7183	0	27.779	0	163.1	0	47.1	0	27.95	0	0.04	0	0.000108	0	7.8422	0	7.5505	0
9657SoOcn	 6	C	02/28/2016	23:40	309.063	-59.143		   951.68	0	  1.3751	0	34.7196	0	27.776	0	161.9	0	46.8	0	28.01	0	0.04	0	0.000106	0	7.8419	0	7.5494	0
9657SoOcn	 6	C	02/28/2016	23:40	309.063	-59.143		   901.21	0	  1.4510	0	34.7216	0	27.771	0	160.4	0	46.4	0	27.94	0	0.04	0	0.000098	0	7.8408	0	7.5477	0
9657SoOcn	 6	C	02/28/2016	23:40	309.063	-59.143		   850.99	0	  1.5042	0	34.7217	0	27.767	0	159.3	0	46.2	0	27.93	0	0.05	0	0.000105	0	7.8405	0	7.5465	0
9657SoOcn	 6	C	02/28/2016	23:40	309.063	-59.143		   801.01	0	  1.5436	0	34.7190	0	27.761	0	159.1	0	46.2	0	27.84	0	0.04	0	0.000101	0	7.8400	0	7.5449	0
9657SoOcn	 6	C	02/28/2016	23:40	309.063	-59.143		   751.60	0	  1.5849	0	34.7172	0	27.756	0	158.5	0	46.0	0	28.07	0	0.04	0	0.000106	0	7.8393	0	7.5432	0
9657SoOcn	 6	C	02/28/2016	23:40	309.063	-59.143		   700.49	0	  1.6887	0	34.7193	0	27.749	0	157.0	0	45.7	0	27.81	0	0.05	0	0.000101	0	7.8371	0	7.5409	0
9657SoOcn	 6	C	02/28/2016	23:40	309.063	-59.143		   651.19	0	  1.6684	0	34.7071	0	27.74	0	158.0	0	46.0	0	27.96	0	0.04	0	0.000108	0	7.8344	0	7.5366	0
9657SoOcn	 6	C	02/28/2016	23:40	309.063	-59.143		   601.05	0	  1.7630	0	34.7102	0	27.735	0	154.9	0	45.2	0	27.98	0	0.04	0	0.000103	0	7.8329	0	7.5349	0
9657SoOcn	 6	C	02/28/2016	23:40	309.063	-59.143		   551.15	0	  1.7522	0	34.6998	0	27.727	0	154.8	0	45.1	0	28.09	0	0.04	0	0.000109	0	7.8305	0	7.5309	0
9657SoOcn	 6	C	02/28/2016	23:40	309.063	-59.143		   501.08	0	  1.8050	0	34.6966	0	27.72	0	153.5	0	44.8	0	28.35	0	0.04	0	0.000106	0	7.8272	0	7.5270	0
9657SoOcn	 6	C	02/28/2016	23:40	309.063	-59.143		   451.02	0	  1.8772	0	34.6909	0	27.709	0	151.4	0	44.3	0	28.54	0	0.04	0	0.000108	0	7.8242	0	7.5235	0
9657SoOcn	 6	C	02/28/2016	23:40	309.063	-59.143		   401.70	0	  1.8966	0	34.6775	0	27.696	0	150.0	0	43.9	0	28.68	0	0.04	0	0.000109	0	7.8212	0	7.5194	0
9657SoOcn	 6	C	02/28/2016	23:40	309.063	-59.143		   381.09	0	  1.9094	0	34.6734	0	27.692	0	149.6	0	43.8	0	28.80	0	0.05	0	0.000108	0	7.8200	0	7.5178	0
9657SoOcn	 6	C	02/28/2016	23:40	309.063	-59.143		   361.32	0	  1.9123	0	34.6724	0	27.69	0	149.4	0	43.7	0	28.95	0	0.04	0	0.000111	0	7.8213	0	7.5184	0
9657SoOcn	 6	C	02/28/2016	23:40	309.063	-59.143		   351.69	0	  1.9211	0	34.6700	0	27.688	0	149.2	0	43.7	0	29.00	0	0.03	0	0.000111	0	7.8204	0	7.5174	0
9657SoOcn	 6	C	02/28/2016	23:40	309.063	-59.143		   341.76	0	  1.9254	0	34.6683	0	27.686	0	148.9	0	43.6	0	29.07	0	0.04	0	0.000148	0	7.8203	0	7.5171	0
9657SoOcn	 6	C	02/28/2016	23:40	309.063	-59.143		   329.59	0	  1.9195	0	34.6602	0	27.68	0	149.0	0	43.6	0	29.19	0	0.04	0	0.000108	0	7.8193	0	7.5156	0
9657SoOcn	 6	C	02/28/2016	23:40	309.063	-59.143		   320.30	0	  1.9237	0	34.6573	0	27.677	0	148.9	0	43.6	0	29.27	0	0.04	0	0.000116	0	7.8151	0	7.5116	0
9657SoOcn	 6	C	02/28/2016	23:40	309.063	-59.143		   311.70	0	  1.9322	0	34.6550	0	27.675	0	148.5	0	43.5	0	29.28	0	0.05	0	0.000109	0	7.8168	0	7.5130	0
9657SoOcn	 6	C	02/28/2016	23:40	309.063	-59.143		   300.85	0	  1.9360	0	34.6517	0	27.671	0	148.4	0	43.5	0	29.34	0	0.04	0	0.000150	0	7.8146	0	7.5106	0
9657SoOcn	 6	C	02/28/2016	23:40	309.063	-59.143		   290.86	0	  1.9450	0	34.6454	0	27.666	0	148.1	0	43.4	0	29.31	0	0.05	0	0.000109	0	7.8143	0	7.5102	0
9657SoOcn	 6	C	02/28/2016	23:40	309.063	-59.143		   281.55	0	  1.8765	0	34.6321	0	27.661	0	149.3	0	43.7	0	29.63	0	0.06	0	0.000113	0	7.8121	0	7.5068	0
9657SoOcn	 6	C	02/28/2016	23:40	309.063	-59.143		   271.26	0	  1.8074	0	34.6121	0	27.651	0	151.2	0	44.1	0	29.69	0	0.04	0	0.000137	0	7.8103	0	7.5040	0
9657SoOcn	 6	C	02/28/2016	23:40	309.063	-59.143		   261.34	0	  1.7830	0	34.5895	0	27.635	0	152.2	0	44.4	0	29.96	0	0.04	0	0.000130	0	7.8069	0	7.5001	0
9657SoOcn	 6	C	02/28/2016	23:40	309.063	-59.143		   250.40	0	  1.7385	0	34.5716	0	27.624	0	153.8	0	44.8	0	30.00	0	0.04	0	0.000121	0	7.8080	0	7.5003	0
9657SoOcn	 6	C	02/28/2016	23:40	309.063	-59.143		   241.58	0	  1.6939	0	34.5546	0	27.614	0	155.2	0	45.2	0	30.05	0	0.04	0	0.000137	0	7.8080	0	7.4993	0
9657SoOcn	 6	C	02/28/2016	23:40	309.063	-59.143		   231.47	0	  1.6191	0	34.5324	0	27.603	0	158.1	0	45.9	0	30.25	0	0.04	0	0.000114	0	7.8082	0	7.4981	0
9657SoOcn	 6	C	02/28/2016	23:40	309.063	-59.143		   221.22	0	  1.5639	0	34.5155	0	27.594	0	160.3	0	46.5	0	30.33	0	0.04	0	0.000119	0	7.8095	0	7.4982	0
9657SoOcn	 6	C	02/28/2016	23:40	309.063	-59.143		   210.62	0	  1.4523	0	34.4869	0	27.58	0	163.8	0	47.3	0	30.31	0	0.04	0	0.000137	0	7.8118	0	7.4985	0
9657SoOcn	 6	C	02/28/2016	23:40	309.063	-59.143		   200.67	0	  1.4004	0	34.4744	0	27.575	0	166.2	0	47.9	0	30.26	0	0.04	0	0.000122	0	7.8145	0	7.4999	0
9657SoOcn	 6	C	02/28/2016	23:40	309.063	-59.143		   191.10	0	  1.3608	0	34.4645	0	27.57	0	168.4	0	48.5	0	30.22	0	0.06	0	0.000119	0	7.8158	0	7.5002	0
9657SoOcn	 6	C	02/28/2016	23:40	309.063	-59.143		   181.23	0	  1.3428	0	34.4595	0	27.567	0	169.5	0	48.8	0	30.28	0	0.04	0	0.000122	0	7.8186	0	7.5022	0
9657SoOcn	 6	C	02/28/2016	23:40	309.063	-59.143		   171.11	0	  1.2509	0	34.4322	0	27.553	0	172.6	0	49.6	0	30.14	0	0.06	0	0.000117	0	7.8210	0	7.5028	0
9657SoOcn	 6	C	02/28/2016	23:40	309.063	-59.143		   160.55	0	  1.2097	0	34.4062	0	27.535	0	176.2	0	50.6	0	30.18	0	0.07	0	0.000135	0	7.8249	0	7.5055	0
9657SoOcn	 6	C	02/28/2016	23:40	309.063	-59.143		   151.46	0	  1.1953	0	34.4007	0	27.532	0	178.3	0	51.1	0	30.14	0	0.06	0	0.000126	0	7.8243	0	7.5044	0
9657SoOcn	 6	C	02/28/2016	23:40	309.063	-59.143		   141.02	0	  1.1903	0	34.3997	0	27.532	0	179.3	0	51.4	0	30.15	0	0.07	0	0.000145	0	7.8256	0	7.5052	0
9657SoOcn	 6	C	02/28/2016	23:40	309.063	-59.143		   130.34	0	  1.1808	0	34.3974	0	27.531	0	179.7	0	51.5	0	30.07	0	0.07	0	0.000127	0	7.8266	0	7.5057	0
9657SoOcn	 6	C	02/28/2016	23:40	309.063	-59.143		   120.62	0	  1.1039	0	34.3811	0	27.524	0	181.6	0	52.0	0	30.11	0	0.07	0	0.000124	0	7.8279	0	7.5055	0
9657SoOcn	 6	C	02/28/2016	23:40	309.063	-59.143		   110.69	0	  1.0682	0	34.3732	0	27.52	0	183.1	0	52.3	0	29.87	0	0.07	0	0.000122	0	7.8330	0	7.5094	0
9657SoOcn	 6	C	02/28/2016	23:40	309.063	-59.143		   101.42	0	  0.8540	0	34.3307	0	27.504	0	188.4	0	53.6	0	29.97	0	0.07	0	0.000130	0	7.8379	0	7.5107	0
9657SoOcn	 6	C	02/28/2016	23:40	309.063	-59.143		    92.70	0	  0.7588	0	34.2989	0	27.485	0	194.1	0	55.0	0	29.64	0	0.08	0	0.000143	0	7.8442	0	7.5148	0
9657SoOcn	 6	C	02/28/2016	23:40	309.063	-59.143		    84.23	0	  0.6309	0	34.2618	0	27.466	0	200.9	0	56.7	0	28.97	0	0.11	0	0.000153	0	7.8560	0	7.5236	0
9657SoOcn	 6	C	02/28/2016	23:40	309.063	-59.143		    75.80	0	  0.5961	0	34.2455	0	27.455	0	208.6	0	58.9	0	28.93	0	0.12	0	0.000163	0	7.8630	0	7.5293	0
9657SoOcn	 6	C	02/28/2016	23:40	309.063	-59.143		    68.03	0	  0.5657	0	34.2230	0	27.439	0	213.5	0	60.2	0	28.35	0	0.15	0	0.000158	0	7.8744	0	7.5391	0
9657SoOcn	 6	C	02/28/2016	23:40	309.063	-59.143		    60.72	0	  0.5367	0	34.1983	0	27.422	0	220.5	0	62.1	0	27.95	0	0.20	0	0.000156	0	7.8821	0	7.5455	0
9657SoOcn	 6	C	02/28/2016	23:40	309.063	-59.143		    53.70	0	  0.5168	0	34.1845	0	27.412	0	225.4	0	63.4	0	27.40	0	0.21	0	0.000167	0	7.8913	0	7.5534	0
9657SoOcn	 6	C	02/28/2016	23:40	309.063	-59.143		    47.54	0	  0.5023	0	34.1554	0	27.39	0	230.9	0	65.0	0	27.08	0	0.26	0	0.000193	0	7.8966	0	7.5578	0
9657SoOcn	 6	C	02/28/2016	23:40	309.063	-59.143		    41.63	0	  0.5117	0	34.1526	0	27.387	0	235.1	0	66.1	0	27.03	0	0.27	0	0.000180	0	7.8990	0	7.5600	0
9657SoOcn	 6	C	02/28/2016	23:40	309.063	-59.143		    36.27	0	  0.5175	0	34.1342	0	27.371	0	237.8	0	66.9	0	26.45	0	0.27	0	0.000180	0	7.9227	0	7.5816	0
9657SoOcn	 6	C	02/28/2016	23:40	309.063	-59.143		    31.50	0	  0.7483	0	34.1184	0	27.34	0	244.3	0	69.2	0	25.40	0	0.47	0	0.000208	0	7.9351	0	7.5959	0
9657SoOcn	 6	C	02/28/2016	23:40	309.063	-59.143		    27.16	0	  0.8390	0	34.1162	0	27.331	0	253.4	0	71.9	0	25.18	0	0.54	0	0.000269	0	7.9386	0	7.6003	0
9657SoOcn	 6	C	02/28/2016	23:40	309.063	-59.143		    22.83	0	  0.8560	0	34.1150	0	27.329	0	257.9	0	73.2	0	25.04	0	0.61	0	0.000243	0	7.9429	0	7.6043	0
9657SoOcn	 6	C	02/28/2016	23:40	309.063	-59.143		    18.80	0	  0.9986	0	34.0864	0	27.294	0	262.0	0	74.6	0	24.04	0	0.87	0	0.000240	0	7.9660	0	7.6273	0
9657SoOcn	 6	C	02/28/2016	23:40	309.063	-59.143		    15.15	0	  1.0618	0	34.0692	0	27.274	0	269.8	0	77.0	0	23.81	0	0.93	0	0.000282	0	7.9684	0	7.6302	0
9657SoOcn	 6	C	02/28/2016	23:40	309.063	-59.143		    11.96	0	  1.1176	0	34.0477	0	27.252	0	272.9	0	77.9	0	23.71	0	0.77	0	0.000249	0	7.9706	0	7.6329	0
9657SoOcn	 6	C	02/28/2016	23:40	309.063	-59.143		     8.92	0	  1.1394	0	34.0256	0	27.232	0	274.9	0	78.5	0	23.40	0	0.75	0	0.000265	0	7.9719	0	7.6343	0
9657SoOcn	 6	C	02/28/2016	23:40	309.063	-59.143		     6.39	0	  1.1408	0	34.0246	0	27.232	0	276.0	0	78.9	0	23.35	0	0.79	0	0.000251	0	7.9739	0	7.6361	0
9657SoOcn	 6	C	02/28/2016	23:40	309.063	-59.143																					
