//0																													
Cruise	Station	Type	mon/day/yr	hh:mm	Lon [°E]	Lat [°N]	Bot. Depth[m]	Depth[m]	QF	Temperature[°C]	QF	Salinity	QF	Density	QF	Oxygen[µM]	QF	OxygenSat[%]	QF	Nitrate[µM]	QF	pHinsitu[Total]	QF	pH25C[Total]	QF
9662SoOcn	 1	C	01/10/2016	05:30	302.795	-56.480		  1799.26	0	  1.6652	0	34.7136	0	27.746	0	154.8	0	45.0	0	32.42	0	7.7168	0	7.4664	0
9662SoOcn	 1	C	01/10/2016	05:30	302.795	-56.480		  1699.06	0	  1.7303	0	34.7164	0	27.742	0	153.1	0	44.6	0	32.18	0	7.7168	0	7.4640	0
9662SoOcn	 1	C	01/10/2016	05:30	302.795	-56.480		  1599.20	0	  1.8044	0	34.7135	0	27.734	0	151.5	0	44.2	0	32.14	0	7.7144	0	7.4596	0
9662SoOcn	 1	C	01/10/2016	05:30	302.795	-56.480		  1499.93	0	  1.9197	0	34.7074	0	27.718	0	149.9	0	43.9	0	32.43	0	7.7142	0	7.4578	0
9662SoOcn	 1	C	01/10/2016	05:30	302.795	-56.480		  1399.71	0	  1.9951	0	34.7009	0	27.706	0	148.2	0	43.5	0	32.25	0	7.7103	0	7.4519	0
9662SoOcn	 1	C	01/10/2016	05:30	302.795	-56.480		  1299.92	0	  2.0862	0	34.6866	0	27.686	0	145.7	0	42.8	0	32.63	0	7.7022	0	7.4425	0
9662SoOcn	 1	C	01/10/2016	05:30	302.795	-56.480		  1198.08	0	  2.1531	0	34.6668	0	27.664	0	143.5	0	42.3	0	33.05	0	7.6955	0	7.4339	0
9662SoOcn	 1	C	01/10/2016	05:30	302.795	-56.480		  1098.86	0	  2.2095	0	34.6472	0	27.643	0	142.0	0	41.9	0	33.31	0	7.6905	0	7.4268	0
9662SoOcn	 1	C	01/10/2016	05:30	302.795	-56.480		   998.93	0	  2.2644	0	34.6203	0	27.616	0	140.7	0	41.5	0	33.79	0	7.6845	0	7.4188	0
9662SoOcn	 1	C	01/10/2016	05:30	302.795	-56.480		   950.77	0	  2.2859	0	34.6072	0	27.603	0	140.4	0	41.5	0	34.20	0	7.6790	0	7.4125	0
9662SoOcn	 1	C	01/10/2016	05:30	302.795	-56.480		   901.39	0	  2.2976	0	34.5996	0	27.596	0	140.3	0	41.4	0	34.07	0	7.6759	0	7.4082	0
9662SoOcn	 1	C	01/10/2016	05:30	302.795	-56.480		   851.03	0	  2.3512	0	34.5612	0	27.559	0	140.6	0	41.6	0	34.34	0	7.6722	0	7.4039	0
9662SoOcn	 1	C	01/10/2016	05:30	302.795	-56.480		   801.17	0	  2.4111	0	34.5390	0	27.536	0	141.0	0	41.8	0	34.66	0	7.6715	0	7.4024	0
9662SoOcn	 1	C	01/10/2016	05:30	302.795	-56.480		   751.19	0	  2.4536	0	34.5148	0	27.512	0	142.4	0	42.2	0	34.53	0	7.6694	0	7.3995	0
9662SoOcn	 1	C	01/10/2016	05:30	302.795	-56.480		   701.01	0	  2.4704	0	34.4892	0	27.489	0	144.4	0	42.8	0	34.63	0	7.6712	0	7.3996	0
9662SoOcn	 1	C	01/10/2016	05:30	302.795	-56.480		   650.70	0	  2.5027	0	34.4477	0	27.452	0	148.7	0	44.1	0	34.78	0	7.6733	0	7.4004	0
9662SoOcn	 1	C	01/10/2016	05:30	302.795	-56.480		   601.02	0	  2.5083	0	34.4271	0	27.435	0	151.9	0	45.1	0	34.78	0	7.6759	0	7.4012	0
9662SoOcn	 1	C	01/10/2016	05:30	302.795	-56.480		   551.67	0	  2.4816	0	34.3925	0	27.409	0	156.9	0	46.5	0	34.41	0	7.6838	0	7.4065	0
9662SoOcn	 1	C	01/10/2016	05:30	302.795	-56.480		   501.29	0	  2.4059	0	34.3300	0	27.366	0	169.4	0	50.1	0	34.02	0	7.6961	0	7.4150	0
9662SoOcn	 1	C	01/10/2016	05:30	302.795	-56.480		   450.88	0	  2.3348	0	34.3035	0	27.351	0	175.9	0	51.9	0	33.87	0	7.7038	0	7.4194	0
9662SoOcn	 1	C	01/10/2016	05:30	302.795	-56.480		   400.79	0	  2.1509	0	34.2335	0	27.311	0	192.1	0	56.4	0	32.80	0	7.7288	0	7.4382	0
9662SoOcn	 1	C	01/10/2016	05:30	302.795	-56.480		   381.37	0	  2.0193	0	34.2033	0	27.299	0	200.6	0	58.7	0	32.59	0	7.7364	0	7.4428	0
9662SoOcn	 1	C	01/10/2016	05:30	302.795	-56.480		   361.38	0	  1.9262	0	34.1776	0	27.287	0	207.9	0	60.7	0	32.32	0	7.7462	0	7.4498	0
9662SoOcn	 1	C	01/10/2016	05:30	302.795	-56.480		   351.67	0	  1.8526	0	34.1605	0	27.279	0	211.3	0	61.6	0	32.10	0	7.7523	0	7.4540	0
9662SoOcn	 1	C	01/10/2016	05:30	302.795	-56.480		   341.75	0	  1.8044	0	34.1473	0	27.273	0	215.6	0	62.7	0	31.81	0	7.7581	0	7.4584	0
9662SoOcn	 1	C	01/10/2016	05:30	302.795	-56.480		   329.79	0	  1.7735	0	34.1396	0	27.27	0	218.6	0	63.5	0	31.78	0	7.7608	0	7.4601	0
9662SoOcn	 1	C	01/10/2016	05:30	302.795	-56.480		   320.52	0	  1.7560	0	34.1356	0	27.268	0	219.7	0	63.8	0	31.44	0	7.7680	0	7.4661	0
9662SoOcn	 1	C	01/10/2016	05:30	302.795	-56.480		   310.99	0	  1.6866	0	34.1165	0	27.259	0	223.4	0	64.8	0	30.76	0	7.7795	0	7.4753	0
9662SoOcn	 1	C	01/10/2016	05:30	302.795	-56.480		   301.24	0	  1.5183	0	34.0967	0	27.258	0	231.0	0	66.7	0	30.47	0	7.7894	0	7.4818	0
9662SoOcn	 1	C	01/10/2016	05:30	302.795	-56.480		   290.86	0	  1.2610	0	34.0539	0	27.245	0	240.9	0	69.1	0	30.26	0	7.8012	0	7.4888	0
9662SoOcn	 1	C	01/10/2016	05:30	302.795	-56.480		   280.64	0	  1.0563	0	34.0252	0	27.239	0	249.3	0	71.1	0	30.07	0	7.8089	0	7.4927	0
9662SoOcn	 1	C	01/10/2016	05:30	302.795	-56.480		   270.67	0	  1.0293	0	34.0215	0	27.238	0	252.5	0	71.9	0	29.87	0	7.8117	0	7.4945	0
9662SoOcn	 1	C	01/10/2016	05:30	302.795	-56.480		   260.49	0	  1.0043	0	34.0165	0	27.236	0	254.6	0	72.5	0	29.77	0	7.8131	0	7.4951	0
9662SoOcn	 1	C	01/10/2016	05:30	302.795	-56.480		   251.10	0	  1.0023	0	34.0159	0	27.236	0	255.5	0	72.7	0	29.69	0	7.8164	0	7.4978	0
9662SoOcn	 1	C	01/10/2016	05:30	302.795	-56.480		   240.89	0	  0.9056	0	34.0041	0	27.235	0	258.4	0	73.4	0	29.41	0	7.8194	0	7.4989	0
9662SoOcn	 1	C	01/10/2016	05:30	302.795	-56.480		   231.50	0	  0.9347	0	34.0010	0	27.23	0	260.3	0	74.0	0	29.24	0	7.8219	0	7.5014	0
9662SoOcn	 1	C	01/10/2016	05:30	302.795	-56.480		   221.63	0	  0.8277	0	33.9865	0	27.227	0	264.6	0	75.0	0	29.25	0	7.8264	0	7.5036	0
9662SoOcn	 1	C	01/10/2016	05:30	302.795	-56.480		   211.10	0	  0.7516	0	33.9771	0	27.225	0	268.1	0	75.8	0	29.01	0	7.8282	0	7.5039	0
9662SoOcn	 1	C	01/10/2016	05:30	302.795	-56.480		   201.41	0	  0.7974	0	33.9787	0	27.223	0	268.6	0	76.1	0	29.00	0	7.8260	0	7.5023	0
9662SoOcn	 1	C	01/10/2016	05:30	302.795	-56.480		   191.57	0	  0.8821	0	33.9839	0	27.22	0	268.1	0	76.1	0	29.10	0	7.8247	0	7.5018	0
9662SoOcn	 1	C	01/10/2016	05:30	302.795	-56.480		   180.89	0	  0.7735	0	33.9725	0	27.22	0	270.6	0	76.6	0	28.82	0	7.8286	0	7.5037	0
9662SoOcn	 1	C	01/10/2016	05:30	302.795	-56.480		   171.00	0	  0.8151	0	33.9742	0	27.218	0	270.4	0	76.6	0	28.97	0	7.8256	0	7.5011	0
9662SoOcn	 1	C	01/10/2016	05:30	302.795	-56.480		   159.34	0	  0.8085	0	33.9585	0	27.206	0	270.5	0	76.6	0	28.51	0	7.8279	0	7.5028	0
9662SoOcn	 1	C	01/10/2016	05:30	302.795	-56.480		   151.36	0	  1.2925	0	33.9703	0	27.175	0	265.9	0	76.2	0	28.37	0	7.8199	0	7.5018	0
9662SoOcn	 1	C	01/10/2016	05:30	302.795	-56.480		   141.52	0	  1.5135	0	33.9833	0	27.166	0	261.2	0	75.3	0	27.98	0	7.8143	0	7.4994	0
9662SoOcn	 1	C	01/10/2016	05:30	302.795	-56.480		   129.46	0	  1.4195	0	33.9604	0	27.155	0	263.7	0	75.9	0	27.71	0	7.8223	0	7.5049	0
9662SoOcn	 1	C	01/10/2016	05:30	302.795	-56.480		   120.57	0	  0.9361	0	33.9048	0	27.152	0	272.6	0	77.4	0	27.07	0	7.8402	0	7.5145	0
9662SoOcn	 1	C	01/10/2016	05:30	302.795	-56.480		   111.09	0	  1.0103	0	33.8819	0	27.127	0	278.1	0	79.1	0	26.37	0	7.8430	0	7.5177	0
9662SoOcn	 1	C	01/10/2016	05:30	302.795	-56.480		   100.76	0	  0.7981	0	33.8476	0	27.117	0	284.6	0	80.5	0	26.28	0	7.8517	0	7.5225	0
9662SoOcn	 1	C	01/10/2016	05:30	302.795	-56.480		    91.89	0	  1.2009	0	33.8578	0	27.091	0	282.7	0	80.8	0	25.95	0	7.8528	0	7.5287	0
9662SoOcn	 1	C	01/10/2016	05:30	302.795	-56.480		    82.44	0	  1.2720	0	33.8438	0	27.074	0	284.9	0	81.6	0	25.32	0	7.8566	0	7.5329	0
9662SoOcn	 1	C	01/10/2016	05:30	302.795	-56.480		    72.21	0	  1.3355	0	33.8185	0	27.048	0	286.3	0	82.1	0	25.29	0	7.8642	0	7.5404	0
9662SoOcn	 1	C	01/10/2016	05:30	302.795	-56.480		    61.31	0	  1.6343	0	33.7971	0	27.004	0	285.9	0	82.6	0	24.75	0	7.8654	0	7.5452	0
9662SoOcn	 1	C	01/10/2016	05:30	302.795	-56.480		    50.37	0	  1.3451	0	33.7366	0	26.98	0	291.7	0	83.6	0	24.89	0	7.8722	0	7.5471	0
9662SoOcn	 1	C	01/10/2016	05:30	302.795	-56.480		    40.10	0	  1.4729	0	33.7254	0	26.96	0	291.5	0	83.8	0	24.95	0	7.8723	0	7.5486	0
9662SoOcn	 1	C	01/10/2016	05:30	302.795	-56.480		    29.71	0	  1.4999	0	33.7270	0	26.959	0	291.4	0	83.9	0	24.96	0	7.8730	0	7.5493	0
9662SoOcn	 1	C	01/10/2016	05:30	302.795	-56.480		    20.31	0	  1.4882	0	33.7279	0	26.961	0	291.6	0	83.9	0	24.87	0	7.8735	0	7.5492	0
9662SoOcn	 1	C	01/10/2016	05:30	302.795	-56.480		    11.86	0	  1.5136	0	33.7275	0	26.958	0	291.4	0	83.9	0	24.90	0	7.8766	0	7.5522	0
9662SoOcn	 1	C	01/10/2016	05:30	302.795	-56.480																	
9662SoOcn	 2	C	01/20/2016	12:23	306.713	-56.789		  1901.79	0	  1.5840	0	34.7160	0	27.755	0	154.5	0	44.9	0	30.99	0	7.7184	0	7.4702	0
9662SoOcn	 2	C	01/20/2016	12:23	306.713	-56.789		  1798.67	0	  1.6345	0	34.7134	0	27.748	0	152.9	0	44.5	0	31.20	0	7.7188	0	7.4679	0
9662SoOcn	 2	C	01/20/2016	12:23	306.713	-56.789		  1698.49	0	  1.7673	0	34.7165	0	27.739	0	152.7	0	44.5	0	30.99	0	7.7183	0	7.4659	0
9662SoOcn	 2	C	01/20/2016	12:23	306.713	-56.789		  1599.26	0	  1.7882	0	34.7091	0	27.731	0	149.3	0	43.6	0	31.29	0	7.7208	0	7.4652	0
9662SoOcn	 2	C	01/20/2016	12:23	306.713	-56.789		  1499.79	0	  1.8405	0	34.7058	0	27.724	0	147.9	0	43.2	0	31.24	0	7.7215	0	7.4633	0
9662SoOcn	 2	C	01/20/2016	12:23	306.713	-56.789		  1399.02	0	  1.9376	0	34.6995	0	27.71	0	146.2	0	42.8	0	31.54	0	7.7206	0	7.4605	0
9662SoOcn	 2	C	01/20/2016	12:23	306.713	-56.789		  1299.44	0	  2.0419	0	34.6931	0	27.696	0	145.9	0	42.9	0	31.37	0	7.7173	0	7.4557	0
9662SoOcn	 2	C	01/20/2016	12:23	306.713	-56.789		  1200.06	0	  2.0874	0	34.6815	0	27.682	0	143.7	0	42.2	0	31.72	0	7.7167	0	7.4525	0
9662SoOcn	 2	C	01/20/2016	12:23	306.713	-56.789		  1099.56	0	  2.1625	0	34.6656	0	27.662	0	142.3	0	41.9	0	31.91	0	7.7117	0	7.4456	0
9662SoOcn	 2	C	01/20/2016	12:23	306.713	-56.789		   999.25	0	  2.2300	0	34.6362	0	27.632	0	141.0	0	41.6	0	32.63	0	7.7024	0	7.4347	0
9662SoOcn	 2	C	01/20/2016	12:23	306.713	-56.789		   950.71	0	  2.2489	0	34.6263	0	27.622	0	140.5	0	41.5	0	32.75	0	7.6999	0	7.4311	0
9662SoOcn	 2	C	01/20/2016	12:23	306.713	-56.789		   901.22	0	  2.2799	0	34.6121	0	27.608	0	140.1	0	41.4	0	32.97	0	7.6973	0	7.4276	0
9662SoOcn	 2	C	01/20/2016	12:23	306.713	-56.789		   851.24	0	  2.3101	0	34.5824	0	27.581	0	140.1	0	41.4	0	33.18	0	7.6925	0	7.4219	0
9662SoOcn	 2	C	01/20/2016	12:23	306.713	-56.789		   800.74	0	  2.3537	0	34.5674	0	27.564	0	140.1	0	41.4	0	33.37	0	7.6927	0	7.4210	0
9662SoOcn	 2	C	01/20/2016	12:23	306.713	-56.789		   750.77	0	  2.4145	0	34.5478	0	27.542	0	140.3	0	41.5	0	33.59	0	7.6940	0	7.4214	0
9662SoOcn	 2	C	01/20/2016	12:23	306.713	-56.789		   701.29	0	  2.4583	0	34.5247	0	27.519	0	141.2	0	41.9	0	33.64	0	7.6940	0	7.4204	0
9662SoOcn	 2	C	01/20/2016	12:23	306.713	-56.789		   651.10	0	  2.5043	0	34.5115	0	27.504	0	141.6	0	42.0	0	33.68	0	7.6959	0	7.4211	0
9662SoOcn	 2	C	01/20/2016	12:23	306.713	-56.789		   601.53	0	  2.5541	0	34.4837	0	27.477	0	143.4	0	42.6	0	33.71	0	7.6995	0	7.4235	0
9662SoOcn	 2	C	01/20/2016	12:23	306.713	-56.789		   550.63	0	  2.5826	0	34.4548	0	27.45	0	146.8	0	43.6	0	33.80	0	7.7025	0	7.4249	0
9662SoOcn	 2	C	01/20/2016	12:23	306.713	-56.789		   501.06	0	  2.6448	0	34.4140	0	27.411	0	151.9	0	45.2	0	33.32	0	7.7101	0	7.4312	0
9662SoOcn	 2	C	01/20/2016	12:23	306.713	-56.789		   451.17	0	  2.6574	0	34.3806	0	27.383	0	158.0	0	47.0	0	33.33	0	7.7176	0	7.4366	0
9662SoOcn	 2	C	01/20/2016	12:23	306.713	-56.789		   401.34	0	  2.6135	0	34.3450	0	27.358	0	165.3	0	49.1	0	32.95	0	7.7285	0	7.4443	0
9662SoOcn	 2	C	01/20/2016	12:23	306.713	-56.789		   380.70	0	  2.5747	0	34.3238	0	27.344	0	169.6	0	50.4	0	32.89	0	7.7336	0	7.4477	0
9662SoOcn	 2	C	01/20/2016	12:23	306.713	-56.789		   361.29	0	  2.4393	0	34.2899	0	27.33	0	174.9	0	51.7	0	32.53	0	7.7468	0	7.4574	0
9662SoOcn	 2	C	01/20/2016	12:23	306.713	-56.789		   351.23	0	  2.3030	0	34.2676	0	27.325	0	183.0	0	54.0	0	32.33	0	7.7496	0	7.4577	0
9662SoOcn	 2	C	01/20/2016	12:23	306.713	-56.789		   338.92	0	  2.3267	0	34.2605	0	27.317	0	184.3	0	54.4	0	32.05	0	7.7531	0	7.4609	0
9662SoOcn	 2	C	01/20/2016	12:23	306.713	-56.789		   330.15	0	  2.2083	0	34.2371	0	27.309	0	189.1	0	55.6	0	32.01	0	7.7606	0	7.4658	0
9662SoOcn	 2	C	01/20/2016	12:23	306.713	-56.789		   320.69	0	  2.1383	0	34.2245	0	27.305	0	193.3	0	56.7	0	31.87	0	7.7654	0	7.4690	0
9662SoOcn	 2	C	01/20/2016	12:23	306.713	-56.789		   311.12	0	  2.0776	0	34.2102	0	27.299	0	197.1	0	57.7	0	31.81	0	7.7710	0	7.4730	0
9662SoOcn	 2	C	01/20/2016	12:23	306.713	-56.789		   301.04	0	  2.0704	0	34.1977	0	27.29	0	199.8	0	58.5	0	31.49	0	7.7770	0	7.4780	0
9662SoOcn	 2	C	01/20/2016	12:23	306.713	-56.789		   291.18	0	  2.0672	0	34.1855	0	27.28	0	203.5	0	59.6	0	31.36	0	7.7794	0	7.4798	0
9662SoOcn	 2	C	01/20/2016	12:23	306.713	-56.789		   281.31	0	  2.0401	0	34.1770	0	27.276	0	206.2	0	60.4	0	30.93	0	7.7830	0	7.4824	0
9662SoOcn	 2	C	01/20/2016	12:23	306.713	-56.789		   271.10	0	  2.0305	0	34.1685	0	27.27	0	208.6	0	61.0	0	30.96	0	7.7883	0	7.4868	0
9662SoOcn	 2	C	01/20/2016	12:23	306.713	-56.789		   261.11	0	  2.1339	0	34.1671	0	27.259	0	209.8	0	61.6	0	30.71	0	7.7921	0	7.4914	0
9662SoOcn	 2	C	01/20/2016	12:23	306.713	-56.789		   251.65	0	  1.9827	0	34.1498	0	27.259	0	213.9	0	62.5	0	30.55	0	7.7965	0	7.4931	0
9662SoOcn	 2	C	01/20/2016	12:23	306.713	-56.789		   241.46	0	  1.8715	0	34.1317	0	27.254	0	218.5	0	63.6	0	30.27	0	7.8059	0	7.4998	0
9662SoOcn	 2	C	01/20/2016	12:23	306.713	-56.789		   231.03	0	  1.7894	0	34.1106	0	27.245	0	223.9	0	65.1	0	29.79	0	7.8121	0	7.5041	0
9662SoOcn	 2	C	01/20/2016	12:23	306.713	-56.789		   221.44	0	  1.8467	0	34.1090	0	27.238	0	226.8	0	66.0	0	29.78	0	7.8144	0	7.5066	0
9662SoOcn	 2	C	01/20/2016	12:23	306.713	-56.789		   211.01	0	  1.7278	0	34.0935	0	27.236	0	230.6	0	66.9	0	29.57	0	7.8215	0	7.5111	0
9662SoOcn	 2	C	01/20/2016	12:23	306.713	-56.789		   200.91	0	  1.5294	0	34.0705	0	27.235	0	236.1	0	68.2	0	28.86	0	7.8338	0	7.5194	0
9662SoOcn	 2	C	01/20/2016	12:23	306.713	-56.789		   191.25	0	  1.2175	0	34.0287	0	27.228	0	246.9	0	70.7	0	29.10	0	7.8415	0	7.5218	0
9662SoOcn	 2	C	01/20/2016	12:23	306.713	-56.789		   181.47	0	  1.6636	0	34.0632	0	27.217	0	243.0	0	70.4	0	28.84	0	7.8329	0	7.5197	0
9662SoOcn	 2	C	01/20/2016	12:23	306.713	-56.789		   169.97	0	  1.5306	0	34.0437	0	27.213	0	247.1	0	71.3	0	28.63	0	7.8414	0	7.5254	0
9662SoOcn	 2	C	01/20/2016	12:23	306.713	-56.789		   160.84	0	  1.6026	0	34.0398	0	27.204	0	249.3	0	72.1	0	28.56	0	7.8415	0	7.5261	0
9662SoOcn	 2	C	01/20/2016	12:23	306.713	-56.789		   151.16	0	  1.4431	0	34.0112	0	27.195	0	254.0	0	73.1	0	28.01	0	7.8497	0	7.5312	0
9662SoOcn	 2	C	01/20/2016	12:23	306.713	-56.789		   141.61	0	  1.0706	0	33.9551	0	27.181	0	263.8	0	75.2	0	27.72	0	7.8582	0	7.5335	0
9662SoOcn	 2	C	01/20/2016	12:23	306.713	-56.789		   131.18	0	  0.8513	0	33.9092	0	27.162	0	271.3	0	76.9	0	26.60	0	7.8701	0	7.5411	0
9662SoOcn	 2	C	01/20/2016	12:23	306.713	-56.789		   120.73	0	  0.6771	0	33.8598	0	27.136	0	278.8	0	78.6	0	26.33	0	7.8790	0	7.5465	0
9662SoOcn	 2	C	01/20/2016	12:23	306.713	-56.789		   110.76	0	  0.7302	0	33.8394	0	27.115	0	281.8	0	79.6	0	25.76	0	7.8843	0	7.5518	0
9662SoOcn	 2	C	01/20/2016	12:23	306.713	-56.789		   101.51	0	  1.1206	0	33.8183	0	27.066	0	281.6	0	80.3	0	25.42	0	7.8890	0	7.5611	0
9662SoOcn	 2	C	01/20/2016	12:23	306.713	-56.789		    93.92	0	  1.4025	0	33.7844	0	27.014	0	281.7	0	80.9	0	24.86	0	7.8883	0	7.5641	0
9662SoOcn	 2	C	01/20/2016	12:23	306.713	-56.789		    86.39	0	  1.5177	0	33.7719	0	26.994	0	282.7	0	81.4	0	24.63	0	7.8899	0	7.5669	0
9662SoOcn	 2	C	01/20/2016	12:23	306.713	-56.789		    78.66	0	  1.5821	0	33.7549	0	26.974	0	283.2	0	81.7	0	24.41	0	7.8934	0	7.5707	0
9662SoOcn	 2	C	01/20/2016	12:23	306.713	-56.789		    70.76	0	  1.5760	0	33.7470	0	26.968	0	284.3	0	82.0	0	24.41	0	7.8936	0	7.5705	0
9662SoOcn	 2	C	01/20/2016	12:23	306.713	-56.789		    62.94	0	  1.5748	0	33.7451	0	26.967	0	284.9	0	82.2	0	24.38	0	7.8953	0	7.5719	0
9662SoOcn	 2	C	01/20/2016	12:23	306.713	-56.789		    55.06	0	  1.5730	0	33.7440	0	26.966	0	285.3	0	82.3	0	24.28	0	7.8974	0	7.5734	0
9662SoOcn	 2	C	01/20/2016	12:23	306.713	-56.789		    47.85	0	  1.5720	0	33.7425	0	26.965	0	285.4	0	82.3	0	24.34	0	7.8985	0	7.5742	0
9662SoOcn	 2	C	01/20/2016	12:23	306.713	-56.789		    40.81	0	  1.5805	0	33.7404	0	26.962	0	285.5	0	82.4	0	24.28	0	7.9013	0	7.5767	0
9662SoOcn	 2	C	01/20/2016	12:23	306.713	-56.789		    34.50	0	  1.6029	0	33.7387	0	26.959	0	285.7	0	82.4	0	24.20	0	7.9057	0	7.5808	0
9662SoOcn	 2	C	01/20/2016	12:23	306.713	-56.789		    29.09	0	  1.7622	0	33.7431	0	26.948	0	284.7	0	82.5	0	24.15	0	7.9052	0	7.5824	0
9662SoOcn	 2	C	01/20/2016	12:23	306.713	-56.789		    24.26	0	  2.0176	0	33.7487	0	26.929	0	282.4	0	82.4	0	23.88	0	7.9058	0	7.5862	0
9662SoOcn	 2	C	01/20/2016	12:23	306.713	-56.789		    19.93	0	  2.2820	0	33.7297	0	26.889	0	280.3	0	82.3	0	23.64	0	7.9095	0	7.5931	0
9662SoOcn	 2	C	01/20/2016	12:23	306.713	-56.789		    15.95	0	  2.5396	0	33.7519	0	26.881	0	278.8	0	82.4	0	23.40	0	7.9111	0	7.5980	0
9662SoOcn	 2	C	01/20/2016	12:23	306.713	-56.789		    11.94	0	  2.6332	0	33.7579	0	26.877	0	278.5	0	82.5	0	23.29	0	7.9102	0	7.5984	0
9662SoOcn	 2	C	01/20/2016	12:23	306.713	-56.789		     7.97	0	  2.6575	0	33.7560	0	26.873	0	278.5	0	82.6	0	23.20	0	7.9072	0	7.5958	0
9662SoOcn	 2	C	01/20/2016	12:23	306.713	-56.789		     4.06	0	  2.6562	0	33.7574	0	26.874	0	278.7	0	82.6	0	23.20	0	7.9130	0	7.6010	0
9662SoOcn	 2	C	01/20/2016	12:23	306.713	-56.789																	
9662SoOcn	 3	C	01/30/2016	20:02	307.175	-55.796		  1897.80	0	  1.8180	0	34.7106	0	27.73	0	149.8	0	43.8	0	30.75	0	7.6990	0	7.4555	0
9662SoOcn	 3	C	01/30/2016	20:02	307.175	-55.796		  1798.93	0	  1.8896	0	34.7085	0	27.722	0	148.8	0	43.5	0	30.83	0	7.6989	0	7.4531	0
9662SoOcn	 3	C	01/30/2016	20:02	307.175	-55.796		  1698.95	0	  1.9452	0	34.7010	0	27.711	0	146.4	0	42.9	0	31.07	0	7.6983	0	7.4501	0
9662SoOcn	 3	C	01/30/2016	20:02	307.175	-55.796		  1598.98	0	  1.9920	0	34.6956	0	27.702	0	145.2	0	42.6	0	31.05	0	7.6993	0	7.4483	0
9662SoOcn	 3	C	01/30/2016	20:02	307.175	-55.796		  1499.80	0	  2.0241	0	34.6910	0	27.695	0	144.6	0	42.5	0	31.25	0	7.7014	0	7.4474	0
9662SoOcn	 3	C	01/30/2016	20:02	307.175	-55.796		  1399.52	0	  2.1173	0	34.6775	0	27.676	0	142.9	0	42.0	0	31.49	0	7.6968	0	7.4413	0
9662SoOcn	 3	C	01/30/2016	20:02	307.175	-55.796		  1299.56	0	  2.1689	0	34.6651	0	27.661	0	141.7	0	41.7	0	31.91	0	7.6966	0	7.4385	0
9662SoOcn	 3	C	01/30/2016	20:02	307.175	-55.796		  1198.97	0	  2.2381	0	34.6439	0	27.637	0	139.9	0	41.3	0	32.10	0	7.6928	0	7.4327	0
9662SoOcn	 3	C	01/30/2016	20:02	307.175	-55.796		  1099.75	0	  2.2669	0	34.6213	0	27.616	0	140.3	0	41.4	0	32.36	0	7.6869	0	7.4244	0
9662SoOcn	 3	C	01/30/2016	20:02	307.175	-55.796		   999.69	0	  2.3428	0	34.5783	0	27.574	0	139.8	0	41.3	0	33.05	0	7.6809	0	7.4166	0
9662SoOcn	 3	C	01/30/2016	20:02	307.175	-55.796		   951.48	0	  2.3372	0	34.5593	0	27.559	0	140.4	0	41.5	0	33.20	0	7.6805	0	7.4146	0
9662SoOcn	 3	C	01/30/2016	20:02	307.175	-55.796		   901.70	0	  2.3431	0	34.5458	0	27.548	0	141.2	0	41.7	0	33.28	0	7.6798	0	7.4124	0
9662SoOcn	 3	C	01/30/2016	20:02	307.175	-55.796		   851.74	0	  2.4464	0	34.5296	0	27.525	0	140.7	0	41.7	0	33.41	0	7.6820	0	7.4142	0
9662SoOcn	 3	C	01/30/2016	20:02	307.175	-55.796		   800.88	0	  2.4691	0	34.5086	0	27.505	0	142.5	0	42.2	0	33.33	0	7.6821	0	7.4129	0
9662SoOcn	 3	C	01/30/2016	20:02	307.175	-55.796		   751.47	0	  2.4958	0	34.4935	0	27.49	0	143.8	0	42.7	0	33.27	0	7.6831	0	7.4126	0
9662SoOcn	 3	C	01/30/2016	20:02	307.175	-55.796		   701.01	0	  2.4993	0	34.4441	0	27.45	0	149.3	0	44.3	0	33.58	0	7.6872	0	7.4147	0
9662SoOcn	 3	C	01/30/2016	20:02	307.175	-55.796		   650.73	0	  2.4879	0	34.4171	0	27.429	0	153.4	0	45.5	0	33.45	0	7.6925	0	7.4178	0
9662SoOcn	 3	C	01/30/2016	20:02	307.175	-55.796		   601.43	0	  2.6250	0	34.4083	0	27.408	0	153.9	0	45.8	0	33.24	0	7.6986	0	7.4237	0
9662SoOcn	 3	C	01/30/2016	20:02	307.175	-55.796		   550.68	0	  2.6269	0	34.3650	0	27.373	0	161.1	0	47.9	0	32.86	0	7.7092	0	7.4317	0
9662SoOcn	 3	C	01/30/2016	20:02	307.175	-55.796		   501.14	0	  2.2858	0	34.2783	0	27.335	0	181.0	0	53.3	0	32.38	0	7.7295	0	7.4440	0
9662SoOcn	 3	C	01/30/2016	20:02	307.175	-55.796		   451.11	0	  2.2607	0	34.2500	0	27.314	0	188.1	0	55.4	0	32.06	0	7.7411	0	7.4527	0
9662SoOcn	 3	C	01/30/2016	20:02	307.175	-55.796		   401.00	0	  2.2555	0	34.1987	0	27.273	0	199.6	0	58.7	0	31.03	0	7.7633	0	7.4713	0
9662SoOcn	 3	C	01/30/2016	20:02	307.175	-55.796		   381.08	0	  2.1815	0	34.1794	0	27.264	0	204.7	0	60.1	0	30.62	0	7.7748	0	7.4801	0
9662SoOcn	 3	C	01/30/2016	20:02	307.175	-55.796		   361.58	0	  2.1194	0	34.1585	0	27.253	0	211.8	0	62.1	0	30.42	0	7.7814	0	7.4847	0
9662SoOcn	 3	C	01/30/2016	20:02	307.175	-55.796		   351.69	0	  2.0707	0	34.1533	0	27.253	0	213.2	0	62.4	0	30.44	0	7.7879	0	7.4897	0
9662SoOcn	 3	C	01/30/2016	20:02	307.175	-55.796		   341.52	0	  2.0182	0	34.1396	0	27.247	0	216.9	0	63.4	0	30.24	0	7.7916	0	7.4920	0
9662SoOcn	 3	C	01/30/2016	20:02	307.175	-55.796		   330.69	0	  1.9492	0	34.1270	0	27.243	0	220.2	0	64.3	0	30.06	0	7.7972	0	7.4959	0
9662SoOcn	 3	C	01/30/2016	20:02	307.175	-55.796		   321.02	0	  1.7901	0	34.1058	0	27.241	0	224.9	0	65.4	0	29.71	0	7.8043	0	7.4998	0
9662SoOcn	 3	C	01/30/2016	20:02	307.175	-55.796		   310.85	0	  1.8484	0	34.1053	0	27.235	0	227.5	0	66.2	0	29.64	0	7.8056	0	7.5015	0
9662SoOcn	 3	C	01/30/2016	20:02	307.175	-55.796		   300.90	0	  1.8181	0	34.1040	0	27.237	0	229.0	0	66.6	0	29.53	0	7.8091	0	7.5040	0
9662SoOcn	 3	C	01/30/2016	20:02	307.175	-55.796		   291.31	0	  1.6113	0	34.0754	0	27.232	0	233.5	0	67.6	0	29.12	0	7.8172	0	7.5083	0
9662SoOcn	 3	C	01/30/2016	20:02	307.175	-55.796		   280.56	0	  1.2891	0	34.0458	0	27.236	0	241.5	0	69.3	0	28.90	0	7.8293	0	7.5145	0
9662SoOcn	 3	C	01/30/2016	20:02	307.175	-55.796		   271.71	0	  0.9091	0	33.9956	0	27.227	0	253.2	0	71.9	0	28.67	0	7.8409	0	7.5197	0
9662SoOcn	 3	C	01/30/2016	20:02	307.175	-55.796		   261.69	0	  1.0862	0	34.0130	0	27.227	0	253.9	0	72.4	0	28.71	0	7.8349	0	7.5163	0
9662SoOcn	 3	C	01/30/2016	20:02	307.175	-55.796		   250.65	0	  1.2429	0	34.0194	0	27.219	0	252.3	0	72.3	0	28.67	0	7.8361	0	7.5191	0
9662SoOcn	 3	C	01/30/2016	20:02	307.175	-55.796		   241.02	0	  0.7581	0	33.9849	0	27.231	0	259.5	0	73.4	0	28.33	0	7.8492	0	7.5243	0
9662SoOcn	 3	C	01/30/2016	20:02	307.175	-55.796		   231.43	0	  0.5876	0	33.9540	0	27.22	0	266.2	0	74.9	0	28.16	0	7.8517	0	7.5239	0
9662SoOcn	 3	C	01/30/2016	20:02	307.175	-55.796		   221.09	0	  0.4852	0	33.9314	0	27.21	0	269.9	0	75.8	0	27.95	0	7.8583	0	7.5282	0
9662SoOcn	 3	C	01/30/2016	20:02	307.175	-55.796		   211.67	0	  0.4141	0	33.9164	0	27.203	0	272.9	0	76.5	0	27.50	0	7.8621	0	7.5305	0
9662SoOcn	 3	C	01/30/2016	20:02	307.175	-55.796		   201.23	0	  0.2979	0	33.8946	0	27.194	0	276.7	0	77.3	0	27.31	0	7.8651	0	7.5312	0
9662SoOcn	 3	C	01/30/2016	20:02	307.175	-55.796		   191.61	0	  0.2126	0	33.8860	0	27.194	0	278.7	0	77.7	0	27.29	0	7.8678	0	7.5322	0
9662SoOcn	 3	C	01/30/2016	20:02	307.175	-55.796		   181.29	0	  0.1942	0	33.8752	0	27.187	0	279.9	0	77.9	0	27.20	0	7.8690	0	7.5328	0
9662SoOcn	 3	C	01/30/2016	20:02	307.175	-55.796		   171.45	0	  0.6784	0	33.8927	0	27.163	0	275.7	0	77.8	0	27.06	0	7.8640	0	7.5344	0
9662SoOcn	 3	C	01/30/2016	20:02	307.175	-55.796		   161.22	0	  1.1388	0	33.9215	0	27.148	0	270.9	0	77.4	0	26.83	0	7.8599	0	7.5367	0
9662SoOcn	 3	C	01/30/2016	20:02	307.175	-55.796		   150.78	0	  0.7778	0	33.8885	0	27.151	0	275.8	0	78.0	0	26.33	0	7.8683	0	7.5391	0
9662SoOcn	 3	C	01/30/2016	20:02	307.175	-55.796		   141.58	0	  0.4497	0	33.8410	0	27.139	0	282.6	0	79.2	0	26.12	0	7.8758	0	7.5411	0
9662SoOcn	 3	C	01/30/2016	20:02	307.175	-55.796		   131.48	0	  0.6116	0	33.8334	0	27.12	0	284.7	0	80.1	0	25.86	0	7.8772	0	7.5443	0
9662SoOcn	 3	C	01/30/2016	20:02	307.175	-55.796		   121.22	0	  0.8174	0	33.8249	0	27.097	0	284.2	0	80.4	0	25.53	0	7.8769	0	7.5465	0
9662SoOcn	 3	C	01/30/2016	20:02	307.175	-55.796		   111.32	0	  1.2908	0	33.7898	0	27.028	0	282.0	0	80.8	0	24.68	0	7.8854	0	7.5605	0
9662SoOcn	 3	C	01/30/2016	20:02	307.175	-55.796		   101.41	0	  1.3024	0	33.7722	0	27.013	0	284.9	0	81.6	0	24.48	0	7.8906	0	7.5650	0
9662SoOcn	 3	C	01/30/2016	20:02	307.175	-55.796		    93.79	0	  1.3505	0	33.7466	0	26.988	0	286.1	0	82.0	0	24.42	0	7.8911	0	7.5659	0
9662SoOcn	 3	C	01/30/2016	20:02	307.175	-55.796		    85.95	0	  1.4127	0	33.7479	0	26.983	0	286.4	0	82.2	0	24.11	0	7.8932	0	7.5684	0
9662SoOcn	 3	C	01/30/2016	20:02	307.175	-55.796		    78.84	0	  1.4318	0	33.7395	0	26.975	0	287.1	0	82.5	0	24.22	0	7.8942	0	7.5694	0
9662SoOcn	 3	C	01/30/2016	20:02	307.175	-55.796		    72.02	0	  1.4709	0	33.7383	0	26.971	0	287.3	0	82.6	0	24.17	0	7.8936	0	7.5692	0
9662SoOcn	 3	C	01/30/2016	20:02	307.175	-55.796		    65.52	0	  1.6196	0	33.7358	0	26.955	0	286.2	0	82.6	0	24.21	0	7.8920	0	7.5695	0
9662SoOcn	 3	C	01/30/2016	20:02	307.175	-55.796		    59.35	0	  1.6975	0	33.7385	0	26.95	0	285.8	0	82.7	0	24.26	0	7.8928	0	7.5711	0
9662SoOcn	 3	C	01/30/2016	20:02	307.175	-55.796		    53.43	0	  1.9526	0	33.7321	0	26.922	0	283.7	0	82.6	0	24.06	0	7.8919	0	7.5736	0
9662SoOcn	 3	C	01/30/2016	20:02	307.175	-55.796		    48.15	0	  2.0631	0	33.7367	0	26.915	0	282.9	0	82.6	0	23.97	0	7.8909	0	7.5740	0
9662SoOcn	 3	C	01/30/2016	20:02	307.175	-55.796		    43.05	0	  2.1273	0	33.7403	0	26.912	0	282.7	0	82.7	0	24.14	0	7.8918	0	7.5756	0
9662SoOcn	 3	C	01/30/2016	20:02	307.175	-55.796		    38.13	0	  2.2778	0	33.7377	0	26.895	0	281.2	0	82.6	0	23.99	0	7.8918	0	7.5774	0
9662SoOcn	 3	C	01/30/2016	20:02	307.175	-55.796		    33.49	0	  2.3086	0	33.7389	0	26.893	0	281.0	0	82.6	0	23.99	0	7.8924	0	7.5783	0
9662SoOcn	 3	C	01/30/2016	20:02	307.175	-55.796		    28.86	0	  2.3564	0	33.7379	0	26.888	0	280.7	0	82.6	0	23.89	0	7.8942	0	7.5804	0
9662SoOcn	 3	C	01/30/2016	20:02	307.175	-55.796		    24.51	0	  2.7037	0	33.7297	0	26.847	0	278.1	0	82.5	0	23.92	0	7.8878	0	7.5792	0
9662SoOcn	 3	C	01/30/2016	20:02	307.175	-55.796		    20.80	0	  2.9024	0	33.7351	0	26.831	0	277.6	0	82.8	0	23.96	0	7.8867	0	7.5808	0
9662SoOcn	 3	C	01/30/2016	20:02	307.175	-55.796		    17.36	0	  2.9655	0	33.7350	0	26.825	0	277.9	0	83.0	0	23.90	0	7.8860	0	7.5810	0
9662SoOcn	 3	C	01/30/2016	20:02	307.175	-55.796		    13.96	0	  3.1025	0	33.7391	0	26.814	0	277.3	0	83.1	0	23.70	0	7.8848	0	7.5816	0
9662SoOcn	 3	C	01/30/2016	20:02	307.175	-55.796		    10.11	0	  3.0970	0	33.7389	0	26.814	0	277.8	0	83.2	0	23.77	0	7.8863	0	7.5828	0
9662SoOcn	 3	C	01/30/2016	20:02	307.175	-55.796		     6.53	0	  3.1352	0	33.7394	0	26.811	0	277.5	0	83.2	0	23.74	0	7.8881	0	7.5848	0
9662SoOcn	 3	C	01/30/2016	20:02	307.175	-55.796																	
9662SoOcn	 4	C	02/10/2016	03:41	309.681	-55.001		  1898.16	0	  2.0336	0	34.6914	0	27.695	0	143.6	0	42.2	0	31.14	0	7.6814	0	7.4423	0
9662SoOcn	 4	C	02/10/2016	03:41	309.681	-55.001		  1798.73	0	  2.0797	0	34.6860	0	27.686	0	143.5	0	42.2	0	31.15	0	7.6808	0	7.4391	0
9662SoOcn	 4	C	02/10/2016	03:41	309.681	-55.001		  1698.60	0	  2.1285	0	34.6749	0	27.673	0	141.2	0	41.6	0	31.68	0	7.6798	0	7.4356	0
9662SoOcn	 4	C	02/10/2016	03:41	309.681	-55.001		  1599.24	0	  2.2104	0	34.6564	0	27.65	0	139.1	0	41.0	0	31.75	0	7.6767	0	7.4306	0
9662SoOcn	 4	C	02/10/2016	03:41	309.681	-55.001		  1499.14	0	  2.2832	0	34.6279	0	27.62	0	139.7	0	41.3	0	32.19	0	7.6702	0	7.4224	0
9662SoOcn	 4	C	02/10/2016	03:41	309.681	-55.001		  1399.35	0	  2.3393	0	34.6001	0	27.592	0	139.0	0	41.1	0	32.54	0	7.6668	0	7.4168	0
9662SoOcn	 4	C	02/10/2016	03:41	309.681	-55.001		  1299.46	0	  2.3949	0	34.5729	0	27.565	0	139.1	0	41.2	0	32.88	0	7.6685	0	7.4158	0
9662SoOcn	 4	C	02/10/2016	03:41	309.681	-55.001		  1199.51	0	  2.4877	0	34.5331	0	27.523	0	140.0	0	41.5	0	33.11	0	7.6688	0	7.4140	0
9662SoOcn	 4	C	02/10/2016	03:41	309.681	-55.001		  1098.77	0	  2.6002	0	34.4891	0	27.477	0	142.4	0	42.4	0	33.21	0	7.6707	0	7.4141	0
9662SoOcn	 4	C	02/10/2016	03:41	309.681	-55.001		   999.65	0	  2.6975	0	34.4397	0	27.427	0	147.6	0	44.0	0	33.13	0	7.6789	0	7.4197	0
9662SoOcn	 4	C	02/10/2016	03:41	309.681	-55.001		   950.70	0	  2.7314	0	34.4074	0	27.397	0	151.8	0	45.3	0	33.07	0	7.6822	0	7.4215	0
9662SoOcn	 4	C	02/10/2016	03:41	309.681	-55.001		   901.45	0	  2.7804	0	34.3814	0	27.371	0	156.4	0	46.7	0	32.85	0	7.6888	0	7.4267	0
9662SoOcn	 4	C	02/10/2016	03:41	309.681	-55.001		   851.42	0	  2.5820	0	34.3241	0	27.344	0	167.9	0	49.9	0	32.39	0	7.7011	0	7.4336	0
9662SoOcn	 4	C	02/10/2016	03:41	309.681	-55.001		   801.54	0	  2.4824	0	34.2837	0	27.321	0	178.9	0	53.0	0	31.96	0	7.7120	0	7.4405	0
9662SoOcn	 4	C	02/10/2016	03:41	309.681	-55.001		   750.94	0	  2.6231	0	34.2552	0	27.284	0	184.2	0	54.7	0	31.35	0	7.7235	0	7.4514	0
9662SoOcn	 4	C	02/10/2016	03:41	309.681	-55.001		   700.75	0	  2.6805	0	34.2234	0	27.252	0	192.9	0	57.4	0	30.57	0	7.7407	0	7.4663	0
9662SoOcn	 4	C	02/10/2016	03:41	309.681	-55.001		   650.80	0	  2.9908	0	34.2396	0	27.234	0	188.5	0	56.5	0	30.38	0	7.7413	0	7.4695	0
9662SoOcn	 4	C	02/10/2016	03:41	309.681	-55.001		   601.70	0	  2.9387	0	34.1977	0	27.205	0	197.1	0	59.0	0	29.60	0	7.7616	0	7.4858	0
9662SoOcn	 4	C	02/10/2016	03:41	309.681	-55.001		   550.95	0	  2.0054	0	34.0582	0	27.182	0	234.9	0	68.6	0	27.63	0	7.8113	0	7.5168	0
9662SoOcn	 4	C	02/10/2016	03:41	309.681	-55.001		   501.26	0	  3.0079	0	34.1225	0	27.137	0	227.2	0	68.1	0	27.63	0	7.7991	0	7.5178	0
9662SoOcn	 4	C	02/10/2016	03:41	309.681	-55.001		   451.68	0	  3.1031	0	34.1007	0	27.109	0	233.9	0	70.3	0	26.82	0	7.8100	0	7.5274	0
9662SoOcn	 4	C	02/10/2016	03:41	309.681	-55.001		   400.98	0	  3.3118	0	34.1064	0	27.092	0	233.7	0	70.6	0	26.29	0	7.8190	0	7.5369	0
9662SoOcn	 4	C	02/10/2016	03:41	309.681	-55.001		   381.42	0	  3.3513	0	34.1042	0	27.086	0	234.7	0	71.0	0	26.27	0	7.8222	0	7.5397	0
9662SoOcn	 4	C	02/10/2016	03:41	309.681	-55.001		   361.08	0	  3.4371	0	34.1047	0	27.078	0	235.4	0	71.3	0	26.05	0	7.8269	0	7.5446	0
9662SoOcn	 4	C	02/10/2016	03:41	309.681	-55.001		   350.92	0	  3.4664	0	34.1049	0	27.075	0	235.7	0	71.4	0	26.03	0	7.8279	0	7.5455	0
9662SoOcn	 4	C	02/10/2016	03:41	309.681	-55.001		   341.56	0	  3.4810	0	34.1021	0	27.071	0	236.7	0	71.8	0	25.86	0	7.8306	0	7.5479	0
9662SoOcn	 4	C	02/10/2016	03:41	309.681	-55.001		   331.38	0	  3.5466	0	34.1045	0	27.066	0	236.8	0	71.9	0	25.65	0	7.8305	0	7.5484	0
9662SoOcn	 4	C	02/10/2016	03:41	309.681	-55.001		   321.16	0	  3.6075	0	34.1059	0	27.06	0	237.0	0	72.1	0	25.51	0	7.8320	0	7.5503	0
9662SoOcn	 4	C	02/10/2016	03:41	309.681	-55.001		   310.76	0	  3.6273	0	34.1059	0	27.058	0	237.3	0	72.2	0	25.36	0	7.8356	0	7.5536	0
9662SoOcn	 4	C	02/10/2016	03:41	309.681	-55.001		   301.11	0	  3.6947	0	34.1040	0	27.049	0	238.5	0	72.7	0	25.24	0	7.8370	0	7.5554	0
9662SoOcn	 4	C	02/10/2016	03:41	309.681	-55.001		   290.98	0	  3.7638	0	34.1069	0	27.044	0	238.5	0	72.8	0	25.05	0	7.8373	0	7.5563	0
9662SoOcn	 4	C	02/10/2016	03:41	309.681	-55.001		   281.08	0	  3.7908	0	34.1079	0	27.042	0	238.8	0	73.0	0	24.87	0	7.8383	0	7.5573	0
9662SoOcn	 4	C	02/10/2016	03:41	309.681	-55.001		   271.24	0	  3.7974	0	34.1071	0	27.041	0	239.0	0	73.0	0	24.87	0	7.8408	0	7.5594	0
9662SoOcn	 4	C	02/10/2016	03:41	309.681	-55.001		   261.01	0	  3.7572	0	34.1006	0	27.04	0	240.8	0	73.5	0	24.79	0	7.8434	0	7.5609	0
9662SoOcn	 4	C	02/10/2016	03:41	309.681	-55.001		   251.06	0	  3.8025	0	34.1027	0	27.036	0	241.1	0	73.7	0	24.74	0	7.8445	0	7.5621	0
9662SoOcn	 4	C	02/10/2016	03:41	309.681	-55.001		   241.46	0	  3.8769	0	34.1068	0	27.032	0	240.6	0	73.7	0	24.73	0	7.8447	0	7.5631	0
9662SoOcn	 4	C	02/10/2016	03:41	309.681	-55.001		   230.79	0	  3.8928	0	34.1088	0	27.031	0	240.5	0	73.7	0	24.58	0	7.8443	0	7.5625	0
9662SoOcn	 4	C	02/10/2016	03:41	309.681	-55.001		   220.83	0	  3.9067	0	34.1065	0	27.028	0	240.5	0	73.7	0	24.54	0	7.8468	0	7.5647	0
9662SoOcn	 4	C	02/10/2016	03:41	309.681	-55.001		   211.60	0	  3.8913	0	34.1012	0	27.025	0	242.6	0	74.3	0	24.46	0	7.8481	0	7.5654	0
9662SoOcn	 4	C	02/10/2016	03:41	309.681	-55.001		   201.25	0	  3.9580	0	34.1023	0	27.019	0	243.3	0	74.7	0	24.13	0	7.8496	0	7.5674	0
9662SoOcn	 4	C	02/10/2016	03:41	309.681	-55.001		   191.35	0	  3.9849	0	34.1033	0	27.017	0	243.8	0	74.9	0	24.20	0	7.8511	0	7.5687	0
9662SoOcn	 4	C	02/10/2016	03:41	309.681	-55.001		   180.36	0	  4.0942	0	34.1039	0	27.005	0	244.0	0	75.1	0	23.77	0	7.8542	0	7.5728	0
9662SoOcn	 4	C	02/10/2016	03:41	309.681	-55.001		   170.92	0	  4.1845	0	34.1057	0	26.996	0	245.2	0	75.6	0	23.61	0	7.8553	0	7.5747	0
9662SoOcn	 4	C	02/10/2016	03:41	309.681	-55.001		   161.70	0	  4.3106	0	34.1140	0	26.989	0	244.6	0	75.7	0	23.34	0	7.8556	0	7.5765	0
9662SoOcn	 4	C	02/10/2016	03:41	309.681	-55.001		   151.47	0	  4.3559	0	34.1132	0	26.983	0	245.4	0	76.0	0	23.21	0	7.8570	0	7.5780	0
9662SoOcn	 4	C	02/10/2016	03:41	309.681	-55.001		   140.87	0	  4.3975	0	34.1120	0	26.977	0	246.2	0	76.4	0	23.13	0	7.8562	0	7.5776	0
9662SoOcn	 4	C	02/10/2016	03:41	309.681	-55.001		   131.45	0	  4.5246	0	34.1124	0	26.963	0	246.0	0	76.5	0	22.72	0	7.8598	0	7.5823	0
9662SoOcn	 4	C	02/10/2016	03:41	309.681	-55.001		   121.22	0	  4.6059	0	34.1116	0	26.952	0	246.5	0	76.8	0	22.57	0	7.8596	0	7.5829	0
9662SoOcn	 4	C	02/10/2016	03:41	309.681	-55.001		   111.73	0	  4.6263	0	34.1041	0	26.944	0	247.2	0	77.1	0	22.33	0	7.8600	0	7.5833	0
9662SoOcn	 4	C	02/10/2016	03:41	309.681	-55.001		   101.31	0	  4.6866	0	34.1050	0	26.937	0	247.4	0	77.3	0	22.26	0	7.8685	0	7.5915	0
9662SoOcn	 4	C	02/10/2016	03:41	309.681	-55.001		    96.57	0	  4.8047	0	34.0958	0	26.916	0	247.5	0	77.5	0	21.77	0	7.8660	0	7.5908	0
9662SoOcn	 4	C	02/10/2016	03:41	309.681	-55.001		    91.17	0	  4.8293	0	34.0963	0	26.913	0	248.0	0	77.7	0	21.73	0	7.8762	0	7.6002	0
9662SoOcn	 4	C	02/10/2016	03:41	309.681	-55.001		    86.61	0	  5.0497	0	34.0784	0	26.872	0	248.0	0	78.1	0	20.95	0	7.8784	0	7.6052	0
9662SoOcn	 4	C	02/10/2016	03:41	309.681	-55.001		    81.31	0	  5.2758	0	34.0757	0	26.842	0	248.2	0	78.6	0	20.23	0	7.8909	0	7.6196	0
9662SoOcn	 4	C	02/10/2016	03:41	309.681	-55.001		    76.07	0	  5.4099	0	34.0704	0	26.821	0	250.0	0	79.4	0	19.85	0	7.8926	0	7.6229	0
9662SoOcn	 4	C	02/10/2016	03:41	309.681	-55.001		    71.19	0	  5.4128	0	34.0667	0	26.817	0	251.6	0	79.9	0	19.82	0	7.8944	0	7.6244	0
9662SoOcn	 4	C	02/10/2016	03:41	309.681	-55.001		    66.42	0	  5.4299	0	34.0641	0	26.813	0	252.4	0	80.2	0	19.67	0	7.8977	0	7.6275	0
9662SoOcn	 4	C	02/10/2016	03:41	309.681	-55.001		    61.61	0	  5.4810	0	34.0641	0	26.807	0	252.8	0	80.5	0	19.58	0	7.9008	0	7.6310	0
9662SoOcn	 4	C	02/10/2016	03:41	309.681	-55.001		    56.42	0	  5.4826	0	34.0565	0	26.8	0	254.2	0	80.9	0	19.58	0	7.9031	0	7.6329	0
9662SoOcn	 4	C	02/10/2016	03:41	309.681	-55.001		    51.24	0	  5.4889	0	34.0571	0	26.8	0	255.0	0	81.2	0	19.50	0	7.9053	0	7.6348	0
9662SoOcn	 4	C	02/10/2016	03:41	309.681	-55.001		    46.43	0	  5.5147	0	34.0563	0	26.796	0	255.1	0	81.3	0	19.66	0	7.9064	0	7.6361	0
9662SoOcn	 4	C	02/10/2016	03:41	309.681	-55.001		    41.33	0	  5.6699	0	34.0682	0	26.786	0	254.0	0	81.2	0	19.22	0	7.9083	0	7.6398	0
9662SoOcn	 4	C	02/10/2016	03:41	309.681	-55.001		    36.70	0	  5.5626	0	34.0351	0	26.773	0	255.5	0	81.5	0	19.46	0	7.9113	0	7.6409	0
9662SoOcn	 4	C	02/10/2016	03:41	309.681	-55.001		    31.09	0	  5.5152	0	34.0278	0	26.773	0	256.7	0	81.7	0	19.72	0	7.9109	0	7.6397	0
9662SoOcn	 4	C	02/10/2016	03:41	309.681	-55.001		    26.18	0	  5.4760	0	34.0203	0	26.771	0	257.3	0	81.9	0	19.83	0	7.9137	0	7.6415	0
9662SoOcn	 4	C	02/10/2016	03:41	309.681	-55.001		    21.84	0	  5.4569	0	34.0144	0	26.769	0	257.7	0	81.9	0	19.84	0	7.9157	0	7.6430	0
9662SoOcn	 4	C	02/10/2016	03:41	309.681	-55.001		    16.84	0	  5.5081	0	34.0233	0	26.77	0	257.5	0	82.0	0	19.70	0	7.9150	0	7.6428	0
9662SoOcn	 4	C	02/10/2016	03:41	309.681	-55.001		    11.63	0	  5.5158	0	34.0249	0	26.77	0	257.5	0	82.0	0	19.56	0	7.9165	0	7.6442	0
9662SoOcn	 4	C	02/10/2016	03:41	309.681	-55.001		     7.81	0	  5.4941	0	34.0221	0	26.77	0	257.6	0	82.0	0	19.66	0	7.9159	0	7.6432	0
9662SoOcn	 4	C	02/10/2016	03:41	309.681	-55.001																	
9662SoOcn	 5	C	02/20/2016	14:27	312.206	-54.553		  1897.66	0	  1.8601	0	34.7079	0	27.724	0	149.5	0	43.7	0	30.56	0	7.6841	0	7.4424	0
9662SoOcn	 5	C	02/20/2016	14:27	312.206	-54.553		  1798.79	0	  1.9526	0	34.7006	0	27.71	0	147.2	0	43.1	0	30.64	0	7.6822	0	7.4387	0
9662SoOcn	 5	C	02/20/2016	14:27	312.206	-54.553		  1699.79	0	  2.0551	0	34.6903	0	27.692	0	145.4	0	42.7	0	30.95	0	7.6788	0	7.4337	0
9662SoOcn	 5	C	02/20/2016	14:27	312.206	-54.553		  1598.83	0	  2.1221	0	34.6776	0	27.676	0	142.7	0	42.0	0	31.26	0	7.6789	0	7.4315	0
9662SoOcn	 5	C	02/20/2016	14:27	312.206	-54.553		  1498.10	0	  2.1699	0	34.6635	0	27.66	0	141.7	0	41.8	0	31.48	0	7.6751	0	7.4253	0
9662SoOcn	 5	C	02/20/2016	14:27	312.206	-54.553		  1399.81	0	  2.2878	0	34.6348	0	27.625	0	140.4	0	41.5	0	32.06	0	7.6716	0	7.4205	0
9662SoOcn	 5	C	02/20/2016	14:27	312.206	-54.553		  1299.28	0	  2.3637	0	34.6040	0	27.593	0	138.4	0	41.0	0	32.33	0	7.6705	0	7.4172	0
9662SoOcn	 5	C	02/20/2016	14:27	312.206	-54.553		  1198.65	0	  2.4375	0	34.5722	0	27.56	0	137.9	0	40.9	0	32.81	0	7.6687	0	7.4133	0
9662SoOcn	 5	C	02/20/2016	14:27	312.206	-54.553		  1099.89	0	  2.4658	0	34.5232	0	27.517	0	141.0	0	41.8	0	33.08	0	7.6658	0	7.4078	0
9662SoOcn	 5	C	02/20/2016	14:27	312.206	-54.553		   998.63	0	  2.5508	0	34.4796	0	27.474	0	144.1	0	42.8	0	33.28	0	7.6697	0	7.4091	0
9662SoOcn	 5	C	02/20/2016	14:27	312.206	-54.553		   951.21	0	  2.6413	0	34.4674	0	27.455	0	145.3	0	43.2	0	33.03	0	7.6750	0	7.4137	0
9662SoOcn	 5	C	02/20/2016	14:27	312.206	-54.553		   901.33	0	  2.7466	0	34.4272	0	27.412	0	150.0	0	44.8	0	32.80	0	7.6802	0	7.4183	0
9662SoOcn	 5	C	02/20/2016	14:27	312.206	-54.553		   851.17	0	  2.7471	0	34.3995	0	27.389	0	154.4	0	46.1	0	32.64	0	7.6848	0	7.4209	0
9662SoOcn	 5	C	02/20/2016	14:27	312.206	-54.553		   800.21	0	  2.6647	0	34.3507	0	27.357	0	162.4	0	48.3	0	32.46	0	7.6934	0	7.4260	0
9662SoOcn	 5	C	02/20/2016	14:27	312.206	-54.553		   751.57	0	  2.4569	0	34.2730	0	27.314	0	179.4	0	53.1	0	31.84	0	7.7125	0	7.4390	0
9662SoOcn	 5	C	02/20/2016	14:27	312.206	-54.553		   701.36	0	  2.9268	0	34.3006	0	27.291	0	173.7	0	52.0	0	31.49	0	7.7153	0	7.4464	0
9662SoOcn	 5	C	02/20/2016	14:27	312.206	-54.553		   651.67	0	  2.3793	0	34.2034	0	27.265	0	197.7	0	58.4	0	30.75	0	7.7392	0	7.4591	0
9662SoOcn	 5	C	02/20/2016	14:27	312.206	-54.553		   600.73	0	  2.2941	0	34.1562	0	27.235	0	212.6	0	62.6	0	29.67	0	7.7623	0	7.4775	0
9662SoOcn	 5	C	02/20/2016	14:27	312.206	-54.553		   551.00	0	  2.7677	0	34.1828	0	27.21	0	206.9	0	61.7	0	29.31	0	7.7646	0	7.4845	0
9662SoOcn	 5	C	02/20/2016	14:27	312.206	-54.553		   501.44	0	  2.8313	0	34.1407	0	27.17	0	215.8	0	64.4	0	28.05	0	7.7916	0	7.5084	0
9662SoOcn	 5	C	02/20/2016	14:27	312.206	-54.553		   450.99	0	  3.1991	0	34.1390	0	27.131	0	221.1	0	66.6	0	27.49	0	7.7948	0	7.5148	0
9662SoOcn	 5	C	02/20/2016	14:27	312.206	-54.553		   399.92	0	  3.2749	0	34.1097	0	27.099	0	230.5	0	69.6	0	26.62	0	7.8111	0	7.5291	0
9662SoOcn	 5	C	02/20/2016	14:27	312.206	-54.553		   381.56	0	  3.2949	0	34.1021	0	27.09	0	232.6	0	70.2	0	26.31	0	7.8173	0	7.5345	0
9662SoOcn	 5	C	02/20/2016	14:27	312.206	-54.553		   361.48	0	  3.3785	0	34.0956	0	27.076	0	236.6	0	71.6	0	25.93	0	7.8250	0	7.5421	0
9662SoOcn	 5	C	02/20/2016	14:27	312.206	-54.553		   351.36	0	  3.4594	0	34.0955	0	27.068	0	237.6	0	72.0	0	25.56	0	7.8261	0	7.5438	0
9662SoOcn	 5	C	02/20/2016	14:27	312.206	-54.553		   341.48	0	  3.4837	0	34.0950	0	27.065	0	238.7	0	72.4	0	25.62	0	7.8278	0	7.5454	0
9662SoOcn	 5	C	02/20/2016	14:27	312.206	-54.553		   331.32	0	  3.5677	0	34.0989	0	27.059	0	238.6	0	72.5	0	25.55	0	7.8280	0	7.5465	0
9662SoOcn	 5	C	02/20/2016	14:27	312.206	-54.553		   321.53	0	  3.5932	0	34.1004	0	27.057	0	238.7	0	72.6	0	25.20	0	7.8300	0	7.5483	0
9662SoOcn	 5	C	02/20/2016	14:27	312.206	-54.553		   310.54	0	  3.6321	0	34.1005	0	27.053	0	239.0	0	72.7	0	25.23	0	7.8319	0	7.5502	0
9662SoOcn	 5	C	02/20/2016	14:27	312.206	-54.553		   300.74	0	  3.6761	0	34.1016	0	27.049	0	239.2	0	72.9	0	25.04	0	7.8347	0	7.5530	0
9662SoOcn	 5	C	02/20/2016	14:27	312.206	-54.553		   291.70	0	  3.7782	0	34.1034	0	27.04	0	239.4	0	73.1	0	24.80	0	7.8358	0	7.5552	0
9662SoOcn	 5	C	02/20/2016	14:27	312.206	-54.553		   280.82	0	  3.8154	0	34.1042	0	27.036	0	240.1	0	73.4	0	24.63	0	7.8378	0	7.5571	0
9662SoOcn	 5	C	02/20/2016	14:27	312.206	-54.553		   271.06	0	  3.8537	0	34.1046	0	27.032	0	240.6	0	73.6	0	24.42	0	7.8397	0	7.5591	0
9662SoOcn	 5	C	02/20/2016	14:27	312.206	-54.553		   261.11	0	  3.9153	0	34.1066	0	27.027	0	241.0	0	73.9	0	24.44	0	7.8410	0	7.5609	0
9662SoOcn	 5	C	02/20/2016	14:27	312.206	-54.553		   251.68	0	  3.9518	0	34.1052	0	27.022	0	241.4	0	74.1	0	24.38	0	7.8410	0	7.5611	0
9662SoOcn	 5	C	02/20/2016	14:27	312.206	-54.553		   241.16	0	  3.9914	0	34.1065	0	27.019	0	242.0	0	74.3	0	23.94	0	7.8436	0	7.5637	0
9662SoOcn	 5	C	02/20/2016	14:27	312.206	-54.553		   231.65	0	  4.0475	0	34.1077	0	27.013	0	242.6	0	74.6	0	23.93	0	7.8460	0	7.5663	0
9662SoOcn	 5	C	02/20/2016	14:27	312.206	-54.553		   218.55	0	  4.0915	0	34.1084	0	27.009	0	243.1	0	74.8	0	23.81	0	7.8459	0	7.5664	0
9662SoOcn	 5	C	02/20/2016	14:27	312.206	-54.553		   210.88	0	  4.0999	0	34.1092	0	27.009	0	243.3	0	74.9	0	23.88	0	7.8468	0	7.5671	0
9662SoOcn	 5	C	02/20/2016	14:27	312.206	-54.553		   201.01	0	  4.1295	0	34.1097	0	27.006	0	243.5	0	75.0	0	23.80	0	7.8492	0	7.5693	0
9662SoOcn	 5	C	02/20/2016	14:27	312.206	-54.553		   190.97	0	  4.1997	0	34.1122	0	27.	0	243.8	0	75.3	0	23.55	0	7.8492	0	7.5700	0
9662SoOcn	 5	C	02/20/2016	14:27	312.206	-54.553		   181.41	0	  4.2536	0	34.1134	0	26.995	0	244.3	0	75.5	0	23.34	0	7.8513	0	7.5724	0
9662SoOcn	 5	C	02/20/2016	14:27	312.206	-54.553		   171.15	0	  4.3061	0	34.1142	0	26.989	0	244.9	0	75.8	0	23.22	0	7.8513	0	7.5727	0
9662SoOcn	 5	C	02/20/2016	14:27	312.206	-54.553		   161.62	0	  4.3335	0	34.1159	0	26.988	0	245.2	0	76.0	0	23.10	0	7.8514	0	7.5730	0
9662SoOcn	 5	C	02/20/2016	14:27	312.206	-54.553		   151.44	0	  4.3809	0	34.1173	0	26.983	0	245.4	0	76.1	0	22.96	0	7.8524	0	7.5741	0
9662SoOcn	 5	C	02/20/2016	14:27	312.206	-54.553		   141.30	0	  4.4664	0	34.1215	0	26.977	0	245.5	0	76.3	0	22.84	0	7.8532	0	7.5757	0
9662SoOcn	 5	C	02/20/2016	14:27	312.206	-54.553		   130.97	0	  4.5258	0	34.1203	0	26.969	0	246.3	0	76.6	0	22.69	0	7.8534	0	7.5765	0
9662SoOcn	 5	C	02/20/2016	14:27	312.206	-54.553		   121.20	0	  4.5449	0	34.1200	0	26.966	0	246.6	0	76.8	0	22.67	0	7.8536	0	7.5765	0
9662SoOcn	 5	C	02/20/2016	14:27	312.206	-54.553		   111.74	0	  4.5966	0	34.1158	0	26.957	0	246.6	0	76.9	0	22.65	0	7.8526	0	7.5761	0
9662SoOcn	 5	C	02/20/2016	14:27	312.206	-54.553		   101.76	0	  4.6398	0	34.1038	0	26.942	0	247.0	0	77.0	0	22.34	0	7.8591	0	7.5822	0
9662SoOcn	 5	C	02/20/2016	14:27	312.206	-54.553		    96.48	0	  4.7056	0	34.0811	0	26.916	0	247.3	0	77.3	0	22.09	0	7.8615	0	7.5852	0
9662SoOcn	 5	C	02/20/2016	14:27	312.206	-54.553		    91.26	0	  4.7709	0	34.0510	0	26.883	0	248.3	0	77.7	0	21.78	0	7.8686	0	7.5925	0
9662SoOcn	 5	C	02/20/2016	14:27	312.206	-54.553		    86.21	0	  4.8158	0	34.0279	0	26.859	0	250.3	0	78.4	0	21.50	0	7.8729	0	7.5969	0
9662SoOcn	 5	C	02/20/2016	14:27	312.206	-54.553		    80.99	0	  4.8236	0	34.0003	0	26.835	0	252.5	0	79.1	0	21.51	0	7.8759	0	7.5996	0
9662SoOcn	 5	C	02/20/2016	14:27	312.206	-54.553		    75.98	0	  4.7828	0	33.9746	0	26.819	0	254.3	0	79.5	0	21.47	0	7.8799	0	7.6025	0
9662SoOcn	 5	C	02/20/2016	14:27	312.206	-54.553		    71.32	0	  4.8497	0	33.9737	0	26.81	0	254.8	0	79.8	0	21.32	0	7.8811	0	7.6044	0
9662SoOcn	 5	C	02/20/2016	14:27	312.206	-54.553		    66.74	0	  4.8704	0	33.9751	0	26.809	0	255.6	0	80.1	0	21.33	0	7.8815	0	7.6049	0
9662SoOcn	 5	C	02/20/2016	14:27	312.206	-54.553		    61.46	0	  4.9095	0	33.9758	0	26.805	0	255.9	0	80.3	0	21.18	0	7.8838	0	7.6074	0
9662SoOcn	 5	C	02/20/2016	14:27	312.206	-54.553		    56.17	0	  4.9291	0	33.9770	0	26.803	0	256.1	0	80.4	0	21.16	0	7.8859	0	7.6094	0
9662SoOcn	 5	C	02/20/2016	14:27	312.206	-54.553		    51.44	0	  4.9884	0	33.9804	0	26.799	0	256.0	0	80.5	0	21.12	0	7.8888	0	7.6127	0
9662SoOcn	 5	C	02/20/2016	14:27	312.206	-54.553		    46.13	0	  5.0521	0	33.9846	0	26.795	0	256.2	0	80.7	0	20.85	0	7.8913	0	7.6157	0
9662SoOcn	 5	C	02/20/2016	14:27	312.206	-54.553		    41.45	0	  5.1721	0	33.9899	0	26.784	0	255.6	0	80.7	0	20.73	0	7.8934	0	7.6192	0
9662SoOcn	 5	C	02/20/2016	14:27	312.206	-54.553		    36.65	0	  5.1728	0	33.9904	0	26.784	0	256.4	0	80.9	0	20.74	0	7.8969	0	7.6223	0
9662SoOcn	 5	C	02/20/2016	14:27	312.206	-54.553		    31.41	0	  5.2926	0	34.0015	0	26.779	0	256.0	0	81.1	0	20.34	0	7.9003	0	7.6268	0
9662SoOcn	 5	C	02/20/2016	14:27	312.206	-54.553		    26.70	0	  5.3459	0	34.0096	0	26.779	0	256.2	0	81.2	0	20.26	0	7.9025	0	7.6295	0
9662SoOcn	 5	C	02/20/2016	14:27	312.206	-54.553		    21.37	0	  5.3647	0	34.0097	0	26.777	0	256.2	0	81.3	0	20.24	0	7.9033	0	7.6303	0
9662SoOcn	 5	C	02/20/2016	14:27	312.206	-54.553		    16.63	0	  5.3951	0	34.0143	0	26.777	0	256.2	0	81.3	0	20.06	0	7.9040	0	7.6312	0
9662SoOcn	 5	C	02/20/2016	14:27	312.206	-54.553		    10.82	0	  5.3999	0	34.0147	0	26.776	0	256.4	0	81.4	0	20.12	0	7.9058	0	7.6328	0
9662SoOcn	 5	C	02/20/2016	14:27	312.206	-54.553		     7.49	0	  5.4100	0	34.0151	0	26.775	0	256.3	0	81.4	0	20.08	0	7.9083	0	7.6351	0
9662SoOcn	 5	C	02/20/2016	14:27	312.206	-54.553																	
9662SoOcn	 6	C	03/01/2016	21:16	311.809	-53.240		  1898.80	0	  1.6951	0	34.7126	0	27.743	0	152.1	0	44.3	0	30.73	0	7.6960	0	7.4511	0
9662SoOcn	 6	C	03/01/2016	21:16	311.809	-53.240		  1797.75	0	  1.7700	0	34.7099	0	27.734	0	150.5	0	43.9	0	30.57	0	7.6954	0	7.4483	0
9662SoOcn	 6	C	03/01/2016	21:16	311.809	-53.240		  1698.04	0	  1.8510	0	34.7045	0	27.722	0	148.1	0	43.3	0	30.80	0	7.6936	0	7.4445	0
9662SoOcn	 6	C	03/01/2016	21:16	311.809	-53.240		  1599.42	0	  1.9249	0	34.7005	0	27.712	0	146.8	0	43.0	0	30.89	0	7.6947	0	7.4432	0
9662SoOcn	 6	C	03/01/2016	21:16	311.809	-53.240		  1498.94	0	  1.9974	0	34.6924	0	27.699	0	144.9	0	42.5	0	31.12	0	7.6936	0	7.4399	0
9662SoOcn	 6	C	03/01/2016	21:16	311.809	-53.240		  1399.62	0	  2.0840	0	34.6806	0	27.682	0	143.0	0	42.1	0	31.21	0	7.6907	0	7.4351	0
9662SoOcn	 6	C	03/01/2016	21:16	311.809	-53.240		  1298.45	0	  2.1745	0	34.6624	0	27.658	0	140.9	0	41.5	0	31.75	0	7.6898	0	7.4323	0
9662SoOcn	 6	C	03/01/2016	21:16	311.809	-53.240		  1199.32	0	  2.2388	0	34.6458	0	27.639	0	140.0	0	41.3	0	32.03	0	7.6884	0	7.4286	0
9662SoOcn	 6	C	03/01/2016	21:16	311.809	-53.240		  1098.92	0	  2.3067	0	34.6232	0	27.614	0	137.7	0	40.7	0	32.51	0	7.6843	0	7.4225	0
9662SoOcn	 6	C	03/01/2016	21:16	311.809	-53.240		   998.99	0	  2.3965	0	34.5848	0	27.574	0	138.1	0	40.9	0	32.86	0	7.6802	0	7.4167	0
9662SoOcn	 6	C	03/01/2016	21:16	311.809	-53.240		   950.98	0	  2.4199	0	34.5643	0	27.555	0	138.9	0	41.2	0	32.94	0	7.6748	0	7.4105	0
9662SoOcn	 6	C	03/01/2016	21:16	311.809	-53.240		   901.19	0	  2.4673	0	34.5522	0	27.541	0	139.3	0	41.3	0	32.95	0	7.6758	0	7.4104	0
9662SoOcn	 6	C	03/01/2016	21:16	311.809	-53.240		   851.23	0	  2.4823	0	34.5438	0	27.533	0	139.6	0	41.4	0	33.05	0	7.6760	0	7.4092	0
9662SoOcn	 6	C	03/01/2016	21:16	311.809	-53.240		   801.01	0	  2.5188	0	34.5258	0	27.514	0	140.3	0	41.7	0	33.07	0	7.6739	0	7.4061	0
9662SoOcn	 6	C	03/01/2016	21:16	311.809	-53.240		   751.69	0	  2.5487	0	34.5008	0	27.491	0	141.4	0	42.0	0	33.50	0	7.6754	0	7.4063	0
9662SoOcn	 6	C	03/01/2016	21:16	311.809	-53.240		   701.29	0	  2.6290	0	34.4755	0	27.463	0	144.0	0	42.9	0	33.22	0	7.6800	0	7.4100	0
9662SoOcn	 6	C	03/01/2016	21:16	311.809	-53.240		   651.39	0	  2.6668	0	34.4456	0	27.435	0	147.2	0	43.9	0	33.22	0	7.6817	0	7.4103	0
9662SoOcn	 6	C	03/01/2016	21:16	311.809	-53.240		   600.54	0	  2.6379	0	34.3949	0	27.396	0	155.8	0	46.4	0	32.97	0	7.6910	0	7.4168	0
9662SoOcn	 6	C	03/01/2016	21:16	311.809	-53.240		   551.34	0	  2.6679	0	34.3636	0	27.368	0	160.4	0	47.8	0	32.61	0	7.6988	0	7.4228	0
9662SoOcn	 6	C	03/01/2016	21:16	311.809	-53.240		   501.29	0	  2.3357	0	34.2930	0	27.342	0	175.1	0	51.7	0	32.30	0	7.7161	0	7.4324	0
9662SoOcn	 6	C	03/01/2016	21:16	311.809	-53.240		   450.53	0	  2.5697	0	34.2699	0	27.301	0	182.3	0	54.1	0	31.58	0	7.7302	0	7.4469	0
9662SoOcn	 6	C	03/01/2016	21:16	311.809	-53.240		   401.72	0	  2.4896	0	34.2345	0	27.28	0	192.3	0	57.0	0	31.11	0	7.7451	0	7.4579	0
9662SoOcn	 6	C	03/01/2016	21:16	311.809	-53.240		   380.90	0	  2.0944	0	34.1653	0	27.261	0	207.4	0	60.8	0	30.39	0	7.7670	0	7.4718	0
9662SoOcn	 6	C	03/01/2016	21:16	311.809	-53.240		   361.61	0	  1.8965	0	34.1333	0	27.253	0	217.0	0	63.3	0	29.92	0	7.7824	0	7.4825	0
9662SoOcn	 6	C	03/01/2016	21:16	311.809	-53.240		   351.33	0	  1.8083	0	34.1154	0	27.247	0	223.0	0	64.8	0	29.67	0	7.7858	0	7.4841	0
9662SoOcn	 6	C	03/01/2016	21:16	311.809	-53.240		   341.10	0	  1.8079	0	34.1091	0	27.242	0	225.9	0	65.7	0	29.61	0	7.7907	0	7.4883	0
9662SoOcn	 6	C	03/01/2016	21:16	311.809	-53.240		   329.37	0	  1.5432	0	34.0732	0	27.236	0	234.6	0	67.7	0	29.16	0	7.8037	0	7.4961	0
9662SoOcn	 6	C	03/01/2016	21:16	311.809	-53.240		   321.44	0	  1.3871	0	34.0526	0	27.233	0	241.4	0	69.4	0	28.90	0	7.8134	0	7.5027	0
9662SoOcn	 6	C	03/01/2016	21:16	311.809	-53.240		   310.75	0	  0.9832	0	34.0094	0	27.232	0	252.2	0	71.8	0	28.45	0	7.8297	0	7.5117	0
9662SoOcn	 6	C	03/01/2016	21:16	311.809	-53.240		   300.94	0	  0.7312	0	33.9795	0	27.229	0	262.6	0	74.2	0	28.23	0	7.8374	0	7.5150	0
9662SoOcn	 6	C	03/01/2016	21:16	311.809	-53.240		   291.21	0	  0.6841	0	33.9665	0	27.222	0	267.5	0	75.5	0	28.17	0	7.8394	0	7.5159	0
9662SoOcn	 6	C	03/01/2016	21:16	311.809	-53.240		   278.46	0	  0.5511	0	33.9481	0	27.218	0	270.9	0	76.2	0	27.90	0	7.8430	0	7.5169	0
9662SoOcn	 6	C	03/01/2016	21:16	311.809	-53.240		   269.93	0	  0.3901	0	33.9126	0	27.202	0	275.1	0	77.0	0	27.52	0	7.8476	0	7.5187	0
9662SoOcn	 6	C	03/01/2016	21:16	311.809	-53.240		   260.89	0	  0.8244	0	33.9463	0	27.194	0	269.4	0	76.3	0	27.97	0	7.8385	0	7.5160	0
9662SoOcn	 6	C	03/01/2016	21:16	311.809	-53.240		   251.06	0	  2.3673	0	34.0653	0	27.154	0	246.2	0	72.6	0	27.77	0	7.8173	0	7.5174	0
9662SoOcn	 6	C	03/01/2016	21:16	311.809	-53.240		   240.61	0	  2.6138	0	34.0936	0	27.153	0	238.2	0	70.7	0	27.88	0	7.8137	0	7.5171	0
9662SoOcn	 6	C	03/01/2016	21:16	311.809	-53.240		   231.01	0	  2.6812	0	34.0977	0	27.149	0	235.9	0	70.1	0	27.64	0	7.8134	0	7.5175	0
9662SoOcn	 6	C	03/01/2016	21:16	311.809	-53.240		   221.30	0	  2.6897	0	34.0986	0	27.149	0	235.3	0	70.0	0	27.67	0	7.8141	0	7.5179	0
9662SoOcn	 6	C	03/01/2016	21:16	311.809	-53.240		   211.31	0	  2.8253	0	34.1033	0	27.14	0	233.8	0	69.8	0	27.63	0	7.8099	0	7.5156	0
9662SoOcn	 6	C	03/01/2016	21:16	311.809	-53.240		   200.59	0	  2.8154	0	34.0943	0	27.133	0	233.0	0	69.5	0	27.39	0	7.8160	0	7.5207	0
9662SoOcn	 6	C	03/01/2016	21:16	311.809	-53.240		   191.05	0	  2.7193	0	34.0757	0	27.128	0	237.2	0	70.6	0	27.28	0	7.8202	0	7.5229	0
9662SoOcn	 6	C	03/01/2016	21:16	311.809	-53.240		   181.22	0	  2.5936	0	34.0473	0	27.117	0	241.3	0	71.5	0	27.44	0	7.8198	0	7.5205	0
9662SoOcn	 6	C	03/01/2016	21:16	311.809	-53.240		   170.99	0	  2.6923	0	34.0552	0	27.114	0	240.6	0	71.5	0	27.11	0	7.8196	0	7.5214	0
9662SoOcn	 6	C	03/01/2016	21:16	311.809	-53.240		   161.11	0	  2.6534	0	34.0467	0	27.111	0	242.5	0	72.0	0	26.94	0	7.8253	0	7.5257	0
9662SoOcn	 6	C	03/01/2016	21:16	311.809	-53.240		   151.19	0	  2.6473	0	34.0373	0	27.104	0	245.2	0	72.8	0	26.62	0	7.8288	0	7.5285	0
9662SoOcn	 6	C	03/01/2016	21:16	311.809	-53.240		   141.00	0	  2.5464	0	34.0154	0	27.096	0	250.0	0	74.0	0	26.42	0	7.8352	0	7.5327	0
9662SoOcn	 6	C	03/01/2016	21:16	311.809	-53.240		   131.57	0	  2.5751	0	34.0004	0	27.081	0	254.1	0	75.3	0	26.15	0	7.8392	0	7.5364	0
9662SoOcn	 6	C	03/01/2016	21:16	311.809	-53.240		   121.10	0	  2.6429	0	33.9934	0	27.068	0	256.7	0	76.2	0	26.00	0	7.8423	0	7.5398	0
9662SoOcn	 6	C	03/01/2016	21:16	311.809	-53.240		   111.79	0	  2.8808	0	33.9842	0	27.037	0	256.6	0	76.6	0	25.30	0	7.8464	0	7.5465	0
9662SoOcn	 6	C	03/01/2016	21:16	311.809	-53.240		   101.82	0	  3.4641	0	33.9051	0	26.911	0	258.9	0	78.4	0	23.53	0	7.8605	0	7.5672	0
9662SoOcn	 6	C	03/01/2016	21:16	311.809	-53.240		    96.21	0	  3.8083	0	33.8774	0	26.851	0	259.8	0	79.3	0	22.87	0	7.8684	0	7.5791	0
9662SoOcn	 6	C	03/01/2016	21:16	311.809	-53.240		    91.81	0	  3.8867	0	33.8778	0	26.843	0	261.4	0	79.9	0	22.68	0	7.8686	0	7.5802	0
9662SoOcn	 6	C	03/01/2016	21:16	311.809	-53.240		    86.39	0	  3.9226	0	33.8704	0	26.833	0	262.6	0	80.4	0	22.69	0	7.8713	0	7.5830	0
9662SoOcn	 6	C	03/01/2016	21:16	311.809	-53.240		    81.71	0	  4.0648	0	33.8625	0	26.81	0	262.3	0	80.6	0	22.59	0	7.8737	0	7.5870	0
9662SoOcn	 6	C	03/01/2016	21:16	311.809	-53.240		    76.51	0	  4.1006	0	33.8638	0	26.807	0	262.8	0	80.8	0	22.44	0	7.8740	0	7.5876	0
9662SoOcn	 6	C	03/01/2016	21:16	311.809	-53.240		    71.60	0	  4.1280	0	33.8658	0	26.806	0	262.9	0	80.9	0	22.45	0	7.8760	0	7.5896	0
9662SoOcn	 6	C	03/01/2016	21:16	311.809	-53.240		    66.35	0	  4.1624	0	33.8682	0	26.804	0	262.9	0	80.9	0	22.31	0	7.8774	0	7.5912	0
9662SoOcn	 6	C	03/01/2016	21:16	311.809	-53.240		    61.77	0	  4.1847	0	33.8702	0	26.803	0	262.9	0	81.0	0	22.30	0	7.8781	0	7.5921	0
9662SoOcn	 6	C	03/01/2016	21:16	311.809	-53.240		    56.52	0	  4.1898	0	33.8709	0	26.803	0	263.2	0	81.1	0	22.34	0	7.8804	0	7.5941	0
9662SoOcn	 6	C	03/01/2016	21:16	311.809	-53.240		    51.69	0	  4.1933	0	33.8704	0	26.802	0	263.3	0	81.1	0	22.26	0	7.8811	0	7.5946	0
9662SoOcn	 6	C	03/01/2016	21:16	311.809	-53.240		    46.77	0	  4.1964	0	33.8702	0	26.802	0	263.4	0	81.2	0	22.28	0	7.8839	0	7.5970	0
9662SoOcn	 6	C	03/01/2016	21:16	311.809	-53.240		    41.52	0	  4.1791	0	33.8637	0	26.798	0	264.1	0	81.4	0	22.30	0	7.8873	0	7.5997	0
9662SoOcn	 6	C	03/01/2016	21:16	311.809	-53.240		    36.49	0	  4.1812	0	33.8608	0	26.796	0	264.7	0	81.5	0	22.32	0	7.8905	0	7.6025	0
9662SoOcn	 6	C	03/01/2016	21:16	311.809	-53.240		    31.48	0	  4.1950	0	33.8579	0	26.792	0	265.0	0	81.6	0	22.30	0	7.8904	0	7.6025	0
9662SoOcn	 6	C	03/01/2016	21:16	311.809	-53.240		    26.46	0	  4.2109	0	33.8556	0	26.788	0	265.2	0	81.7	0	22.20	0	7.8941	0	7.6059	0
9662SoOcn	 6	C	03/01/2016	21:16	311.809	-53.240		    21.71	0	  4.2506	0	33.8539	0	26.782	0	265.6	0	81.9	0	22.34	0	7.8930	0	7.6053	0
9662SoOcn	 6	C	03/01/2016	21:16	311.809	-53.240		    16.42	0	  4.4157	0	33.8525	0	26.762	0	265.0	0	82.1	0	22.25	0	7.8898	0	7.6045	0
9662SoOcn	 6	C	03/01/2016	21:16	311.809	-53.240		    11.71	0	  4.4612	0	33.8552	0	26.759	0	265.1	0	82.2	0	22.47	0	7.8892	0	7.6044	0
9662SoOcn	 6	C	03/01/2016	21:16	311.809	-53.240		     7.53	0	  4.5068	0	33.8538	0	26.752	0	264.9	0	82.2	0	22.46	0	7.8895	0	7.6052	0
9662SoOcn	 6	C	03/01/2016	21:16	311.809	-53.240																	
