//0																									
Cruise	Station	Type	mon/day/yr	hh:mm	Lon [°E]	Lat [°N]	Bot. Depth[m]	Depth[m]	QF	Temperature[°C]	QF	Salinity	QF	Density	QF	Oxygen[µM]	QF	OxygenSat[%]	QF	Nitrate[µM]	QF	pHinsitu[Total]	QF	pH25C[Total]	QF
9666SoOcn	1	C	12/29/2015	5:31	270.747	-54.262		1799.4	0	2.4424	0	34.6107	0	27.591	0	153.3	0	45.5	0	32.69	0	7.691	0	7.4535	0
9666SoOcn	1	C	12/29/2015	5:31	270.747	-54.262		1699.5	0	2.5254	0	34.582	0	27.56	0	154.3	0	45.8	0	32.8	0	7.6901	0	7.4506	0
9666SoOcn	1	C	12/29/2015	5:31	270.747	-54.262		1598.56	0	2.5883	0	34.547	0	27.525	0	155.9	0	46.4	0	32.96	0	7.693	0	7.4507	0
9666SoOcn	1	C	12/29/2015	5:31	270.747	-54.262		1499.05	0	2.6996	0	34.5086	0	27.483	0	157.9	0	47.1	0	33.04	0	7.6975	0	7.4532	0
9666SoOcn	1	C	12/29/2015	5:31	270.747	-54.262		1399.96	0	2.8574	0	34.4646	0	27.431	0	159.5	0	47.8	0	33.24	0	7.6999	0	7.4543	0
9666SoOcn	1	C	12/29/2015	5:31	270.747	-54.262		1298.84	0	3.002	0	34.4201	0	27.38	0	165.2	0	49.6	0	32.74	0	7.7104	0	7.4626	0
9666SoOcn	1	C	12/29/2015	5:31	270.747	-54.262		1198.4	0	3.182	0	34.3824	0	27.331	0	171.7	0	51.8	0	32.3	0	7.7217	0	7.4721	0
9666SoOcn	1	C	12/29/2015	5:31	270.747	-54.262		1099.46	0	3.4234	0	34.3419	0	27.273	0	178.8	0	54.2	0	31.62	0	7.7367	0	7.486	0
9666SoOcn	1	C	12/29/2015	5:31	270.747	-54.262		999.68	0	3.7488	0	34.2953	0	27.2	0	190.1	0	58.1	0	30.36	0	7.7559	0	7.5048	0
9666SoOcn	1	C	12/29/2015	5:31	270.747	-54.262		951.16	0	3.9297	0	34.2828	0	27.17	0	193.6	0	59.4	0	29.82	0	7.7651	0	7.5142	0
9666SoOcn	1	C	12/29/2015	5:31	270.747	-54.262		901.68	0	4.1204	0	34.2641	0	27.133	0	199	0	61.4	0	29.1	0	7.776	0	7.5252	0
9666SoOcn	1	C	12/29/2015	5:31	270.747	-54.262		851.6	0	4.3077	0	34.2496	0	27.1	0	204.6	0	63.4	0	28.33	0	7.7866	0	7.5358	0
9666SoOcn	1	C	12/29/2015	5:31	270.747	-54.262		800.61	0	4.4852	0	34.2412	0	27.073	0	208.8	0	65	0	27.6	0	7.7954	0	7.5447	0
9666SoOcn	1	C	12/29/2015	5:31	270.747	-54.262		751.61	0	4.5638	0	34.2192	0	27.046	0	216.4	0	67.4	0	26.93	0	7.8086	0	7.5562	0
9666SoOcn	1	C	12/29/2015	5:31	270.747	-54.262		701.61	0	4.7181	0	34.2077	0	27.018	0	222.8	0	69.7	0	25.99	0	7.82	0	7.5672	0
9666SoOcn	1	C	12/29/2015	5:31	270.747	-54.262		650.94	0	4.8101	0	34.1826	0	26.986	0	234.7	0	73.6	0	24.6	0	7.8455	0	7.5902	0
9666SoOcn	1	C	12/29/2015	5:31	270.747	-54.262		601.57	0	4.8829	0	34.1682	0	26.966	0	246.9	0	77.5	0	23.51	0	7.859	0	7.602	0
9666SoOcn	1	C	12/29/2015	5:31	270.747	-54.262		551.76	0	4.9728	0	34.1634	0	26.951	0	257.8	0	81.1	0	22.33	0	7.8759	0	7.6171	0
9666SoOcn	1	C	12/29/2015	5:31	270.747	-54.262		500.64	0	5.0285	0	34.1657	0	26.946	0	270.4	0	85.2	0	21.06	0	7.895	0	7.6337	0
9666SoOcn	1	C	12/29/2015	5:31	270.747	-54.262		450.87	0	5.1069	0	34.1718	0	26.942	0	270.6	0	85.4	0	21	0	7.8943	0	7.6325	0
9666SoOcn	1	C	12/29/2015	5:31	270.747	-54.262		400.77	0	5.1542	0	34.1733	0	26.937	0	267.8	0	84.6	0	20.93	0	7.8988	0	7.6357	0
9666SoOcn	1	C	12/29/2015	5:31	270.747	-54.262		381.18	0	5.2417	0	34.1844	0	26.936	0	267	0	84.5	0	21.08	0	7.896	0	7.6337	0
9666SoOcn	1	C	12/29/2015	5:31	270.747	-54.262		360.92	0	5.2061	0	34.1761	0	26.933	0	266.1	0	84.2	0	21.31	0	7.8945	0	7.6312	0
9666SoOcn	1	C	12/29/2015	5:31	270.747	-54.262		350.91	0	5.2375	0	34.1788	0	26.931	0	266.1	0	84.3	0	20.88	0	7.8999	0	7.6362	0
9666SoOcn	1	C	12/29/2015	5:31	270.747	-54.262		340.84	0	5.2811	0	34.1853	0	26.931	0	268.1	0	85	0	20.83	0	7.9018	0	7.6382	0
9666SoOcn	1	C	12/29/2015	5:31	270.747	-54.262		331.26	0	5.2959	0	34.1859	0	26.93	0	268.5	0	85.1	0	20.71	0	7.9021	0	7.6384	0
9666SoOcn	1	C	12/29/2015	5:31	270.747	-54.262		321.22	0	5.3031	0	34.1863	0	26.93	0	268.7	0	85.2	0	20.73	0	7.9013	0	7.6374	0
9666SoOcn	1	C	12/29/2015	5:31	270.747	-54.262		311.46	0	5.3159	0	34.1872	0	26.929	0	268.8	0	85.3	0	20.64	0	7.9036	0	7.6394	0
9666SoOcn	1	C	12/29/2015	5:31	270.747	-54.262		301.45	0	5.319	0	34.186	0	26.927	0	269.4	0	85.5	0	20.47	0	7.9042	0	7.6397	0
9666SoOcn	1	C	12/29/2015	5:31	270.747	-54.262		290.5	0	5.3196	0	34.1837	0	26.925	0	269	0	85.4	0	20.82	0	7.9019	0	7.6372	0
9666SoOcn	1	C	12/29/2015	5:31	270.747	-54.262		281.38	0	5.3481	0	34.1863	0	26.924	0	267.4	0	84.9	0	20.57	0	7.9042	0	7.6394	0
9666SoOcn	1	C	12/29/2015	5:31	270.747	-54.262		270.65	0	5.3711	0	34.1893	0	26.924	0	268.1	0	85.2	0	20.58	0	7.9054	0	7.6405	0
9666SoOcn	1	C	12/29/2015	5:31	270.747	-54.262		261.01	0	5.3687	0	34.1871	0	26.922	0	267.6	0	85	0	20.6	0	7.9041	0	7.6389	0
9666SoOcn	1	C	12/29/2015	5:31	270.747	-54.262		250.78	0	5.3735	0	34.1833	0	26.918	0	268.1	0	85.2	0	20.58	0	7.9073	0	7.6416	0
9666SoOcn	1	C	12/29/2015	5:31	270.747	-54.262		240.64	0	5.3839	0	34.1812	0	26.915	0	269.2	0	85.5	0	20.39	0	7.9081	0	7.6421	0
9666SoOcn	1	C	12/29/2015	5:31	270.747	-54.262		231.38	0	5.4016	0	34.1826	0	26.914	0	269.3	0	85.6	0	20.29	0	7.9092	0	7.6432	0
9666SoOcn	1	C	12/29/2015	5:31	270.747	-54.262		221.53	0	5.4322	0	34.1851	0	26.912	0	269.2	0	85.6	0	20.45	0	7.9094	0	7.6434	0
9666SoOcn	1	C	12/29/2015	5:31	270.747	-54.262		210.86	0	5.4844	0	34.1901	0	26.91	0	267.9	0	85.3	0	20.29	0	7.9099	0	7.6443	0
9666SoOcn	1	C	12/29/2015	5:31	270.747	-54.262		200.77	0	5.5324	0	34.197	0	26.91	0	267.6	0	85.4	0	20.14	0	7.9122	0	7.6467	0
9666SoOcn	1	C	12/29/2015	5:31	270.747	-54.262		191.51	0	5.5498	0	34.1972	0	26.908	0	268.5	0	85.7	0	20.03	0	7.9121	0	7.6466	0
9666SoOcn	1	C	12/29/2015	5:31	270.747	-54.262		181.43	0	5.5743	0	34.1991	0	26.906	0	268.6	0	85.7	0	19.96	0	7.9131	0	7.6475	0
9666SoOcn	1	C	12/29/2015	5:31	270.747	-54.262		171.39	0	5.6327	0	34.2037	0	26.903	0	268.3	0	85.8	0	19.85	0	7.9168	0	7.6514	0
9666SoOcn	1	C	12/29/2015	5:31	270.747	-54.262		161.68	0	5.6586	0	34.2049	0	26.9	0	269.2	0	86.1	0	19.71	0	7.9183	0	7.6528	0
9666SoOcn	1	C	12/29/2015	5:31	270.747	-54.262		151.72	0	5.7315	0	34.2112	0	26.896	0	268.3	0	86	0	19.52	0	7.9199	0	7.6549	0
9666SoOcn	1	C	12/29/2015	5:31	270.747	-54.262		141.13	0	5.75	0	34.2033	0	26.887	0	269.6	0	86.4	0	19.21	0	7.925	0	7.6596	0
9666SoOcn	1	C	12/29/2015	5:31	270.747	-54.262		131.45	0	5.8397	0	34.1989	0	26.872	0	271.1	0	87.1	0	18.97	0	7.9269	0	7.6622	0
9666SoOcn	1	C	12/29/2015	5:31	270.747	-54.262		119.72	0	5.9525	0	34.1924	0	26.852	0	272.1	0	87.6	0	18.49	0	7.9344	0	7.6702	0
9666SoOcn	1	C	12/29/2015	5:31	270.747	-54.262		110.78	0	6.0631	0	34.1887	0	26.835	0	273	0	88.2	0	17.65	0	7.9528	0	7.6884	0
9666SoOcn	1	C	12/29/2015	5:31	270.747	-54.262		101.62	0	6.2808	0	34.1761	0	26.795	0	275.4	0	89.4	0	17.34	0	7.9562	0	7.6943	0
9666SoOcn	1	C	12/29/2015	5:31	270.747	-54.262		94.56	0	6.2905	0	34.1778	0	26.795	0	276.8	0	89.9	0	17.29	0	7.9568	0	7.6947	0
9666SoOcn	1	C	12/29/2015	5:31	270.747	-54.262		87.36	0	6.2951	0	34.1779	0	26.795	0	277.1	0	90	0	17.21	0	7.959	0	7.6966	0
9666SoOcn	1	C	12/29/2015	5:31	270.747	-54.262		80.4	0	6.3017	0	34.1775	0	26.794	0	277.9	0	90.2	0	17.3	0	7.958	0	7.6955	0
9666SoOcn	1	C	12/29/2015	5:31	270.747	-54.262		73.38	0	6.3046	0	34.1779	0	26.794	0	278.1	0	90.3	0	17.19	0	7.9613	0	7.6984	0
9666SoOcn	1	C	12/29/2015	5:31	270.747	-54.262		66.33	0	6.3115	0	34.1779	0	26.793	0	278.5	0	90.4	0	17.18	0	7.9601	0	7.6971	0
9666SoOcn	1	C	12/29/2015	5:31	270.747	-54.262		59.3	0	6.3124	0	34.1783	0	26.793	0	278.8	0	90.6	0	17.21	0	7.9636	0	7.7001	0
9666SoOcn	1	C	12/29/2015	5:31	270.747	-54.262		51.65	0	6.3382	0	34.1742	0	26.786	0	280	0	91	0	16.93	0	7.9653	0	7.7018	0
9666SoOcn	1	C	12/29/2015	5:31	270.747	-54.262		44.61	0	6.3538	0	34.1755	0	26.785	0	281.1	0	91.4	0	17.06	0	7.9638	0	7.7004	0
9666SoOcn	1	C	12/29/2015	5:31	270.747	-54.262		37.26	0	6.4031	0	34.1775	0	26.78	0	280.9	0	91.4	0	16.9	0	7.9634	0	7.7005	0
9666SoOcn	1	C	12/29/2015	5:31	270.747	-54.262		29.7	0	6.4878	0	34.178	0	26.769	0	281	0	91.6	0	16.74	0	7.966	0	7.7038	0
9666SoOcn	1	C	12/29/2015	5:31	270.747	-54.262		22.5	0	6.6914	0	34.1755	0	26.739	0	279.8	0	91.7	0	16.56	0	7.9638	0	7.7044	0
9666SoOcn	1	C	12/29/2015	5:31	270.747	-54.262		15.46	0	6.7378	0	34.1797	0	26.736	0	279.7	0	91.7	0	16.51	0	7.9636	0	7.7047	0
9666SoOcn	1	C	12/29/2015	5:31	270.747	-54.262		8.08	0	6.7548	0	34.1778	0	26.732	0	279.9	0	91.9	0	16.41	0	7.9656	0	7.7065	0
9666SoOcn	1	C	12/29/2015	5:31	270.747	-54.262																			
9666SoOcn	2	C	1/8/2016	12:18	270.35	-53.569		1898.12	0	2.3945	0	35.5783	8	28.384	8	151.5	8	45.2	8	30.54	0	7.761	0	7.5202	0
9666SoOcn	2	C	1/8/2016	12:18	270.35	-53.569		1798.49	0	2.4648	0	35.4334	8	28.26	8	152.2	8	45.4	8	30.83	0	7.7625	0	7.5193	0
9666SoOcn	2	C	1/8/2016	12:18	270.35	-53.569		1698.36	0	2.5993	0	35.2181	8	28.071	8	154.5	8	46.2	8	31.23	0	7.7581	0	7.5139	0
9666SoOcn	2	C	1/8/2016	12:18	270.35	-53.569		1599.62	0	2.6826	0	35.2936	8	28.125	8	156.2	8	46.8	8	31.2	0	7.762	0	7.5153	0
9666SoOcn	2	C	1/8/2016	12:18	270.35	-53.569		1499.11	0	2.7302	0	35.252	8	28.086	8	157.8	8	47.3	8	31.27	0	7.7673	0	7.5175	0
9666SoOcn	2	C	1/8/2016	12:18	270.35	-53.569		1398.71	0	2.794	0	35.6327	8	28.391	8	159	8	47.9	8	30.85	0	7.7754	0	7.5226	0
9666SoOcn	2	C	1/8/2016	12:18	270.35	-53.569		1299.62	0	2.9117	0	34.7857	8	27.688	8	163.2	8	49	8	31.37	0	7.7723	0	7.5181	0
9666SoOcn	2	C	1/8/2016	12:18	270.35	-53.569		1198.63	0	3.0227	0	34.6378	8	27.556	8	172.1	8	51.8	8	31.04	0	7.7818	0	7.525	0
9666SoOcn	2	C	1/8/2016	12:18	270.35	-53.569		1099.29	0	3.3568	0	34.3778	8	27.309	8	177.9	8	53.9	8	30.66	0	7.7927	0	7.5363	0
9666SoOcn	2	C	1/8/2016	12:18	270.35	-53.569		998.87	0	3.696	0	34.3124	8	27.22	8	187.9	8	57.4	8	29.59	0	7.8119	0	7.5553	0
9666SoOcn	2	C	1/8/2016	12:18	270.35	-53.569		951.53	0	3.85	0	34.2877	0	27.183	0	191.7	0	58.7	0	29.13	0	7.8186	0	7.5621	0
9666SoOcn	2	C	1/8/2016	12:18	270.35	-53.569		901.4	0	4.0806	0	34.2683	0	27.141	0	197.3	0	60.8	0	28.27	0	7.8289	0	7.573	0
9666SoOcn	2	C	1/8/2016	12:18	270.35	-53.569		850.99	0	4.3229	0	34.2486	0	27.098	0	203.7	0	63.1	0	27.48	0	7.8416	0	7.5864	0
9666SoOcn	2	C	1/8/2016	12:18	270.35	-53.569		801.33	0	4.5245	0	34.2333	0	27.062	0	210.7	0	65.6	0	26.35	0	7.8563	0	7.6011	0
9666SoOcn	2	C	1/8/2016	12:18	270.35	-53.569		750.89	0	4.6701	0	34.2165	0	27.031	0	218.5	0	68.3	0	25.56	0	7.8673	0	7.6116	0
9666SoOcn	2	C	1/8/2016	12:18	270.35	-53.569		700.98	0	4.7108	0	34.1885	0	27.003	0	231.2	0	72.3	0	24.13	0	7.8892	0	7.6306	0
9666SoOcn	2	C	1/8/2016	12:18	270.35	-53.569		650.72	0	4.9035	0	34.1907	0	26.982	0	236.7	0	74.3	0	23.49	0	7.8996	0	7.6411	0
9666SoOcn	2	C	1/8/2016	12:18	270.35	-53.569		601	0	5.0095	0	34.1819	0	26.962	0	245.8	0	77.4	0	22.51	0	7.912	0	7.6523	0
9666SoOcn	2	C	1/8/2016	12:18	270.35	-53.569		551.63	0	5.1205	0	34.1808	0	26.948	0	257.4	0	81.3	0	21.16	0	7.9287	0	7.6676	0
9666SoOcn	2	C	1/8/2016	12:18	270.35	-53.569		501.42	0	5.2002	0	34.1837	0	26.94	0	267	0	84.5	0	20.17	0	7.9442	0	7.6813	0
9666SoOcn	2	C	1/8/2016	12:18	270.35	-53.569		451.45	0	5.2614	0	34.1889	0	26.937	0	269.5	0	85.4	0	19.83	0	7.9472	0	7.6832	0
9666SoOcn	2	C	1/8/2016	12:18	270.35	-53.569		401.35	0	5.2914	0	34.1906	0	26.935	0	270.9	0	85.9	0	19.6	0	7.9511	0	7.6856	0
9666SoOcn	2	C	1/8/2016	12:18	270.35	-53.569		380.76	0	5.2997	0	34.1901	0	26.933	0	271.3	0	86	0	19.58	0	7.9529	0	7.6867	0
9666SoOcn	2	C	1/8/2016	12:18	270.35	-53.569		361.46	0	5.3086	0	34.19	0	26.932	0	271.8	0	86.2	0	19.47	0	7.9542	0	7.6873	0
9666SoOcn	2	C	1/8/2016	12:18	270.35	-53.569		350.74	0	5.3132	0	34.1898	0	26.931	0	271.7	0	86.2	0	19.61	0	7.9527	0	7.6856	0
9666SoOcn	2	C	1/8/2016	12:18	270.35	-53.569		341.56	0	5.3158	0	34.1898	0	26.931	0	271.6	0	86.2	0	19.8	0	7.9519	0	7.6846	0
9666SoOcn	2	C	1/8/2016	12:18	270.35	-53.569		331.36	0	5.3312	0	34.1911	0	26.93	0	269.2	0	85.4	0	19.83	0	7.9506	0	7.6834	0
9666SoOcn	2	C	1/8/2016	12:18	270.35	-53.569		321.06	0	5.3444	0	34.1918	0	26.929	0	268	0	85.1	0	19.95	0	7.9499	0	7.6826	0
9666SoOcn	2	C	1/8/2016	12:18	270.35	-53.569		311.15	0	5.3467	0	34.1908	0	26.928	0	267.6	0	85	0	19.97	0	7.9512	0	7.6835	0
9666SoOcn	2	C	1/8/2016	12:18	270.35	-53.569		301.26	0	5.354	0	34.1904	0	26.927	0	267.6	0	85	0	19.8	0	7.9519	0	7.6839	0
9666SoOcn	2	C	1/8/2016	12:18	270.35	-53.569		291.12	0	5.3611	0	34.1901	0	26.925	0	268.4	0	85.2	0	19.88	0	7.9528	0	7.6844	0
9666SoOcn	2	C	1/8/2016	12:18	270.35	-53.569		281.46	0	5.3738	0	34.1904	0	26.924	0	268.5	0	85.3	0	19.67	0	7.9533	0	7.6848	0
9666SoOcn	2	C	1/8/2016	12:18	270.35	-53.569		270.98	0	5.3977	0	34.1925	0	26.923	0	268.1	0	85.2	0	19.77	0	7.954	0	7.6854	0
9666SoOcn	2	C	1/8/2016	12:18	270.35	-53.569		261.32	0	5.4102	0	34.1931	0	26.922	0	267.9	0	85.2	0	19.75	0	7.9544	0	7.6857	0
9666SoOcn	2	C	1/8/2016	12:18	270.35	-53.569		251.05	0	5.4142	0	34.1921	0	26.92	0	268.3	0	85.3	0	19.59	0	7.9567	0	7.6875	0
9666SoOcn	2	C	1/8/2016	12:18	270.35	-53.569		241.04	0	5.4307	0	34.1925	0	26.919	0	269.2	0	85.6	0	19.57	0	7.957	0	7.6877	0
9666SoOcn	2	C	1/8/2016	12:18	270.35	-53.569		231.16	0	5.4396	0	34.193	0	26.918	0	269.3	0	85.7	0	19.48	0	7.9575	0	7.6879	0
9666SoOcn	2	C	1/8/2016	12:18	270.35	-53.569		221.55	0	5.4453	0	34.1926	0	26.917	0	269.4	0	85.7	0	19.46	0	7.957	0	7.6872	0
9666SoOcn	2	C	1/8/2016	12:18	270.35	-53.569		211.23	0	5.446	0	34.1886	0	26.914	0	268.6	0	85.5	0	19.69	0	7.9562	0	7.6862	0
9666SoOcn	2	C	1/8/2016	12:18	270.35	-53.569		201.03	0	5.4658	0	34.19	0	26.912	0	266.9	0	85	0	19.73	0	7.9577	0	7.6875	0
9666SoOcn	2	C	1/8/2016	12:18	270.35	-53.569		191.42	0	5.4675	0	34.1881	0	26.911	0	266.6	0	84.9	0	19.71	0	7.9585	0	7.6879	0
9666SoOcn	2	C	1/8/2016	12:18	270.35	-53.569		179.44	0	5.5582	0	34.1965	0	26.906	0	266.9	0	85.2	0	19.43	0	7.9628	0	7.6927	0
9666SoOcn	2	C	1/8/2016	12:18	270.35	-53.569		170.17	0	5.6279	0	34.202	0	26.902	0	267.6	0	85.5	0	19.19	0	7.9634	0	7.694	0
9666SoOcn	2	C	1/8/2016	12:18	270.35	-53.569		160.53	0	5.6579	0	34.2037	0	26.899	0	267.5	0	85.5	0	19.03	0	7.9646	0	7.6952	0
9666SoOcn	2	C	1/8/2016	12:18	270.35	-53.569		150.79	0	5.6834	0	34.2045	0	26.897	0	267.3	0	85.6	0	19.16	0	7.9659	0	7.6964	0
9666SoOcn	2	C	1/8/2016	12:18	270.35	-53.569		141.66	0	5.734	0	34.2066	0	26.892	0	267.1	0	85.6	0	18.95	0	7.9674	0	7.6982	0
9666SoOcn	2	C	1/8/2016	12:18	270.35	-53.569		131.59	0	5.7798	0	34.2059	0	26.886	0	267.3	0	85.7	0	18.79	0	7.9699	0	7.7008	0
9666SoOcn	2	C	1/8/2016	12:18	270.35	-53.569		121.39	0	5.8366	0	34.1919	0	26.867	0	269.3	0	86.5	0	18.16	0	7.9781	0	7.7088	0
9666SoOcn	2	C	1/8/2016	12:18	270.35	-53.569		110.79	0	5.958	0	34.1884	0	26.848	0	271.1	0	87.3	0	17.78	0	7.9829	0	7.7145	0
9666SoOcn	2	C	1/8/2016	12:18	270.35	-53.569		101.59	0	6.1163	0	34.172	0	26.814	0	271.9	0	87.9	0	17.16	0	7.9932	0	7.7259	0
9666SoOcn	2	C	1/8/2016	12:18	270.35	-53.569		95.57	0	6.1496	0	34.1617	0	26.801	0	273.1	0	88.3	0	17.14	0	7.9945	0	7.7273	0
9666SoOcn	2	C	1/8/2016	12:18	270.35	-53.569		89.15	0	6.1702	0	34.1613	0	26.798	0	273.7	0	88.6	0	17.11	0	7.9977	0	7.7303	0
9666SoOcn	2	C	1/8/2016	12:18	270.35	-53.569		83.24	0	6.1847	0	34.1541	0	26.79	0	274.4	0	88.8	0	16.99	0	8.0014	0	7.7338	0
9666SoOcn	2	C	1/8/2016	12:18	270.35	-53.569		77.42	0	6.2291	0	34.1553	0	26.785	0	275.1	0	89.1	0	16.81	0	8.001	0	7.7338	0
9666SoOcn	2	C	1/8/2016	12:18	270.35	-53.569		71.66	0	6.2665	0	34.1584	0	26.783	0	275.3	0	89.3	0	16.8	0	8.0052	0	7.738	0
9666SoOcn	2	C	1/8/2016	12:18	270.35	-53.569		66.03	0	6.3049	0	34.1593	0	26.778	0	276.2	0	89.7	0	16.64	0	8.0084	0	7.7413	0
9666SoOcn	2	C	1/8/2016	12:18	270.35	-53.569		60.37	0	6.4578	0	34.1612	0	26.759	0	276.2	0	90	0	16.38	0	8.0113	0	7.7459	0
9666SoOcn	2	C	1/8/2016	12:18	270.35	-53.569		55.32	0	6.6339	0	34.1704	0	26.743	0	275.4	0	90.1	0	16.06	0	8.0242	0	7.7601	0
9666SoOcn	2	C	1/8/2016	12:18	270.35	-53.569		50.27	0	6.9658	0	34.1585	0	26.687	0	274.8	0	90.6	0	15.32	0	8.0272	0	7.7673	0
9666SoOcn	2	C	1/8/2016	12:18	270.35	-53.569		45.68	0	7.0518	0	34.1559	0	26.673	0	277.1	0	91.5	0	15.33	0	8.0276	0	7.7687	0
9666SoOcn	2	C	1/8/2016	12:18	270.35	-53.569		41.02	0	7.0889	0	34.1541	0	26.666	0	278.2	0	92	0	15.19	0	8.0276	0	7.7692	0
9666SoOcn	2	C	1/8/2016	12:18	270.35	-53.569		36.48	0	7.1523	0	34.1523	0	26.656	0	278.7	0	92.3	0	15.25	0	8.0264	0	7.7688	0
9666SoOcn	2	C	1/8/2016	12:18	270.35	-53.569		32.34	0	7.1862	0	34.1523	0	26.651	0	279.3	0	92.5	0	15.29	0	8.0275	0	7.7701	0
9666SoOcn	2	C	1/8/2016	12:18	270.35	-53.569		28.24	0	7.2503	0	34.1512	0	26.641	0	279.1	0	92.6	0	15.17	0	8.0266	0	7.7701	0
9666SoOcn	2	C	1/8/2016	12:18	270.35	-53.569		24.06	0	7.4406	0	34.1477	0	26.611	0	278	0	92.6	0	14.98	0	8.024	0	7.7703	0
9666SoOcn	2	C	1/8/2016	12:18	270.35	-53.569		19.8	0	7.5071	0	34.1474	0	26.601	0	278	0	92.8	0	15.11	0	8.0231	0	7.7702	0
9666SoOcn	2	C	1/8/2016	12:18	270.35	-53.569		15.62	0	7.5181	0	34.1489	0	26.6	0	278.1	0	92.8	0	15.03	0	8.0233	0	7.7704	0
9666SoOcn	2	C	1/8/2016	12:18	270.35	-53.569		11.43	0	7.5351	0	34.1486	0	26.598	0	277.9	0	92.8	0	14.99	0	8.024	0	7.7711	0
9666SoOcn	2	C	1/8/2016	12:18	270.35	-53.569		7.26	0	7.5353	0	34.1486	0	26.598	0	278.1	0	92.9	0	15.02	0	8.0248	0	7.7718	0
9666SoOcn	2	C	1/8/2016	12:18	270.35	-53.569																			
9666SoOcn	3	C	1/18/2016	19:12	270.291	-53.289		1898.42	0	2.3702	0	64.4061	8	51.878	8	124.6	8	45.1	8		8	8.1222	8	7.851	8
9666SoOcn	3	C	1/18/2016	19:12	270.291	-53.289		1799.42	0	2.4452	0	63.9126	8	51.475	8	124.3	8	45	8		8	8.1151	8	7.8423	8
9666SoOcn	3	C	1/18/2016	19:12	270.291	-53.289		1699	0	2.5385	0	63.5409	8	51.171	8	124.5	8	45	8		8	8.1121	8	7.8375	8
9666SoOcn	3	C	1/18/2016	19:12	270.291	-53.289		1598.8	0	2.6042	0	63.0545	8	50.773	8	128.2	8	46.3	8		8	8.1095	8	7.8328	8
9666SoOcn	3	C	1/18/2016	19:12	270.291	-53.289		1499.01	0	2.7048	0	61.862	8	49.799	8	130.8	8	47	8		8	8.1007	8	7.8228	8
9666SoOcn	3	C	1/18/2016	19:12	270.291	-53.289		1398.55	0	2.8154	0	61.0859	8	49.163	8	134.1	8	48	8		8	8.098	8	7.8186	8
9666SoOcn	3	C	1/18/2016	19:12	270.291	-53.289		1299.12	0	2.9133	0	58.8528	8	47.337	8	140.3	8	49.6	8		8	8.0799	8	7.8	8
9666SoOcn	3	C	1/18/2016	19:12	270.291	-53.289		1198.68	0	3.0768	0	51.8374	8	41.601	8	153.5	8	52	8		8	8.0081	8	7.7332	8
9666SoOcn	3	C	1/18/2016	19:12	270.291	-53.289		1098.88	0	3.3804	0	42.862	8	34.245	8	166.8	8	53.5	8		8	7.9086	8	7.6429	8
9666SoOcn	3	C	1/18/2016	19:12	270.291	-53.289		999.84	0	3.6906	0	34.8637	8	27.672	8	186.6	8	57.2	8	28.98	0	7.8184	8	7.5613	8
9666SoOcn	3	C	1/18/2016	19:12	270.291	-53.289		950.77	0	3.7985	0	35.297	8	28.015	8	191.7	8	59.1	8	27.89	0	7.8363	0	7.5775	0
9666SoOcn	3	C	1/18/2016	19:12	270.291	-53.289		901.11	0	3.9887	0	34.2678	0	27.151	0	198.8	0	61.1	0	28.42	0	7.833	0	7.5756	0
9666SoOcn	3	C	1/18/2016	19:12	270.291	-53.289		851.6	0	4.1681	0	34.2487	0	27.115	0	203.7	0	62.9	0	27.79	0	7.8409	0	7.5837	0
9666SoOcn	3	C	1/18/2016	19:12	270.291	-53.289		801.6	0	4.3012	0	34.2232	0	27.079	0	212.3	0	65.7	0	26.8	0	7.8572	0	7.5988	0
9666SoOcn	3	C	1/18/2016	19:12	270.291	-53.289		750.78	0	4.4512	0	34.2054	0	27.047	0	221.2	0	68.7	0	25.7	0	7.8706	0	7.6116	0
9666SoOcn	3	C	1/18/2016	19:12	270.291	-53.289		701.45	0	4.7366	0	34.2074	0	27.016	0	223.9	0	70.1	0	24.94	0	7.8806	0	7.623	0
9666SoOcn	3	C	1/18/2016	19:12	270.291	-53.289		651.56	0	4.7463	0	34.177	0	26.989	0	239.3	0	74.9	0	23.75	0	7.9004	0	7.6397	0
9666SoOcn	3	C	1/18/2016	19:12	270.291	-53.289		601.74	0	5.0119	0	34.1853	0	26.964	0	246.1	0	77.5	0	22.53	0	7.9156	0	7.6557	0
9666SoOcn	3	C	1/18/2016	19:12	270.291	-53.289		551.19	0	5.1122	0	34.184	0	26.951	0	255.2	0	80.6	0	21.35	0	7.9306	0	7.6692	0
9666SoOcn	3	C	1/18/2016	19:12	270.291	-53.289		500.66	0	5.1945	0	34.191	0	26.947	0	265.8	0	84.1	0	20.19	0	7.9481	0	7.6847	0
9666SoOcn	3	C	1/18/2016	19:12	270.291	-53.289		450.76	0	5.2627	0	34.1892	0	26.937	0	270.9	0	85.8	0	19.7	0	7.9533	0	7.6888	0
9666SoOcn	3	C	1/18/2016	19:12	270.291	-53.289		401.1	0	5.2813	0	34.1905	0	26.936	0	272	0	86.2	0	19.47	0	7.9562	0	7.69	0
9666SoOcn	3	C	1/18/2016	19:12	270.291	-53.289		381.75	0	5.2847	0	34.1903	0	26.935	0	271.9	0	86.2	0	19.54	0	7.9561	0	7.6894	0
9666SoOcn	3	C	1/18/2016	19:12	270.291	-53.289		361.56	0	5.2869	0	34.1891	0	26.934	0	271.7	0	86.1	0	19.58	0	7.9568	0	7.6894	0
9666SoOcn	3	C	1/18/2016	19:12	270.291	-53.289		351.72	0	5.2877	0	34.1884	0	26.933	0	271.8	0	86.2	0	19.59	0	7.9578	0	7.69	0
9666SoOcn	3	C	1/18/2016	19:12	270.291	-53.289		340.61	0	5.3037	0	34.1894	0	26.932	0	271.4	0	86.1	0	19.67	0	7.9561	0	7.6883	0
9666SoOcn	3	C	1/18/2016	19:12	270.291	-53.289		331.21	0	5.3114	0	34.1892	0	26.931	0	271.3	0	86.1	0	19.61	0	7.9574	0	7.6893	0
9666SoOcn	3	C	1/18/2016	19:12	270.291	-53.289		320.9	0	5.3112	0	34.1889	0	26.931	0	271.2	0	86	0	19.63	0	7.958	0	7.6895	0
9666SoOcn	3	C	1/18/2016	19:12	270.291	-53.289		311.57	0	5.3142	0	34.1878	0	26.929	0	271	0	86	0	19.73	0	7.9564	0	7.6877	0
9666SoOcn	3	C	1/18/2016	19:12	270.291	-53.289		301.62	0	5.3229	0	34.1873	0	26.928	0	270.6	0	85.8	0	19.77	0	7.9581	0	7.6892	0
9666SoOcn	3	C	1/18/2016	19:12	270.291	-53.289		290.7	0	5.3336	0	34.1874	0	26.927	0	270.2	0	85.8	0	19.76	0	7.9582	0	7.689	0
9666SoOcn	3	C	1/18/2016	19:12	270.291	-53.289		281.71	0	5.3547	0	34.1887	0	26.925	0	269.9	0	85.7	0	19.64	0	7.9586	0	7.6894	0
9666SoOcn	3	C	1/18/2016	19:12	270.291	-53.289		271.09	0	5.3742	0	34.1898	0	26.924	0	269.6	0	85.7	0	19.73	0	7.9584	0	7.6892	0
9666SoOcn	3	C	1/18/2016	19:12	270.291	-53.289		261.66	0	5.3939	0	34.1908	0	26.922	0	269.4	0	85.6	0	19.59	0	7.9587	0	7.6893	0
9666SoOcn	3	C	1/18/2016	19:12	270.291	-53.289		251.07	0	5.4074	0	34.1914	0	26.921	0	269.3	0	85.6	0	19.53	0	7.9602	0	7.6906	0
9666SoOcn	3	C	1/18/2016	19:12	270.291	-53.289		240.92	0	5.4084	0	34.1897	0	26.919	0	269.4	0	85.6	0	19.74	0	7.9601	0	7.6902	0
9666SoOcn	3	C	1/18/2016	19:12	270.291	-53.289		230.88	0	5.4395	0	34.1921	0	26.917	0	269.3	0	85.7	0	19.54	0	7.9601	0	7.6903	0
9666SoOcn	3	C	1/18/2016	19:12	270.291	-53.289		221.59	0	5.4558	0	34.1921	0	26.915	0	268.6	0	85.5	0	19.66	0	7.9594	0	7.6895	0
9666SoOcn	3	C	1/18/2016	19:12	270.291	-53.289		210.89	0	5.4717	0	34.1923	0	26.913	0	268.3	0	85.4	0	19.71	0	7.9625	0	7.6922	0
9666SoOcn	3	C	1/18/2016	19:12	270.291	-53.289		201.45	0	5.5092	0	34.1951	0	26.911	0	268.2	0	85.5	0	19.5	0	7.9622	0	7.6922	0
9666SoOcn	3	C	1/18/2016	19:12	270.291	-53.289		191.26	0	5.5283	0	34.1957	0	26.909	0	268.2	0	85.5	0	19.43	0	7.9637	0	7.6935	0
9666SoOcn	3	C	1/18/2016	19:12	270.291	-53.289		181.74	0	5.5694	0	34.1995	0	26.907	0	268	0	85.5	0	19.36	0	7.9651	0	7.695	0
9666SoOcn	3	C	1/18/2016	19:12	270.291	-53.289		169.98	0	5.5846	0	34.2002	0	26.906	0	267.7	0	85.5	0	19.37	0	7.9652	0	7.695	0
9666SoOcn	3	C	1/18/2016	19:12	270.291	-53.289		161.17	0	5.5995	0	34.201	0	26.904	0	267.6	0	85.5	0	19.28	0	7.967	0	7.6966	0
9666SoOcn	3	C	1/18/2016	19:12	270.291	-53.289		150.72	0	5.6574	0	34.2048	0	26.9	0	267.2	0	85.5	0	19.23	0	7.9682	0	7.6982	0
9666SoOcn	3	C	1/18/2016	19:12	270.291	-53.289		141.24	0	5.7082	0	34.2069	0	26.896	0	267	0	85.5	0	19.06	0	7.9698	0	7.7	0
9666SoOcn	3	C	1/18/2016	19:12	270.291	-53.289		131.33	0	5.7339	0	34.1969	0	26.884	0	267.8	0	85.8	0	18.98	0	7.9728	0	7.7027	0
9666SoOcn	3	C	1/18/2016	19:12	270.291	-53.289		121.43	0	5.8432	0	34.1889	0	26.863	0	268.9	0	86.4	0	18.27	0	7.9771	0	7.708	0
9666SoOcn	3	C	1/18/2016	19:12	270.291	-53.289		111.69	0	5.9771	0	34.1826	0	26.841	0	269.6	0	86.9	0	17.87	0	7.9856	0	7.7172	0
9666SoOcn	3	C	1/18/2016	19:12	270.291	-53.289		101.63	0	6.1192	0	34.1754	0	26.816	0	270.8	0	87.5	0	17.22	0	7.9953	0	7.7279	0
9666SoOcn	3	C	1/18/2016	19:12	270.291	-53.289		96.13	0	6.2268	0	34.1741	0	26.801	0	271.3	0	87.9	0	17	0	8.0014	0	7.7348	0
9666SoOcn	3	C	1/18/2016	19:12	270.291	-53.289		90.38	0	6.2954	0	34.172	0	26.79	0	272.5	0	88.5	0	16.78	0	8.0055	0	7.7393	0
9666SoOcn	3	C	1/18/2016	19:12	270.291	-53.289		84.78	0	6.3308	0	34.1713	0	26.785	0	273.8	0	89	0	16.72	0	8.0104	0	7.7441	0
9666SoOcn	3	C	1/18/2016	19:12	270.291	-53.289		79.13	0	6.3868	0	34.1721	0	26.778	0	275.3	0	89.6	0	16.61	0	8.0109	0	7.7451	0
9666SoOcn	3	C	1/18/2016	19:12	270.291	-53.289		72.94	0	6.4255	0	34.1736	0	26.774	0	276.3	0	90	0	16.48	0	8.0163	0	7.7505	0
9666SoOcn	3	C	1/18/2016	19:12	270.291	-53.289		67	0	6.5113	0	34.1707	0	26.76	0	277.1	0	90.4	0	16.24	0	8.0198	0	7.7547	0
9666SoOcn	3	C	1/18/2016	19:12	270.291	-53.289		60.81	0	6.7948	0	34.1677	0	26.719	0	276.3	0	90.7	0	15.86	0	8.0205	0	7.7591	0
9666SoOcn	3	C	1/18/2016	19:12	270.291	-53.289		55.11	0	6.9461	0	34.1659	0	26.696	0	275.8	0	90.9	0	15.51	0	8.0238	0	7.7641	0
9666SoOcn	3	C	1/18/2016	19:12	270.291	-53.289		49.59	0	7.0812	0	34.1644	0	26.676	0	275.7	0	91.1	0	15.47	0	8.0254	0	7.7673	0
9666SoOcn	3	C	1/18/2016	19:12	270.291	-53.289		43.89	0	7.2305	0	34.1583	0	26.65	0	275.2	0	91.3	0	15.31	0	8.0258	0	7.7696	0
9666SoOcn	3	C	1/18/2016	19:12	270.291	-53.289		38.58	0	7.506	0	34.1526	0	26.605	0	274.4	0	91.6	0	15.09	0	8.0231	0	7.7708	0
9666SoOcn	3	C	1/18/2016	19:12	270.291	-53.289		33.41	0	7.7242	0	34.1499	0	26.571	0	274	0	91.9	0	15.09	0	8.02	0	7.7709	0
9666SoOcn	3	C	1/18/2016	19:12	270.291	-53.289		29.11	0	7.7923	0	34.1499	0	26.561	0	274.1	0	92.1	0	15.02	0	8.0202	0	7.772	0
9666SoOcn	3	C	1/18/2016	19:12	270.291	-53.289		24.96	0	7.8915	0	34.149	0	26.546	0	273.9	0	92.2	0	14.98	0	8.0185	0	7.7716	0
9666SoOcn	3	C	1/18/2016	19:12	270.291	-53.289		21.24	0	8.1908	0	34.1413	0	26.494	0	272	0	92.2	0	14.99	0	8.0165	0	7.774	0
9666SoOcn	3	C	1/18/2016	19:12	270.291	-53.289		18.21	0	8.3723	0	34.1452	0	26.47	0	271.1	0	92.3	0	14.91	0	8.0135	0	7.7737	0
9666SoOcn	3	C	1/18/2016	19:12	270.291	-53.289		15.55	0	8.5771	0	34.1493	0	26.442	0	269.6	0	92.2	0	14.78	0	8.0109	0	7.7742	0
9666SoOcn	3	C	1/18/2016	19:12	270.291	-53.289		11.52	0	8.6328	0	34.1494	0	26.433	0	269.5	0	92.3	0	14.82	0	8.0092	0	7.7732	0
9666SoOcn	3	C	1/18/2016	19:12	270.291	-53.289		7.77	0	9.5079	0	34.1512	0	26.294	0	264.7	0	92.4	0	14.8	0	7.9982	0	7.7755	0
9666SoOcn	3	C	1/18/2016	19:12	270.291	-53.289																			
9666SoOcn	 4	C	01/20/2016	03:01	270.345	-53.290		  1898.83	0	  2.3729	0	37.0280	0	29.568	0	149.8	0	45.1	0	29.19	0	7.7845	0	7.5415	0
9666SoOcn	 4	C	01/20/2016	03:01	270.345	-53.290		  1799.14	0	  2.4583	0	37.2043	0	29.704	0	149.3	0	45.1	0	29.12	0	7.7874	0	7.5421	0
9666SoOcn	 4	C	01/20/2016	03:01	270.345	-53.290		  1698.13	0	  2.5405	0	36.9610	0	29.498	0	150.1	0	45.3	0	29.62	0	7.7841	0	7.5369	0
9666SoOcn	 4	C	01/20/2016	03:01	270.345	-53.290		  1599.57	0	  2.6245	0	36.5525	0	29.157	0	153.9	0	46.5	0	29.95	0	7.7823	0	7.5331	0
9666SoOcn	 4	C	01/20/2016	03:01	270.345	-53.290		  1499.32	0	  2.7153	0	36.1287	0	28.803	0	156.0	0	47.0	0	30.53	0	7.7798	0	7.5288	0
9666SoOcn	 4	C	01/20/2016	03:01	270.345	-53.290		  1400.10	0	  2.7887	0	35.6568	0	28.411	0	158.5	0	47.8	0	30.91	0	7.7791	0	7.5259	0
9666SoOcn	 4	C	01/20/2016	03:01	270.345	-53.290		  1299.71	0	  2.8934	0	35.3136	0	28.121	0	162.4	0	48.9	0	31.13	0	7.7800	0	7.5249	0
9666SoOcn	 4	C	01/20/2016	03:01	270.345	-53.290		  1198.60	0	  3.0658	0	34.6024	0	27.523	0	170.8	0	51.4	0	31.33	0	7.7819	0	7.5257	0
9666SoOcn	 4	C	01/20/2016	03:01	270.345	-53.290		  1098.68	0	  3.3619	0	34.4627	0	27.378	0	176.7	0	53.6	0	30.78	0	7.7956	0	7.5391	0
9666SoOcn	 4	C	01/20/2016	03:01	270.345	-53.290		   999.42	0	  3.6582	0	34.3215	0	27.231	0	187.0	0	57.0	0	29.90	0	7.8115	0	7.5545	0
9666SoOcn	 4	C	01/20/2016	03:01	270.345	-53.290		   951.49	0	  3.7973	0	34.2852	0	27.186	0	192.5	0	58.9	0	29.32	0	7.8231	0	7.5655	0
9666SoOcn	 4	C	01/20/2016	03:01	270.345	-53.290		   901.44	0	  3.9736	0	34.2700	0	27.155	0	196.9	0	60.5	0	28.73	0	7.8318	0	7.5742	0
9666SoOcn	 4	C	01/20/2016	03:01	270.345	-53.290		   851.61	0	  4.2114	0	34.2622	0	27.121	0	199.9	0	61.8	0	28.21	0	7.8383	0	7.5818	0
9666SoOcn	 4	C	01/20/2016	03:01	270.345	-53.290		   800.99	0	  4.4336	0	34.2461	0	27.083	0	206.2	0	64.1	0	27.15	0	7.8531	0	7.5969	0
9666SoOcn	 4	C	01/20/2016	03:01	270.345	-53.290		   750.87	0	  4.5431	0	34.2268	0	27.054	0	213.7	0	66.6	0	26.37	0	7.8654	0	7.6081	0
9666SoOcn	 4	C	01/20/2016	03:01	270.345	-53.290		   701.24	0	  4.6816	0	34.2026	0	27.018	0	224.7	0	70.2	0	25.21	0	7.8802	0	7.6219	0
9666SoOcn	 4	C	01/20/2016	03:01	270.345	-53.290		   650.81	0	  4.8255	0	34.1926	0	26.993	0	233.9	0	73.4	0	24.27	0	7.8956	0	7.6363	0
9666SoOcn	 4	C	01/20/2016	03:01	270.345	-53.290		   601.02	0	  4.9353	0	34.1787	0	26.968	0	245.2	0	77.1	0	22.73	0	7.9182	0	7.6570	0
9666SoOcn	 4	C	01/20/2016	03:01	270.345	-53.290		   551.19	0	  4.9624	0	34.1649	0	26.954	0	261.3	0	82.2	0	20.93	0	7.9433	0	7.6787	0
9666SoOcn	 4	C	01/20/2016	03:01	270.345	-53.290		   500.61	0	  5.0663	0	34.1698	0	26.945	0	260.5	0	82.1	0	21.35	0	7.9352	0	7.6711	0
9666SoOcn	 4	C	01/20/2016	03:01	270.345	-53.290		   451.23	0	  5.1022	0	34.1680	0	26.939	0	262.6	0	82.9	0	21.13	0	7.9398	0	7.6742	0
9666SoOcn	 4	C	01/20/2016	03:01	270.345	-53.290		   401.71	0	  5.1817	0	34.1765	0	26.936	0	266.9	0	84.4	0	20.52	0	7.9494	0	7.6825	0
9666SoOcn	 4	C	01/20/2016	03:01	270.345	-53.290		   381.11	0	  5.2015	0	34.1782	0	26.935	0	267.0	0	84.5	0	20.58	0	7.9489	0	7.6816	0
9666SoOcn	 4	C	01/20/2016	03:01	270.345	-53.290		   361.55	0	  5.2069	0	34.1755	0	26.933	0	265.5	0	84.0	0	20.69	0	7.9489	0	7.6810	0
9666SoOcn	 4	C	01/20/2016	03:01	270.345	-53.290		   350.80	0	  5.2263	0	34.1767	0	26.931	0	265.2	0	83.9	0	20.60	0	7.9486	0	7.6807	0
9666SoOcn	 4	C	01/20/2016	03:01	270.345	-53.290		   340.66	0	  5.2401	0	34.1780	0	26.931	0	265.4	0	84.0	0	20.47	0	7.9516	0	7.6833	0
9666SoOcn	 4	C	01/20/2016	03:01	270.345	-53.290		   331.18	0	  5.2624	0	34.1807	0	26.93	0	266.1	0	84.3	0	20.46	0	7.9536	0	7.6851	0
9666SoOcn	 4	C	01/20/2016	03:01	270.345	-53.290		   321.54	0	  5.2855	0	34.1830	0	26.929	0	266.4	0	84.4	0	20.30	0	7.9530	0	7.6846	0
9666SoOcn	 4	C	01/20/2016	03:01	270.345	-53.290		   310.98	0	  5.3152	0	34.1853	0	26.927	0	266.6	0	84.6	0	20.30	0	7.9551	0	7.6866	0
9666SoOcn	 4	C	01/20/2016	03:01	270.345	-53.290		   300.71	0	  5.3262	0	34.1856	0	26.926	0	266.7	0	84.6	0	20.34	0	7.9512	0	7.6828	0
9666SoOcn	 4	C	01/20/2016	03:01	270.345	-53.290		   291.32	0	  5.3236	0	34.1845	0	26.926	0	266.0	0	84.4	0	20.46	0	7.9557	0	7.6866	0
9666SoOcn	 4	C	01/20/2016	03:01	270.345	-53.290		   281.32	0	  5.3308	0	34.1843	0	26.924	0	266.3	0	84.5	0	20.28	0	7.9577	0	7.6882	0
9666SoOcn	 4	C	01/20/2016	03:01	270.345	-53.290		   271.67	0	  5.3316	0	34.1807	0	26.921	0	266.1	0	84.4	0	20.28	0	7.9561	0	7.6865	0
9666SoOcn	 4	C	01/20/2016	03:01	270.345	-53.290		   261.20	0	  5.3534	0	34.1837	0	26.921	0	266.5	0	84.6	0	20.27	0	7.9569	0	7.6872	0
9666SoOcn	 4	C	01/20/2016	03:01	270.345	-53.290		   251.47	0	  5.3848	0	34.1862	0	26.919	0	267.6	0	85.0	0	19.97	0	7.9610	0	7.6910	0
9666SoOcn	 4	C	01/20/2016	03:01	270.345	-53.290		   241.13	0	  5.4124	0	34.1895	0	26.919	0	268.7	0	85.4	0	19.80	0	7.9617	0	7.6917	0
9666SoOcn	 4	C	01/20/2016	03:01	270.345	-53.290		   231.57	0	  5.4247	0	34.1892	0	26.917	0	268.8	0	85.5	0	19.87	0	7.9617	0	7.6916	0
9666SoOcn	 4	C	01/20/2016	03:01	270.345	-53.290		   221.60	0	  5.4410	0	34.1898	0	26.915	0	268.7	0	85.5	0	19.87	0	7.9626	0	7.6923	0
9666SoOcn	 4	C	01/20/2016	03:01	270.345	-53.290		   211.15	0	  5.4564	0	34.1907	0	26.914	0	269.1	0	85.7	0	19.73	0	7.9630	0	7.6926	0
9666SoOcn	 4	C	01/20/2016	03:01	270.345	-53.290		   201.64	0	  5.4844	0	34.1921	0	26.912	0	269.0	0	85.7	0	19.68	0	7.9651	0	7.6946	0
9666SoOcn	 4	C	01/20/2016	03:01	270.345	-53.290		   191.09	0	  5.4985	0	34.1928	0	26.91	0	269.2	0	85.8	0	19.69	0	7.9668	0	7.6959	0
9666SoOcn	 4	C	01/20/2016	03:01	270.345	-53.290		   179.71	0	  5.5356	0	34.1940	0	26.907	0	269.2	0	85.8	0	19.69	0	7.9661	0	7.6954	0
9666SoOcn	 4	C	01/20/2016	03:01	270.345	-53.290		   170.83	0	  5.5501	0	34.1955	0	26.906	0	269.3	0	85.9	0	19.76	0	7.9680	0	7.6971	0
9666SoOcn	 4	C	01/20/2016	03:01	270.345	-53.290		   161.40	0	  5.6065	0	34.1979	0	26.901	0	268.6	0	85.8	0	19.53	0	7.9681	0	7.6977	0
9666SoOcn	 4	C	01/20/2016	03:01	270.345	-53.290		   150.68	0	  5.6786	0	34.2027	0	26.896	0	267.8	0	85.7	0	19.39	0	7.9687	0	7.6989	0
9666SoOcn	 4	C	01/20/2016	03:01	270.345	-53.290		   141.44	0	  5.6931	0	34.1950	0	26.888	0	268.5	0	85.9	0	19.23	0	7.9710	0	7.7009	0
9666SoOcn	 4	C	01/20/2016	03:01	270.345	-53.290		   131.42	0	  5.7732	0	34.1915	0	26.874	0	269.0	0	86.3	0	18.79	0	7.9744	0	7.7048	0
9666SoOcn	 4	C	01/20/2016	03:01	270.345	-53.290		   120.61	0	  5.8801	0	34.1887	0	26.858	0	269.3	0	86.6	0	18.33	0	7.9792	0	7.7103	0
9666SoOcn	 4	C	01/20/2016	03:01	270.345	-53.290		   111.57	0	  6.0516	0	34.1838	0	26.832	0	269.1	0	86.9	0	17.85	0	7.9853	0	7.7180	0
9666SoOcn	 4	C	01/20/2016	03:01	270.345	-53.290		   101.12	0	  6.1692	0	34.1771	0	26.811	0	270.0	0	87.4	0	17.44	0	7.9930	0	7.7265	0
9666SoOcn	 4	C	01/20/2016	03:01	270.345	-53.290		    95.00	0	  6.2436	0	34.1727	0	26.797	0	270.4	0	87.7	0	17.19	0	8.0006	0	7.7342	0
9666SoOcn	 4	C	01/20/2016	03:01	270.345	-53.290		    89.21	0	  6.3005	0	34.1707	0	26.788	0	272.1	0	88.3	0	17.05	0	8.0065	0	7.7403	0
9666SoOcn	 4	C	01/20/2016	03:01	270.345	-53.290		    83.61	0	  6.3402	0	34.1715	0	26.784	0	273.7	0	88.9	0	17.00	0	8.0104	0	7.7442	0
9666SoOcn	 4	C	01/20/2016	03:01	270.345	-53.290		    78.07	0	  6.4019	0	34.1693	0	26.773	0	274.9	0	89.5	0	16.85	0	8.0143	0	7.7485	0
9666SoOcn	 4	C	01/20/2016	03:01	270.345	-53.290		    72.73	0	  6.4539	0	34.1689	0	26.766	0	275.9	0	89.9	0	16.77	0	8.0177	0	7.7521	0
9666SoOcn	 4	C	01/20/2016	03:01	270.345	-53.290		    67.23	0	  6.6098	0	34.1713	0	26.747	0	276.2	0	90.3	0	16.43	0	8.0163	0	7.7529	0
9666SoOcn	 4	C	01/20/2016	03:01	270.345	-53.290		    62.13	0	  6.7057	0	34.1708	0	26.733	0	276.2	0	90.5	0	16.21	0	8.0203	0	7.7577	0
9666SoOcn	 4	C	01/20/2016	03:01	270.345	-53.290		    57.41	0	  6.8557	0	34.1666	0	26.709	0	276.1	0	90.8	0	16.00	0	8.0243	0	7.7633	0
9666SoOcn	 4	C	01/20/2016	03:01	270.345	-53.290		    52.93	0	  6.9866	0	34.1641	0	26.689	0	276.1	0	91.1	0	15.80	0	8.0297	0	7.7700	0
9666SoOcn	 4	C	01/20/2016	03:01	270.345	-53.290		    48.57	0	  7.0783	0	34.1604	0	26.673	0	277.2	0	91.6	0	15.41	0	8.0317	0	7.7730	0
9666SoOcn	 4	C	01/20/2016	03:01	270.345	-53.290		    44.19	0	  7.1903	0	34.1640	0	26.66	0	277.9	0	92.1	0	15.38	0	8.0318	0	7.7745	0
9666SoOcn	 4	C	01/20/2016	03:01	270.345	-53.290		    39.93	0	  7.2151	0	34.1595	0	26.653	0	278.7	0	92.4	0	15.32	0	8.0321	0	7.7750	0
9666SoOcn	 4	C	01/20/2016	03:01	270.345	-53.290		    35.79	0	  7.3335	0	34.1624	0	26.638	0	278.4	0	92.6	0	15.29	0	8.0322	0	7.7766	0
9666SoOcn	 4	C	01/20/2016	03:01	270.345	-53.290		    31.25	0	  7.5711	0	34.1602	0	26.602	0	278.2	0	93.0	0	15.17	0	8.0288	0	7.7767	0
9666SoOcn	 4	C	01/20/2016	03:01	270.345	-53.290		    26.31	0	  7.8886	0	34.1501	0	26.547	0	276.1	0	93.0	0	14.99	0	8.0252	0	7.7778	0
9666SoOcn	 4	C	01/20/2016	03:01	270.345	-53.290		    21.86	0	  8.5130	0	34.1675	0	26.467	0	271.2	0	92.6	0	14.86	0	8.0170	0	7.7790	0
9666SoOcn	 4	C	01/20/2016	03:01	270.345	-53.290		    16.22	0	  8.6782	0	34.1540	0	26.43	0	269.4	0	92.4	0	14.80	0	8.0138	0	7.7783	0
9666SoOcn	 4	C	01/20/2016	03:01	270.345	-53.290		    11.09	0	  8.8602	0	34.1537	0	26.401	0	268.0	0	92.2	0	14.82	0	8.0106	0	7.7778	0
9666SoOcn	 4	C	01/20/2016	03:01	270.345	-53.290		     6.56	0	  8.8609	0	34.1535	0	26.401	0	267.8	0	92.2	0	15.00	0	8.0102	0	7.7772	0
9666SoOcn	 4	C	01/20/2016	03:01	270.345	-53.290																	
9666SoOcn	 5	C	01/21/2016	14:52	270.427	-53.274		  1898.96	0	  2.3614	0	36.0984	0	28.811	0	147.4	0	44.1	0	30.82	0	7.7722	0	7.5301	0
9666SoOcn	 5	C	01/21/2016	14:52	270.427	-53.274		  1799.05	0	  2.4409	0	35.7636	0	28.531	0	147.0	0	43.9	0	31.36	0	7.7669	0	7.5230	0
9666SoOcn	 5	C	01/21/2016	14:52	270.427	-53.274		  1698.75	0	  2.5187	0	35.7009	0	28.473	0	149.7	0	44.8	0	31.42	0	7.7685	0	7.5223	0
9666SoOcn	 5	C	01/21/2016	14:52	270.427	-53.274		  1599.31	0	  2.5996	0	35.6604	0	28.432	0	154.6	0	46.4	0	31.27	0	7.7729	0	7.5242	0
9666SoOcn	 5	C	01/21/2016	14:52	270.427	-53.274		  1498.60	0	  2.7001	0	35.7772	0	28.518	0	156.2	0	47.0	0	31.18	0	7.7788	0	7.5277	0
9666SoOcn	 5	C	01/21/2016	14:52	270.427	-53.274		  1398.83	0	  2.7920	0	34.9001	0	27.793	0	159.5	0	47.8	0	32.03	0	7.7712	0	7.5187	0
9666SoOcn	 5	C	01/21/2016	14:52	270.427	-53.274		  1301.57	0	  2.8872	0	34.8961	0	27.781	0	163.5	0	49.1	0	31.76	0	7.7776	0	7.5226	0
9666SoOcn	 5	C	01/21/2016	14:52	270.427	-53.274		  1201.52	0	  3.0519	0	34.9303	0	27.792	0	169.1	0	51.0	0	31.55	0	7.7866	0	7.5299	0
9666SoOcn	 5	C	01/21/2016	14:52	270.427	-53.274		  1101.48	0	  3.3273	0	34.3668	0	27.303	0	176.7	0	53.5	0	31.39	0	7.7941	0	7.5373	0
9666SoOcn	 5	C	01/21/2016	14:52	270.427	-53.274		  1001.62	0	  3.6320	0	34.3124	0	27.227	0	186.2	0	56.8	0	30.42	0	7.8135	0	7.5560	0
9666SoOcn	 5	C	01/21/2016	14:52	270.427	-53.274		   950.88	0	  3.8512	0	34.2929	0	27.187	0	190.5	0	58.4	0	29.85	0	7.8217	0	7.5650	0
9666SoOcn	 5	C	01/21/2016	14:52	270.427	-53.274		   901.10	0	  4.0322	0	34.2740	0	27.151	0	195.6	0	60.2	0	29.15	0	7.8315	0	7.5747	0
9666SoOcn	 5	C	01/21/2016	14:52	270.427	-53.274		   851.34	0	  4.2165	0	34.2592	0	27.118	0	199.7	0	61.7	0	28.42	0	7.8412	0	7.5846	0
9666SoOcn	 5	C	01/21/2016	14:52	270.427	-53.274		   801.50	0	  4.3973	0	34.2424	0	27.084	0	206.2	0	64.0	0	27.56	0	7.8556	0	7.5987	0
9666SoOcn	 5	C	01/21/2016	14:52	270.427	-53.274		   751.03	0	  4.5088	0	34.2193	0	27.052	0	215.0	0	66.9	0	26.62	0	7.8693	0	7.6112	0
9666SoOcn	 5	C	01/21/2016	14:52	270.427	-53.274		   701.01	0	  4.6267	0	34.1987	0	27.021	0	225.6	0	70.4	0	25.56	0	7.8851	0	7.6257	0
9666SoOcn	 5	C	01/21/2016	14:52	270.427	-53.274		   650.85	0	  4.7674	0	34.1961	0	27.003	0	232.7	0	72.9	0	24.70	0	7.8964	0	7.6363	0
9666SoOcn	 5	C	01/21/2016	14:52	270.427	-53.274		   601.38	0	  4.8071	0	34.1750	0	26.981	0	242.1	0	75.9	0	23.92	0	7.9098	0	7.6475	0
9666SoOcn	 5	C	01/21/2016	14:52	270.427	-53.274		   549.30	0	  5.0308	0	34.1814	0	26.959	0	247.7	0	78.0	0	22.82	0	7.9222	0	7.6603	0
9666SoOcn	 5	C	01/21/2016	14:52	270.427	-53.274		   500.97	0	  5.1614	0	34.1874	0	26.948	0	254.0	0	80.3	0	22.24	0	7.9284	0	7.6662	0
9666SoOcn	 5	C	01/21/2016	14:52	270.427	-53.274		   451.31	0	  5.1606	0	34.1773	0	26.94	0	259.8	0	82.1	0	21.70	0	7.9390	0	7.6742	0
9666SoOcn	 5	C	01/21/2016	14:52	270.427	-53.274		   400.93	0	  5.1833	0	34.1734	0	26.934	0	264.1	0	83.5	0	21.11	0	7.9491	0	7.6822	0
9666SoOcn	 5	C	01/21/2016	14:52	270.427	-53.274		   381.58	0	  5.2145	0	34.1767	0	26.933	0	263.9	0	83.5	0	21.07	0	7.9461	0	7.6792	0
9666SoOcn	 5	C	01/21/2016	14:52	270.427	-53.274		   361.47	0	  5.2940	0	34.1844	0	26.929	0	263.5	0	83.5	0	20.81	0	7.9508	0	7.6840	0
9666SoOcn	 5	C	01/21/2016	14:52	270.427	-53.274		   350.48	0	  5.3104	0	34.1867	0	26.929	0	264.6	0	83.9	0	20.63	0	7.9532	0	7.6861	0
9666SoOcn	 5	C	01/21/2016	14:52	270.427	-53.274		   341.47	0	  5.3112	0	34.1848	0	26.927	0	267.0	0	84.7	0	20.61	0	24.2111	8	22.5876	8
9666SoOcn	 5	C	01/21/2016	14:52	270.427	-53.274		   330.82	0	  5.3165	0	34.1840	0	26.926	0	267.7	0	84.9	0	20.52	0	7.9552	0	7.6873	0
9666SoOcn	 5	C	01/21/2016	14:52	270.427	-53.274		   321.13	0	  5.3285	0	34.1852	0	26.925	0	267.6	0	84.9	0	20.48	0	7.9567	0	7.6886	0
9666SoOcn	 5	C	01/21/2016	14:52	270.427	-53.274		   310.87	0	  5.3312	0	34.1850	0	26.925	0	268.1	0	85.1	0	20.57	0	7.9565	0	7.6881	0
9666SoOcn	 5	C	01/21/2016	14:52	270.427	-53.274		   300.73	0	  5.3419	0	34.1845	0	26.923	0	268.4	0	85.2	0	20.58	0	7.9568	0	7.6882	0
9666SoOcn	 5	C	01/21/2016	14:52	270.427	-53.274		   291.68	0	  5.3680	0	34.1865	0	26.922	0	267.8	0	85.1	0	20.32	0	7.9603	0	7.6915	0
9666SoOcn	 5	C	01/21/2016	14:52	270.427	-53.274		   280.90	0	  5.3929	0	34.1889	0	26.921	0	268.9	0	85.5	0	20.32	0	7.9615	0	7.6925	0
9666SoOcn	 5	C	01/21/2016	14:52	270.427	-53.274		   271.32	0	  5.3936	0	34.1876	0	26.919	0	268.3	0	85.3	0	20.31	0	7.9606	0	7.6915	0
9666SoOcn	 5	C	01/21/2016	14:52	270.427	-53.274		   261.64	0	  5.4055	0	34.1877	0	26.918	0	268.6	0	85.4	0	20.37	0	7.9611	0	7.6918	0
9666SoOcn	 5	C	01/21/2016	14:52	270.427	-53.274		   251.30	0	  5.4092	0	34.1867	0	26.917	0	268.4	0	85.4	0	20.26	0	7.9619	0	7.6922	0
9666SoOcn	 5	C	01/21/2016	14:52	270.427	-53.274		   241.25	0	  5.4337	0	34.1887	0	26.915	0	268.6	0	85.4	0	20.11	0	7.9638	0	7.6939	0
9666SoOcn	 5	C	01/21/2016	14:52	270.427	-53.274		   231.19	0	  5.4353	0	34.1873	0	26.914	0	269.3	0	85.7	0	20.28	0	7.9621	0	7.6920	0
9666SoOcn	 5	C	01/21/2016	14:52	270.427	-53.274		   221.72	0	  5.4452	0	34.1875	0	26.913	0	268.7	0	85.5	0	20.26	0	7.9633	0	7.6930	0
9666SoOcn	 5	C	01/21/2016	14:52	270.427	-53.274		   211.64	0	  5.4788	0	34.1903	0	26.911	0	268.1	0	85.4	0	20.15	0	8.7755	8	8.4376	8
9666SoOcn	 5	C	01/21/2016	14:52	270.427	-53.274		   201.65	0	  5.5070	0	34.1921	0	26.909	0	268.4	0	85.6	0	20.04	0	7.9656	0	7.6953	0
9666SoOcn	 5	C	01/21/2016	14:52	270.427	-53.274		   191.46	0	  5.5516	0	34.1949	0	26.906	0	268.9	0	85.8	0	19.91	0	7.9669	0	7.6967	0
9666SoOcn	 5	C	01/21/2016	14:52	270.427	-53.274		   180.27	0	  5.5965	0	34.1985	0	26.903	0	268.8	0	85.8	0	19.94	0	7.9682	0	7.6982	0
9666SoOcn	 5	C	01/21/2016	14:52	270.427	-53.274		   171.40	0	  5.6519	0	34.2021	0	26.899	0	268.3	0	85.8	0	19.83	0	7.9691	0	7.6996	0
9666SoOcn	 5	C	01/21/2016	14:52	270.427	-53.274		   160.68	0	  5.7028	0	34.2031	0	26.893	0	267.8	0	85.8	0	19.73	0	7.9694	0	7.7002	0
9666SoOcn	 5	C	01/21/2016	14:52	270.427	-53.274		   151.18	0	  5.7435	0	34.1960	0	26.882	0	268.1	0	85.9	0	19.53	0	7.9722	0	7.7030	0
9666SoOcn	 5	C	01/21/2016	14:52	270.427	-53.274		   140.70	0	  5.8120	0	34.1931	0	26.871	0	268.9	0	86.3	0	19.09	0	7.9759	0	7.7070	0
9666SoOcn	 5	C	01/21/2016	14:52	270.427	-53.274		   130.92	0	  5.8917	0	34.1893	0	26.857	0	269.2	0	86.6	0	18.77	0	7.9790	0	7.7107	0
9666SoOcn	 5	C	01/21/2016	14:52	270.427	-53.274		   121.02	0	  6.0087	0	34.1853	0	26.839	0	269.2	0	86.8	0	18.19	0	7.9837	0	7.7162	0
9666SoOcn	 5	C	01/21/2016	14:52	270.427	-53.274		   111.42	0	  6.0732	0	34.1771	0	26.824	0	269.7	0	87.1	0	18.06	0	7.9881	0	7.7209	0
9666SoOcn	 5	C	01/21/2016	14:52	270.427	-53.274		   101.66	0	  6.1626	0	34.1672	0	26.804	0	270.3	0	87.5	0	17.61	0	-29.9858	8	-27.0847	8
9666SoOcn	 5	C	01/21/2016	14:52	270.427	-53.274		    94.68	0	  6.2286	0	34.1650	0	26.793	0	271.3	0	87.9	0	17.49	0	8.0020	0	7.7353	0
9666SoOcn	 5	C	01/21/2016	14:52	270.427	-53.274		    88.39	0	  6.2380	0	34.1620	0	26.789	0	273.1	0	88.5	0	17.46	0	8.0055	0	7.7385	0
9666SoOcn	 5	C	01/21/2016	14:52	270.427	-53.274		    82.13	0	  6.2737	0	34.1610	0	26.784	0	274.3	0	89.0	0	17.38	0	8.0043	0	7.7376	0
9666SoOcn	 5	C	01/21/2016	14:52	270.427	-53.274		    76.08	0	  6.3046	0	34.1613	0	26.78	0	274.2	0	89.0	0	17.29	0	8.0075	0	7.7408	0
9666SoOcn	 5	C	01/21/2016	14:52	270.427	-53.274		    70.23	0	  6.3523	0	34.1623	0	26.774	0	274.5	0	89.2	0	17.20	0	8.0143	0	7.7475	0
9666SoOcn	 5	C	01/21/2016	14:52	270.427	-53.274		    64.45	0	  6.4864	0	34.1663	0	26.76	0	275.2	0	89.7	0	16.95	0	8.0173	0	7.7520	0
9666SoOcn	 5	C	01/21/2016	14:52	270.427	-53.274		    59.14	0	  6.6353	0	34.1658	0	26.739	0	275.6	0	90.2	0	16.70	0	8.0201	0	7.7564	0
9666SoOcn	 5	C	01/21/2016	14:52	270.427	-53.274		    54.25	0	  6.8168	0	34.1607	0	26.71	0	275.6	0	90.6	0	16.36	0	8.0251	0	7.7634	0
9666SoOcn	 5	C	01/21/2016	14:52	270.427	-53.274		    49.87	0	  6.9807	0	34.1585	0	26.685	0	275.6	0	90.9	0	16.04	0	8.0293	0	7.7695	0
9666SoOcn	 5	C	01/21/2016	14:52	270.427	-53.274		    45.90	0	  7.0850	0	34.1542	0	26.667	0	276.8	0	91.5	0	15.85	0	8.0332	0	7.7744	0
9666SoOcn	 5	C	01/21/2016	14:52	270.427	-53.274		    42.01	0	  7.2042	0	34.1624	0	26.657	0	277.4	0	92.0	0	15.63	0	8.0341	0	7.7768	0
9666SoOcn	 5	C	01/21/2016	14:52	270.427	-53.274		    38.28	0	  7.3092	0	34.1635	0	26.643	0	277.9	0	92.3	0	15.66	0	8.0288	0	7.7733	0
9666SoOcn	 5	C	01/21/2016	14:52	270.427	-53.274		    34.70	0	  7.5708	0	34.1535	0	26.597	0	275.9	0	92.2	0	15.82	0	8.0285	0	7.7766	0
9666SoOcn	 5	C	01/21/2016	14:52	270.427	-53.274		    31.70	0	  8.3843	0	34.1542	0	26.475	0	269.8	0	91.9	0	15.44	0	8.0166	0	7.7772	0
9666SoOcn	 5	C	01/21/2016	14:52	270.427	-53.274		    26.54	0	  8.4164	0	34.1583	0	26.474	0	269.0	0	91.7	0	15.33	0	8.0163	0	7.7772	0
9666SoOcn	 5	C	01/21/2016	14:52	270.427	-53.274		    21.83	0	  8.4254	0	34.1585	0	26.473	0	268.8	0	91.6	0	15.36	0	8.0136	0	7.7746	0
9666SoOcn	 5	C	01/21/2016	14:52	270.427	-53.274		    16.74	0	  8.4259	0	34.1587	0	26.473	0	268.7	0	91.6	0	15.33	0	8.0128	0	7.7738	0
9666SoOcn	 5	C	01/21/2016	14:52	270.427	-53.274		    11.24	0	  8.4335	0	34.1588	0	26.472	0	268.7	0	91.6	0	15.34	0	8.0133	0	7.7741	0
9666SoOcn	 5	C	01/21/2016	14:52	270.427	-53.274		     6.90	0	  8.4387	0	34.1582	0	26.47	0	268.6	0	91.6	0	15.34	0	8.0125	0	7.7733	0
9666SoOcn	 5	C	01/21/2016	14:52	270.427	-53.274																	
9666SoOcn	 6	C	01/22/2016	21:26	270.429	-53.278		  1898.29	0	  2.3430	0	40.6913	0	32.555	0	142.1	0	43.8	0		8	20.0000	8	20.0000	8
9666SoOcn	 6	C	01/22/2016	21:26	270.429	-53.278		  1798.45	0	  2.4312	0	40.5129	0	32.403	0	141.8	0	43.7	0		8	20.0000	8	20.0000	8
9666SoOcn	 6	C	01/22/2016	21:26	270.429	-53.278		  1699.05	0	  2.5132	0	40.2961	0	32.22	0	144.1	0	44.5	0		8	20.0000	8	20.0000	8
9666SoOcn	 6	C	01/22/2016	21:26	270.429	-53.278		  1599.65	0	  2.5935	0	39.7662	0	31.781	0	145.8	0	44.9	0	27.51	0	7.8463	0	7.5914	0
9666SoOcn	 6	C	01/22/2016	21:26	270.429	-53.278		  1498.69	0	  2.6937	0	39.4897	0	31.547	0	149.7	0	46.2	0	27.76	0	7.8476	0	7.5906	0
9666SoOcn	 6	C	01/22/2016	21:26	270.429	-53.278		  1398.42	0	  2.8177	0	38.5989	0	30.81	0	152.9	0	47.0	0	28.70	0	7.8387	0	7.5809	0
9666SoOcn	 6	C	01/22/2016	21:26	270.429	-53.278		  1301.01	0	  2.9179	0	37.0553	0	29.54	0	160.8	0	49.1	0	30.02	0	7.8260	0	7.5674	0
9666SoOcn	 6	C	01/22/2016	21:26	270.429	-53.278		  1201.37	0	  3.1403	0	35.6414	0	28.364	0	165.3	0	50.2	0	31.17	0	7.8144	0	7.5566	0
9666SoOcn	 6	C	01/22/2016	21:26	270.429	-53.278		  1100.64	0	  3.3571	0	34.5360	0	27.439	0	176.6	0	53.5	0	31.38	0	7.8157	0	7.5575	0
9666SoOcn	 6	C	01/22/2016	21:26	270.429	-53.278		  1001.01	0	  3.6610	0	34.3115	0	27.223	0	186.9	0	57.0	0	30.54	0	7.8314	0	7.5728	0
9666SoOcn	 6	C	01/22/2016	21:26	270.429	-53.278		   950.93	0	  3.8596	0	34.2885	0	27.182	0	191.3	0	58.6	0	29.89	0	7.8407	0	7.5825	0
9666SoOcn	 6	C	01/22/2016	21:26	270.429	-53.278		   901.64	0	  4.0366	0	34.2761	0	27.153	0	195.0	0	60.0	0	29.39	0	7.8481	0	7.5900	0
9666SoOcn	 6	C	01/22/2016	21:26	270.429	-53.278		   851.47	0	  4.1895	0	34.2645	0	27.126	0	199.0	0	61.5	0	28.73	0	7.8576	0	7.5993	0
9666SoOcn	 6	C	01/22/2016	21:26	270.429	-53.278		   801.50	0	  4.3535	0	34.2470	0	27.093	0	204.7	0	63.5	0	28.00	0	7.8691	0	7.6105	0
9666SoOcn	 6	C	01/22/2016	21:26	270.429	-53.278		   750.92	0	  4.5280	0	34.2252	0	27.055	0	213.5	0	66.5	0	26.84	0	7.8834	0	7.6244	0
9666SoOcn	 6	C	01/22/2016	21:26	270.429	-53.278		   700.58	0	  4.6747	0	34.2016	0	27.018	0	222.7	0	69.6	0	26.03	0	7.8974	0	7.6376	0
9666SoOcn	 6	C	01/22/2016	21:26	270.429	-53.278		   650.86	0	  4.8000	0	34.1872	0	26.991	0	234.4	0	73.5	0	24.61	0	7.9178	0	7.6563	0
9666SoOcn	 6	C	01/22/2016	21:26	270.429	-53.278		   601.22	0	  4.8552	0	34.1681	0	26.969	0	246.3	0	77.3	0	23.52	0	7.9345	0	7.6709	0
9666SoOcn	 6	C	01/22/2016	21:26	270.429	-53.278		   551.58	0	  5.0289	0	34.1770	0	26.956	0	252.2	0	79.5	0	22.77	0	7.9441	0	7.6804	0
9666SoOcn	 6	C	01/22/2016	21:26	270.429	-53.278		   500.84	0	  5.1137	0	34.1766	0	26.945	0	260.2	0	82.1	0	21.73	0	7.9614	0	7.6958	0
9666SoOcn	 6	C	01/22/2016	21:26	270.429	-53.278		   451.15	0	  5.1414	0	34.1730	0	26.939	0	266.5	0	84.2	0	21.03	0	7.9661	0	7.6988	0
9666SoOcn	 6	C	01/22/2016	21:26	270.429	-53.278		   401.69	0	  5.2571	0	34.1860	0	26.935	0	266.8	0	84.5	0	20.86	0	7.9696	0	7.7021	0
9666SoOcn	 6	C	01/22/2016	21:26	270.429	-53.278		   381.10	0	  5.2754	0	34.1866	0	26.933	0	267.2	0	84.7	0	20.89	0	7.9681	0	7.7003	0
9666SoOcn	 6	C	01/22/2016	21:26	270.429	-53.278		   361.04	0	  5.2539	0	34.1810	0	26.931	0	265.7	0	84.2	0	21.16	0	7.9680	0	7.6992	0
9666SoOcn	 6	C	01/22/2016	21:26	270.429	-53.278		   348.75	0	  5.2715	0	34.1822	0	26.93	0	266.5	0	84.4	0	20.93	0	7.9714	0	7.7021	0
9666SoOcn	 6	C	01/22/2016	21:26	270.429	-53.278		   339.63	0	  5.2660	0	34.1804	0	26.929	0	266.5	0	84.4	0	20.97	0	7.9699	0	7.7004	0
9666SoOcn	 6	C	01/22/2016	21:26	270.429	-53.278		   330.95	0	  5.2554	0	34.1774	0	26.928	0	265.8	0	84.2	0	21.20	0	7.9708	0	7.7008	0
9666SoOcn	 6	C	01/22/2016	21:26	270.429	-53.278		   321.12	0	  5.2666	0	34.1767	0	26.926	0	265.7	0	84.2	0	21.03	0	7.9720	0	7.7017	0
9666SoOcn	 6	C	01/22/2016	21:26	270.429	-53.278		   310.68	0	  5.3143	0	34.1823	0	26.925	0	266.1	0	84.4	0	20.92	0	7.9727	0	7.7027	0
9666SoOcn	 6	C	01/22/2016	21:26	270.429	-53.278		   301.23	0	  5.3086	0	34.1804	0	26.924	0	266.2	0	84.4	0	20.97	0	7.9730	0	7.7026	0
9666SoOcn	 6	C	01/22/2016	21:26	270.429	-53.278		   290.75	0	  5.3121	0	34.1796	0	26.923	0	266.0	0	84.4	0	21.01	0	7.9735	0	7.7027	0
9666SoOcn	 6	C	01/22/2016	21:26	270.429	-53.278		   281.32	0	  5.3504	0	34.1834	0	26.921	0	266.2	0	84.5	0	20.87	0	7.9744	0	7.7038	0
9666SoOcn	 6	C	01/22/2016	21:26	270.429	-53.278		   271.31	0	  5.3496	0	34.1805	0	26.919	0	266.6	0	84.7	0	20.75	0	7.9751	0	7.7041	0
9666SoOcn	 6	C	01/22/2016	21:26	270.429	-53.278		   261.43	0	  5.3698	0	34.1817	0	26.917	0	266.8	0	84.7	0	20.66	0	7.9766	0	7.7055	0
9666SoOcn	 6	C	01/22/2016	21:26	270.429	-53.278		   251.54	0	  5.3991	0	34.1848	0	26.916	0	267.3	0	85.0	0	20.59	0	7.9778	0	7.7066	0
9666SoOcn	 6	C	01/22/2016	21:26	270.429	-53.278		   241.08	0	  5.4150	0	34.1849	0	26.914	0	267.4	0	85.0	0	20.62	0	7.9786	0	7.7072	0
9666SoOcn	 6	C	01/22/2016	21:26	270.429	-53.278		   231.37	0	  5.4367	0	34.1858	0	26.912	0	267.2	0	85.0	0	20.56	0	7.9789	0	7.7075	0
9666SoOcn	 6	C	01/22/2016	21:26	270.429	-53.278		   221.10	0	  5.4588	0	34.1877	0	26.911	0	266.9	0	85.0	0	20.38	0	7.9797	0	7.7082	0
9666SoOcn	 6	C	01/22/2016	21:26	270.429	-53.278		   211.52	0	  5.4881	0	34.1898	0	26.909	0	266.7	0	85.0	0	20.55	0	7.9812	0	7.7097	0
9666SoOcn	 6	C	01/22/2016	21:26	270.429	-53.278		   201.44	0	  5.5264	0	34.1929	0	26.907	0	266.9	0	85.1	0	20.37	0	7.9810	0	7.7097	0
9666SoOcn	 6	C	01/22/2016	21:26	270.429	-53.278		   191.48	0	  5.5703	0	34.1960	0	26.904	0	266.6	0	85.1	0	20.30	0	7.9824	0	7.7112	0
9666SoOcn	 6	C	01/22/2016	21:26	270.429	-53.278		   181.50	0	  5.6092	0	34.1984	0	26.901	0	266.7	0	85.2	0	20.19	0	7.9842	0	7.7131	0
9666SoOcn	 6	C	01/22/2016	21:26	270.429	-53.278		   170.97	0	  5.6726	0	34.2043	0	26.898	0	266.7	0	85.3	0	19.97	0	7.9870	0	7.7162	0
9666SoOcn	 6	C	01/22/2016	21:26	270.429	-53.278		   161.17	0	  5.7426	0	34.2105	0	26.894	0	266.5	0	85.4	0	19.81	0	7.9884	0	7.7182	0
9666SoOcn	 6	C	01/22/2016	21:26	270.429	-53.278		   150.66	0	  5.7768	0	34.2052	0	26.885	0	266.6	0	85.5	0	19.78	0	7.9888	0	7.7186	0
9666SoOcn	 6	C	01/22/2016	21:26	270.429	-53.278		   141.32	0	  5.7970	0	34.1950	0	26.874	0	267.1	0	85.7	0	19.40	0	7.9930	0	7.7225	0
9666SoOcn	 6	C	01/22/2016	21:26	270.429	-53.278		   131.48	0	  5.8861	0	34.1894	0	26.858	0	268.1	0	86.2	0	18.86	0	7.9970	0	7.7271	0
9666SoOcn	 6	C	01/22/2016	21:26	270.429	-53.278		   121.02	0	  6.0453	0	34.1783	0	26.828	0	268.4	0	86.6	0	18.30	0	8.0034	0	7.7348	0
9666SoOcn	 6	C	01/22/2016	21:26	270.429	-53.278		   111.65	0	  6.2109	0	34.1773	0	26.806	0	269.2	0	87.2	0	17.73	0	8.0164	0	7.7488	0
9666SoOcn	 6	C	01/22/2016	21:26	270.429	-53.278		   101.61	0	  6.2917	0	34.1766	0	26.794	0	271.7	0	88.2	0	17.55	0	8.0215	0	7.7543	0
9666SoOcn	 6	C	01/22/2016	21:26	270.429	-53.278		    95.64	0	  6.2921	0	34.1741	0	26.792	0	272.8	0	88.5	0	17.49	0	8.0214	0	7.7540	0
9666SoOcn	 6	C	01/22/2016	21:26	270.429	-53.278		    89.67	0	  6.2667	0	34.1654	0	26.788	0	273.9	0	88.9	0	17.43	0	8.0238	0	7.7556	0
9666SoOcn	 6	C	01/22/2016	21:26	270.429	-53.278		    83.58	0	  6.3192	0	34.1707	0	26.786	0	274.4	0	89.1	0	17.46	0	8.0284	0	7.7604	0
9666SoOcn	 6	C	01/22/2016	21:26	270.429	-53.278		    77.70	0	  6.3777	0	34.1766	0	26.783	0	275.1	0	89.5	0	17.31	0	8.0337	0	7.7659	0
9666SoOcn	 6	C	01/22/2016	21:26	270.429	-53.278		    71.80	0	  6.3958	0	34.1738	0	26.778	0	276.5	0	90.0	0	17.31	0	8.0351	0	7.7672	0
9666SoOcn	 6	C	01/22/2016	21:26	270.429	-53.278		    65.83	0	  6.4403	0	34.1737	0	26.772	0	277.3	0	90.3	0	17.29	0	8.0363	0	7.7688	0
9666SoOcn	 6	C	01/22/2016	21:26	270.429	-53.278		    60.18	0	  6.5102	0	34.1728	0	26.762	0	277.9	0	90.7	0	17.12	0	8.0381	0	7.7712	0
9666SoOcn	 6	C	01/22/2016	21:26	270.429	-53.278		    54.66	0	  6.6283	0	34.1682	0	26.742	0	278.0	0	91.0	0	16.96	0	8.0408	0	7.7752	0
9666SoOcn	 6	C	01/22/2016	21:26	270.429	-53.278		    49.95	0	  6.8271	0	34.1618	0	26.709	0	277.5	0	91.2	0	16.69	0	8.0439	0	7.7806	0
9666SoOcn	 6	C	01/22/2016	21:26	270.429	-53.278		    45.81	0	  7.0391	0	34.1574	0	26.676	0	276.9	0	91.4	0	16.22	0	8.0486	0	7.7879	0
9666SoOcn	 6	C	01/22/2016	21:26	270.429	-53.278		    41.40	0	  7.2071	0	34.1604	0	26.655	0	277.3	0	91.9	0	15.98	0	8.0487	0	7.7902	0
9666SoOcn	 6	C	01/22/2016	21:26	270.429	-53.278		    36.63	0	  7.3185	0	34.1646	0	26.642	0	277.9	0	92.4	0	15.92	0	8.0492	0	7.7920	0
9666SoOcn	 6	C	01/22/2016	21:26	270.429	-53.278		    31.48	0	  7.7504	0	34.1580	0	26.574	0	275.6	0	92.5	0	16.50	0	8.0424	0	7.7917	0
9666SoOcn	 6	C	01/22/2016	21:26	270.429	-53.278		    27.28	0	  8.2193	0	34.1487	0	26.496	0	271.5	0	92.1	0	15.68	0	8.0367	0	7.7931	0
9666SoOcn	 6	C	01/22/2016	21:26	270.429	-53.278		    22.97	0	  8.3591	0	34.1530	0	26.478	0	269.9	0	91.9	0	15.75	0	8.0341	0	7.7925	0
9666SoOcn	 6	C	01/22/2016	21:26	270.429	-53.278		    19.23	0	  8.4467	0	34.1535	0	26.465	0	268.9	0	91.7	0	15.64	0	8.0321	0	7.7918	0
9666SoOcn	 6	C	01/22/2016	21:26	270.429	-53.278		    15.63	0	  8.5058	0	34.1511	0	26.454	0	268.3	0	91.6	0	15.65	0	8.0322	0	7.7927	0
9666SoOcn	 6	C	01/22/2016	21:26	270.429	-53.278		    10.53	0	  8.5299	0	34.1506	0	26.45	0	267.9	0	91.5	0	15.64	0	8.0313	0	7.7920	0
9666SoOcn	 6	C	01/22/2016	21:26	270.429	-53.278		     5.54	0	  8.5367	0	34.1519	0	26.45	0	267.8	0	91.5	0	15.61	0	8.0322	0	7.7928	0
9666SoOcn	 6	C	01/22/2016	21:26	270.429	-53.278																	
9666SoOcn	 7	C	01/24/2016	05:10	270.493	-53.312		  1898.49	0	  2.3397	0	37.8137	0	30.211	0	145.0	0	43.8	0	29.56	0	7.8143	0	7.5683	0
9666SoOcn	 7	C	01/24/2016	05:10	270.493	-53.312		  1798.92	0	  2.4121	0	37.5757	0	30.01	0	144.5	0	43.7	0	29.98	0	7.8109	0	7.5630	0
9666SoOcn	 7	C	01/24/2016	05:10	270.493	-53.312		  1697.15	0	  2.5019	0	37.4844	0	29.928	0	145.5	0	44.1	0	30.18	0	7.8099	0	7.5600	0
9666SoOcn	 7	C	01/24/2016	05:10	270.493	-53.312		  1599.01	0	  2.5884	0	37.0658	0	29.579	0	146.3	0	44.3	0	30.74	0	7.8055	0	7.5539	0
9666SoOcn	 7	C	01/24/2016	05:10	270.493	-53.312		  1498.96	0	  2.6992	0	36.7732	0	29.33	0	148.7	0	45.0	0	31.05	0	7.8042	0	7.5510	0
9666SoOcn	 7	C	01/24/2016	05:10	270.493	-53.312		  1399.87	0	  2.7880	0	36.8545	0	29.389	0	153.5	0	46.6	0	30.76	0	7.8128	0	7.5568	0
9666SoOcn	 7	C	01/24/2016	05:10	270.493	-53.312		  1301.14	0	  2.9104	0	35.2453	0	28.063	0	162.0	0	48.8	0	32.19	0	7.7989	0	7.5425	0
9666SoOcn	 7	C	01/24/2016	05:10	270.493	-53.312		  1201.28	0	  3.1179	0	34.6019	0	27.517	0	165.9	0	50.0	0	32.40	0	7.7982	0	7.5414	0
9666SoOcn	 7	C	01/24/2016	05:10	270.493	-53.312		  1100.65	0	  3.3344	0	34.4014	0	27.331	0	175.6	0	53.2	0	31.80	0	7.8109	0	7.5528	0
9666SoOcn	 7	C	01/24/2016	05:10	270.493	-53.312		  1001.63	0	  3.6032	0	34.3240	0	27.239	0	186.1	0	56.7	0	31.01	0	7.8281	0	7.5690	0
9666SoOcn	 7	C	01/24/2016	05:10	270.493	-53.312		   950.79	0	  3.8179	0	34.2905	0	27.188	0	191.1	0	58.5	0	30.34	0	7.8395	0	7.5808	0
9666SoOcn	 7	C	01/24/2016	05:10	270.493	-53.312		   901.11	0	  4.0306	0	34.2726	0	27.15	0	195.7	0	60.2	0	29.56	0	7.8486	0	7.5904	0
9666SoOcn	 7	C	01/24/2016	05:10	270.493	-53.312		   851.40	0	  4.1518	0	34.2598	0	27.126	0	199.9	0	61.7	0	28.96	0	7.8576	0	7.5988	0
9666SoOcn	 7	C	01/24/2016	05:10	270.493	-53.312		   800.68	0	  4.3787	0	34.2502	0	27.093	0	204.3	0	63.4	0	28.26	0	7.8693	0	7.6110	0
9666SoOcn	 7	C	01/24/2016	05:10	270.493	-53.312		   751.11	0	  4.4979	0	34.2196	0	27.054	0	214.4	0	66.7	0	27.09	0	7.8856	0	7.6259	0
9666SoOcn	 7	C	01/24/2016	05:10	270.493	-53.312		   701.24	0	  4.7050	0	34.2041	0	27.017	0	223.7	0	69.9	0	25.98	0	7.9006	0	7.6409	0
9666SoOcn	 7	C	01/24/2016	05:10	270.493	-53.312		   651.13	0	  4.7783	0	34.1856	0	26.993	0	235.8	0	73.9	0	24.88	0	7.9184	0	7.6566	0
9666SoOcn	 7	C	01/24/2016	05:10	270.493	-53.312		   601.35	0	  4.8969	0	34.1772	0	26.972	0	243.8	0	76.6	0	23.78	0	7.9337	0	7.6706	0
9666SoOcn	 7	C	01/24/2016	05:10	270.493	-53.312		   551.24	0	  4.9810	0	34.1658	0	26.952	0	264.5	0	83.2	0	21.70	0	7.9647	0	7.6986	0
9666SoOcn	 7	C	01/24/2016	05:10	270.493	-53.312		   501.56	0	  5.0982	0	34.1721	0	26.943	0	269.9	0	85.2	0	21.24	0	7.9682	0	7.7019	0
9666SoOcn	 7	C	01/24/2016	05:10	270.493	-53.312		   451.53	0	  5.2449	0	34.1870	0	26.937	0	268.2	0	84.9	0	20.84	0	7.9713	0	7.7051	0
9666SoOcn	 7	C	01/24/2016	05:10	270.493	-53.312		   401.30	0	  5.2753	0	34.1862	0	26.933	0	268.8	0	85.2	0	20.89	0	7.9710	0	7.7035	0
9666SoOcn	 7	C	01/24/2016	05:10	270.493	-53.312		   381.06	0	  5.2742	0	34.1835	0	26.931	0	268.2	0	85.0	0	20.95	0	7.9727	0	7.7045	0
9666SoOcn	 7	C	01/24/2016	05:10	270.493	-53.312		   361.54	0	  5.2945	0	34.1844	0	26.929	0	267.8	0	84.9	0	20.98	0	7.9703	0	7.7019	0
9666SoOcn	 7	C	01/24/2016	05:10	270.493	-53.312		   351.54	0	  5.3022	0	34.1833	0	26.927	0	267.5	0	84.8	0	20.91	0	7.9699	0	7.7013	0
9666SoOcn	 7	C	01/24/2016	05:10	270.493	-53.312		   340.33	0	  5.3079	0	34.1844	0	26.927	0	267.6	0	84.9	0	20.93	0	7.9730	0	7.7038	0
9666SoOcn	 7	C	01/24/2016	05:10	270.493	-53.312		   330.84	0	  5.3462	0	34.1864	0	26.924	0	268.2	0	85.1	0	20.83	0	7.9750	0	7.7059	0
9666SoOcn	 7	C	01/24/2016	05:10	270.493	-53.312		   321.49	0	  5.3543	0	34.1876	0	26.924	0	268.8	0	85.3	0	20.74	0	7.9759	0	7.7065	0
9666SoOcn	 7	C	01/24/2016	05:10	270.493	-53.312		   310.91	0	  5.3690	0	34.1882	0	26.923	0	268.7	0	85.3	0	20.79	0	7.9755	0	7.7060	0
9666SoOcn	 7	C	01/24/2016	05:10	270.493	-53.312		   300.91	0	  5.3812	0	34.1887	0	26.922	0	268.4	0	85.3	0	20.80	0	7.9752	0	7.7056	0
9666SoOcn	 7	C	01/24/2016	05:10	270.493	-53.312		   291.06	0	  5.3881	0	34.1876	0	26.92	0	268.1	0	85.2	0	20.74	0	7.9759	0	7.7060	0
9666SoOcn	 7	C	01/24/2016	05:10	270.493	-53.312		   281.18	0	  5.4026	0	34.1887	0	26.919	0	268.2	0	85.3	0	20.70	0	7.9778	0	7.7076	0
9666SoOcn	 7	C	01/24/2016	05:10	270.493	-53.312		   270.85	0	  5.4159	0	34.1892	0	26.918	0	268.4	0	85.3	0	20.65	0	7.9774	0	7.7071	0
9666SoOcn	 7	C	01/24/2016	05:10	270.493	-53.312		   261.64	0	  5.4278	0	34.1893	0	26.916	0	268.1	0	85.3	0	20.70	0	7.9785	0	7.7080	0
9666SoOcn	 7	C	01/24/2016	05:10	270.493	-53.312		   251.08	0	  5.4505	0	34.1907	0	26.915	0	267.9	0	85.3	0	20.81	0	7.9783	0	7.7078	0
9666SoOcn	 7	C	01/24/2016	05:10	270.493	-53.312		   241.00	0	  5.4584	0	34.1910	0	26.914	0	268.0	0	85.3	0	20.60	0	7.9795	0	7.7087	0
9666SoOcn	 7	C	01/24/2016	05:10	270.493	-53.312		   230.99	0	  5.5079	0	34.1970	0	26.913	0	267.8	0	85.4	0	20.60	0	7.9806	0	7.7101	0
9666SoOcn	 7	C	01/24/2016	05:10	270.493	-53.312		   220.93	0	  5.5456	0	34.1991	0	26.91	0	267.5	0	85.3	0	20.58	0	7.9815	0	7.7111	0
9666SoOcn	 7	C	01/24/2016	05:10	270.493	-53.312		   211.40	0	  5.5387	0	34.1956	0	26.908	0	267.7	0	85.4	0	20.52	0	7.9796	0	7.7089	0
9666SoOcn	 7	C	01/24/2016	05:10	270.493	-53.312		   201.21	0	  5.5552	0	34.1961	0	26.906	0	267.3	0	85.3	0	20.46	0	7.9822	0	7.7112	0
9666SoOcn	 7	C	01/24/2016	05:10	270.493	-53.312		   191.72	0	  5.5906	0	34.1963	0	26.902	0	267.7	0	85.5	0	20.37	0	7.9831	0	7.7122	0
9666SoOcn	 7	C	01/24/2016	05:10	270.493	-53.312		   181.00	0	  5.6698	0	34.2020	0	26.896	0	267.6	0	85.6	0	20.11	0	7.9849	0	7.7146	0
9666SoOcn	 7	C	01/24/2016	05:10	270.493	-53.312		   168.77	0	  5.7423	0	34.2043	0	26.889	0	267.1	0	85.6	0	20.00	0	7.9865	0	7.7167	0
9666SoOcn	 7	C	01/24/2016	05:10	270.493	-53.312		   159.68	0	  5.7791	0	34.2058	0	26.886	0	266.5	0	85.5	0	20.00	0	7.9884	0	7.7187	0
9666SoOcn	 7	C	01/24/2016	05:10	270.493	-53.312		   150.96	0	  5.7880	0	34.1999	0	26.88	0	266.9	0	85.6	0	19.87	0	7.9888	0	7.7189	0
9666SoOcn	 7	C	01/24/2016	05:10	270.493	-53.312		   141.25	0	  5.8214	0	34.1949	0	26.871	0	268.1	0	86.1	0	19.73	0	7.9914	0	7.7214	0
9666SoOcn	 7	C	01/24/2016	05:10	270.493	-53.312		   131.27	0	  5.8343	0	34.1858	0	26.862	0	268.5	0	86.2	0	19.27	0	7.9956	0	7.7251	0
9666SoOcn	 7	C	01/24/2016	05:10	270.493	-53.312		   121.25	0	  5.9280	0	34.1874	0	26.851	0	268.7	0	86.5	0	18.99	0	8.0000	0	7.7301	0
9666SoOcn	 7	C	01/24/2016	05:10	270.493	-53.312		   111.03	0	  6.0117	0	34.1810	0	26.835	0	269.3	0	86.8	0	18.37	0	8.0074	0	7.7377	0
9666SoOcn	 7	C	01/24/2016	05:10	270.493	-53.312		   101.67	0	  6.1231	0	34.1717	0	26.813	0	270.7	0	87.5	0	17.98	0	8.0163	0	7.7472	0
9666SoOcn	 7	C	01/24/2016	05:10	270.493	-53.312		    96.34	0	  6.1483	0	34.1678	0	26.806	0	272.0	0	88.0	0	17.89	0	8.0187	0	7.7495	0
9666SoOcn	 7	C	01/24/2016	05:10	270.493	-53.312		    91.26	0	  6.2208	0	34.1683	0	26.797	0	272.8	0	88.4	0	17.95	0	8.0196	0	7.7512	0
9666SoOcn	 7	C	01/24/2016	05:10	270.493	-53.312		    85.96	0	  6.2989	0	34.1700	0	26.788	0	272.9	0	88.6	0	17.85	0	8.0220	0	7.7543	0
9666SoOcn	 7	C	01/24/2016	05:10	270.493	-53.312		    80.99	0	  6.8224	0	34.1576	0	26.706	0	270.5	0	88.9	0	16.88	0	8.0359	0	7.7743	0
9666SoOcn	 7	C	01/24/2016	05:10	270.493	-53.312		    76.29	0	  7.1417	0	34.1628	0	26.666	0	271.6	0	89.9	0	16.68	0	8.0383	0	7.7809	0
9666SoOcn	 7	C	01/24/2016	05:10	270.493	-53.312		    71.62	0	  7.3955	0	34.1647	0	26.631	0	270.9	0	90.2	0	16.48	0	8.0405	0	7.7863	0
9666SoOcn	 7	C	01/24/2016	05:10	270.493	-53.312		    66.46	0	  7.5717	0	34.1613	0	26.603	0	270.4	0	90.4	0	16.30	0	8.0390	0	7.7872	0
9666SoOcn	 7	C	01/24/2016	05:10	270.493	-53.312		    61.38	0	  7.5914	0	34.1614	0	26.6	0	270.5	0	90.5	0	16.30	0	8.0400	0	7.7883	0
9666SoOcn	 7	C	01/24/2016	05:10	270.493	-53.312		    56.27	0	  7.5920	0	34.1617	0	26.6	0	270.5	0	90.5	0	16.35	0	8.0397	0	7.7879	0
9666SoOcn	 7	C	01/24/2016	05:10	270.493	-53.312		    51.55	0	  7.5938	0	34.1621	0	26.6	0	270.6	0	90.5	0	16.31	0	8.0386	0	7.7867	0
9666SoOcn	 7	C	01/24/2016	05:10	270.493	-53.312		    46.52	0	  7.5961	0	34.1619	0	26.6	0	270.6	0	90.5	0	16.33	0	8.0382	0	7.7862	0
9666SoOcn	 7	C	01/24/2016	05:10	270.493	-53.312		    41.39	0	  7.6035	0	34.1621	0	26.599	0	270.6	0	90.5	0	16.35	0	8.0357	0	7.7839	0
9666SoOcn	 7	C	01/24/2016	05:10	270.493	-53.312		    35.73	0	  7.6013	0	34.1618	0	26.599	0	270.5	0	90.5	0	16.22	0	8.0341	0	7.7821	0
9666SoOcn	 7	C	01/24/2016	05:10	270.493	-53.312		    28.59	0	  7.6003	0	34.1620	0	26.599	0	270.7	0	90.6	0	16.24	0	8.0339	0	7.7817	0
9666SoOcn	 7	C	01/24/2016	05:10	270.493	-53.312		    21.48	0	  7.5997	0	34.1619	0	26.599	0	270.6	0	90.5	0	16.19	0	8.0335	0	7.7811	0
9666SoOcn	 7	C	01/24/2016	05:10	270.493	-53.312		    15.42	0	  7.5976	0	34.1620	0	26.6	0	270.7	0	90.5	0	16.18	0	8.0347	0	7.7820	0
9666SoOcn	 7	C	01/24/2016	05:10	270.493	-53.312		    10.41	0	  7.5986	0	34.1619	0	26.599	0	270.8	0	90.6	0	16.34	0	8.0338	0	7.7810	0
9666SoOcn	 7	C	01/24/2016	05:10	270.493	-53.312		     5.92	0	  7.5987	0	34.1622	0	26.6	0	270.8	0	90.6	0	16.33	0	8.0350	0	7.7820	0
9666SoOcn	 7	C	01/24/2016	05:10	270.493	-53.312																	
9666SoOcn	 8	C	02/03/2016	13:23	270.823	-53.776		  1897.68	0	  2.3159	0	34.7125	0	27.686	0	148.3	0	43.9	0	32.39	0	7.7717	0	7.5290	0
9666SoOcn	 8	C	02/03/2016	13:23	270.823	-53.776		  1798.98	0	  2.3943	0	34.6904	0	27.661	0	147.5	0	43.7	0	32.55	0	7.7706	0	7.5258	0
9666SoOcn	 8	C	02/03/2016	13:23	270.823	-53.776		  1698.89	0	  2.4856	0	34.6562	0	27.624	0	146.7	0	43.6	0	32.79	0	7.7691	0	7.5224	0
9666SoOcn	 8	C	02/03/2016	13:23	270.823	-53.776		  1599.50	0	  2.5765	0	34.6262	0	27.591	0	146.3	0	43.5	0	33.13	0	7.7699	0	7.5211	0
9666SoOcn	 8	C	02/03/2016	13:23	270.823	-53.776		  1499.47	0	  2.6737	0	34.5918	0	27.553	0	146.7	0	43.8	0	33.15	0	7.7698	0	7.5191	0
9666SoOcn	 8	C	02/03/2016	13:23	270.823	-53.776		  1399.75	0	  2.7680	0	34.5528	0	27.512	0	155.3	0	46.4	0	32.80	0	7.7763	0	7.5231	0
9666SoOcn	 8	C	02/03/2016	13:23	270.823	-53.776		  1299.49	0	  2.9016	0	34.4830	0	27.442	0	160.6	0	48.1	0	32.63	0	7.7850	0	7.5296	0
9666SoOcn	 8	C	02/03/2016	13:23	270.823	-53.776		  1199.22	0	  3.0820	0	34.4106	0	27.365	0	167.4	0	50.4	0	32.20	0	7.7951	0	7.5380	0
9666SoOcn	 8	C	02/03/2016	13:23	270.823	-53.776		  1099.89	0	  3.2319	0	34.3518	0	27.301	0	178.2	0	53.8	0	31.39	0	7.8122	0	7.5525	0
9666SoOcn	 8	C	02/03/2016	13:23	270.823	-53.776		   998.85	0	  3.5727	0	34.3164	0	27.236	0	184.2	0	56.1	0	30.68	0	7.8262	0	7.5668	0
9666SoOcn	 8	C	02/03/2016	13:23	270.823	-53.776		   951.36	0	  3.7217	0	34.2997	0	27.207	0	188.9	0	57.7	0	30.21	0	7.8371	0	7.5773	0
9666SoOcn	 8	C	02/03/2016	13:23	270.823	-53.776		   901.50	0	  3.9525	0	34.2835	0	27.168	0	192.5	0	59.1	0	29.51	0	7.8454	0	7.5864	0
9666SoOcn	 8	C	02/03/2016	13:23	270.823	-53.776		   851.41	0	  4.1511	0	34.2626	0	27.129	0	198.5	0	61.3	0	28.68	0	7.8564	0	7.5976	0
9666SoOcn	 8	C	02/03/2016	13:23	270.823	-53.776		   800.78	0	  4.3406	0	34.2474	0	27.095	0	204.5	0	63.4	0	27.80	0	7.8677	0	7.6090	0
9666SoOcn	 8	C	02/03/2016	13:23	270.823	-53.776		   750.98	0	  4.5026	0	34.2297	0	27.061	0	211.6	0	65.8	0	26.97	0	7.8810	0	7.6218	0
9666SoOcn	 8	C	02/03/2016	13:23	270.823	-53.776		   701.24	0	  4.5541	0	34.1943	0	27.026	0	224.9	0	70.1	0	25.80	0	7.8985	0	7.6369	0
9666SoOcn	 8	C	02/03/2016	13:23	270.823	-53.776		   650.85	0	  4.5894	0	34.1682	0	27.001	0	238.2	0	74.2	0	24.69	0	7.9167	0	7.6524	0
9666SoOcn	 8	C	02/03/2016	13:23	270.823	-53.776		   601.69	0	  4.8194	0	34.1728	0	26.977	0	243.6	0	76.3	0	23.64	0	7.9308	0	7.6669	0
9666SoOcn	 8	C	02/03/2016	13:23	270.823	-53.776		   551.30	0	  4.9581	0	34.1707	0	26.959	0	252.4	0	79.4	0	22.71	0	7.9436	0	7.6790	0
9666SoOcn	 8	C	02/03/2016	13:23	270.823	-53.776		   499.79	0	  5.0550	0	34.1700	0	26.947	0	266.9	0	84.1	0	20.97	0	7.9645	0	7.6978	0
9666SoOcn	 8	C	02/03/2016	13:23	270.823	-53.776		   450.75	0	  5.1939	0	34.1852	0	26.942	0	266.0	0	84.1	0	20.75	0	7.9674	0	7.7007	0
9666SoOcn	 8	C	02/03/2016	13:23	270.823	-53.776		   401.21	0	  5.2649	0	34.1901	0	26.937	0	269.3	0	85.3	0	20.45	0	7.9719	0	7.7042	0
9666SoOcn	 8	C	02/03/2016	13:23	270.823	-53.776		   381.51	0	  5.2706	0	34.1893	0	26.936	0	269.5	0	85.4	0	20.42	0	7.9735	0	7.7051	0
9666SoOcn	 8	C	02/03/2016	13:23	270.823	-53.776		   361.36	0	  5.2883	0	34.1904	0	26.935	0	269.7	0	85.5	0	20.36	0	7.9743	0	7.7055	0
9666SoOcn	 8	C	02/03/2016	13:23	270.823	-53.776		   350.62	0	  5.2959	0	34.1903	0	26.934	0	269.7	0	85.5	0	20.41	0	7.9751	0	7.7060	0
9666SoOcn	 8	C	02/03/2016	13:23	270.823	-53.776		   341.25	0	  5.2990	0	34.1911	0	26.934	0	269.4	0	85.4	0	20.32	0	7.9744	0	7.7050	0
9666SoOcn	 8	C	02/03/2016	13:23	270.823	-53.776		   330.70	0	  5.3023	0	34.1902	0	26.933	0	269.2	0	85.4	0	20.43	0	7.9740	0	7.7044	0
9666SoOcn	 8	C	02/03/2016	13:23	270.823	-53.776		   320.76	0	  5.3126	0	34.1898	0	26.931	0	269.2	0	85.4	0	20.43	0	7.9756	0	7.7057	0
9666SoOcn	 8	C	02/03/2016	13:23	270.823	-53.776		   311.17	0	  5.3191	0	34.1897	0	26.93	0	269.0	0	85.3	0	20.42	0	7.9748	0	7.7047	0
9666SoOcn	 8	C	02/03/2016	13:23	270.823	-53.776		   301.60	0	  5.3236	0	34.1887	0	26.929	0	269.0	0	85.4	0	20.32	0	7.9762	0	7.7057	0
9666SoOcn	 8	C	02/03/2016	13:23	270.823	-53.776		   291.44	0	  5.3297	0	34.1884	0	26.928	0	269.4	0	85.5	0	20.36	0	7.9771	0	7.7063	0
9666SoOcn	 8	C	02/03/2016	13:23	270.823	-53.776		   281.47	0	  5.3412	0	34.1888	0	26.927	0	269.2	0	85.5	0	20.41	0	7.9767	0	7.7058	0
9666SoOcn	 8	C	02/03/2016	13:23	270.823	-53.776		   271.48	0	  5.3504	0	34.1888	0	26.926	0	268.9	0	85.4	0	20.24	0	7.9774	0	7.7063	0
9666SoOcn	 8	C	02/03/2016	13:23	270.823	-53.776		   261.10	0	  5.3685	0	34.1890	0	26.924	0	268.7	0	85.3	0	20.28	0	7.9777	0	7.7064	0
9666SoOcn	 8	C	02/03/2016	13:23	270.823	-53.776		   251.06	0	  5.3790	0	34.1901	0	26.923	0	268.7	0	85.4	0	20.32	0	7.9789	0	7.7073	0
9666SoOcn	 8	C	02/03/2016	13:23	270.823	-53.776		   240.89	0	  5.4084	0	34.1905	0	26.92	0	268.9	0	85.5	0	20.17	0	7.9787	0	7.7073	0
9666SoOcn	 8	C	02/03/2016	13:23	270.823	-53.776		   231.08	0	  5.4260	0	34.1913	0	26.918	0	268.9	0	85.5	0	20.18	0	7.9811	0	7.7093	0
9666SoOcn	 8	C	02/03/2016	13:23	270.823	-53.776		   218.65	0	  5.4564	0	34.1929	0	26.916	0	268.7	0	85.5	0	20.17	0	7.9807	0	7.7090	0
9666SoOcn	 8	C	02/03/2016	13:23	270.823	-53.776		   209.73	0	  5.4715	0	34.1948	0	26.916	0	268.7	0	85.5	0	20.18	0	7.9821	0	7.7102	0
9666SoOcn	 8	C	02/03/2016	13:23	270.823	-53.776		   201.32	0	  5.4902	0	34.1954	0	26.914	0	268.3	0	85.5	0	20.06	0	7.9836	0	7.7116	0
9666SoOcn	 8	C	02/03/2016	13:23	270.823	-53.776		   191.31	0	  5.5187	0	34.1963	0	26.911	0	268.0	0	85.5	0	20.07	0	7.9827	0	7.7108	0
9666SoOcn	 8	C	02/03/2016	13:23	270.823	-53.776		   181.54	0	  5.5580	0	34.1993	0	26.908	0	267.9	0	85.5	0	19.94	0	7.9844	0	7.7126	0
9666SoOcn	 8	C	02/03/2016	13:23	270.823	-53.776		   170.92	0	  5.5855	0	34.2009	0	26.906	0	267.7	0	85.5	0	19.98	0	7.9847	0	7.7129	0
9666SoOcn	 8	C	02/03/2016	13:23	270.823	-53.776		   161.45	0	  5.6136	0	34.2034	0	26.905	0	267.6	0	85.5	0	19.94	0	7.9868	0	7.7149	0
9666SoOcn	 8	C	02/03/2016	13:23	270.823	-53.776		   150.68	0	  5.6551	0	34.2036	0	26.9	0	267.2	0	85.5	0	19.91	0	7.9872	0	7.7155	0
9666SoOcn	 8	C	02/03/2016	13:23	270.823	-53.776		   141.58	0	  5.6835	0	34.1997	0	26.893	0	267.6	0	85.6	0	19.76	0	7.9874	0	7.7158	0
9666SoOcn	 8	C	02/03/2016	13:23	270.823	-53.776		   131.70	0	  5.7435	0	34.1957	0	26.882	0	267.9	0	85.9	0	19.56	0	7.9903	0	7.7190	0
9666SoOcn	 8	C	02/03/2016	13:23	270.823	-53.776		   121.50	0	  5.7939	0	34.1912	0	26.872	0	268.6	0	86.2	0	19.13	0	7.9941	0	7.7228	0
9666SoOcn	 8	C	02/03/2016	13:23	270.823	-53.776		   111.59	0	  5.8790	0	34.1878	0	26.858	0	269.0	0	86.5	0	18.76	0	7.9985	0	7.7277	0
9666SoOcn	 8	C	02/03/2016	13:23	270.823	-53.776		   100.97	0	  5.9530	0	34.1896	0	26.85	0	269.9	0	86.9	0	18.32	0	8.0045	0	7.7339	0
9666SoOcn	 8	C	02/03/2016	13:23	270.823	-53.776		    94.74	0	  6.0536	0	34.1817	0	26.83	0	269.7	0	87.1	0	17.92	0	8.0053	0	7.7359	0
9666SoOcn	 8	C	02/03/2016	13:23	270.823	-53.776		    88.37	0	  6.2021	0	34.1812	0	26.81	0	269.6	0	87.3	0	17.89	0	8.0108	0	7.7428	0
9666SoOcn	 8	C	02/03/2016	13:23	270.823	-53.776		    82.36	0	  6.3084	0	34.1775	0	26.793	0	270.6	0	87.9	0	17.45	0	8.0225	0	7.7548	0
9666SoOcn	 8	C	02/03/2016	13:23	270.823	-53.776		    76.77	0	  6.5033	0	34.1758	0	26.765	0	271.1	0	88.4	0	17.08	0	8.0253	0	7.7599	0
9666SoOcn	 8	C	02/03/2016	13:23	270.823	-53.776		    71.44	0	  6.5463	0	34.1718	0	26.756	0	272.5	0	89.0	0	17.07	0	8.0351	0	7.7694	0
9666SoOcn	 8	C	02/03/2016	13:23	270.823	-53.776		    66.34	0	  7.1451	0	34.1582	0	26.662	0	269.6	0	89.3	0	16.50	0	8.0345	0	7.7771	0
9666SoOcn	 8	C	02/03/2016	13:23	270.823	-53.776		    61.53	0	  7.4555	0	34.1550	0	26.615	0	268.6	0	89.6	0	16.33	0	8.0388	0	7.7853	0
9666SoOcn	 8	C	02/03/2016	13:23	270.823	-53.776		    57.49	0	  7.8385	0	34.1456	0	26.551	0	266.0	0	89.5	0	16.12	0	8.0362	0	7.7882	0
9666SoOcn	 8	C	02/03/2016	13:23	270.823	-53.776		    53.69	0	  7.8578	0	34.1469	0	26.549	0	266.2	0	89.6	0	16.03	0	8.0362	0	7.7883	0
9666SoOcn	 8	C	02/03/2016	13:23	270.823	-53.776		    49.61	0	  7.8672	0	34.1470	0	26.548	0	266.3	0	89.6	0	15.89	0	8.0361	0	7.7882	0
9666SoOcn	 8	C	02/03/2016	13:23	270.823	-53.776		    45.29	0	  7.8663	0	34.1476	0	26.548	0	266.4	0	89.6	0	15.98	0	8.0352	0	7.7873	0
9666SoOcn	 8	C	02/03/2016	13:23	270.823	-53.776		    40.57	0	  7.8660	0	34.1473	0	26.548	0	266.3	0	89.6	0	15.91	0	8.0335	0	7.7856	0
9666SoOcn	 8	C	02/03/2016	13:23	270.823	-53.776		    36.05	0	  7.8660	0	34.1471	0	26.548	0	266.4	0	89.7	0	15.89	0	8.0319	0	7.7839	0
9666SoOcn	 8	C	02/03/2016	13:23	270.823	-53.776		    31.63	0	  7.8657	0	34.1471	0	26.548	0	266.5	0	89.7	0	15.96	0	8.0316	0	7.7835	0
9666SoOcn	 8	C	02/03/2016	13:23	270.823	-53.776		    26.25	0	  7.8648	0	34.1472	0	26.548	0	266.6	0	89.7	0	16.01	0	8.0292	0	7.7811	0
9666SoOcn	 8	C	02/03/2016	13:23	270.823	-53.776		    21.64	0	  7.8642	0	34.1478	0	26.549	0	266.6	0	89.7	0	15.90	0	8.0302	0	7.7819	0
9666SoOcn	 8	C	02/03/2016	13:23	270.823	-53.776		    16.66	0	  7.8642	0	34.1477	0	26.549	0	266.7	0	89.8	0	15.95	0	8.0304	0	7.7819	0
9666SoOcn	 8	C	02/03/2016	13:23	270.823	-53.776		    11.75	0	  7.8640	0	34.1472	0	26.548	0	266.7	0	89.7	0	15.86	0	8.0303	0	7.7816	0
9666SoOcn	 8	C	02/03/2016	13:23	270.823	-53.776		     7.43	0	  7.8649	0	34.1473	0	26.548	0	266.7	0	89.8	0	15.99	0	8.0303	0	7.7815	0
9666SoOcn	 8	C	02/03/2016	13:23	270.823	-53.776																	
9666SoOcn	 9	C	02/13/2016	21:58	271.483	-54.383		  1897.83	0	  2.4069	0	34.7222	0	27.685	0	150.5	0	44.6	0	31.84	0	7.7685	0	7.5273	0
9666SoOcn	 9	C	02/13/2016	21:58	271.483	-54.383		  1799.40	0	  2.4775	0	34.6417	0	27.613	0	151.6	0	45.0	0	32.00	0	7.7694	0	7.5258	0
9666SoOcn	 9	C	02/13/2016	21:58	271.483	-54.383		  1699.21	0	  2.5540	0	34.6067	0	27.577	0	151.7	0	45.1	0	32.35	0	7.7693	0	7.5235	0
9666SoOcn	 9	C	02/13/2016	21:58	271.483	-54.383		  1600.00	0	  2.6430	0	34.5732	0	27.541	0	151.2	0	45.1	0	32.58	0	7.7708	0	7.5228	0
9666SoOcn	 9	C	02/13/2016	21:58	271.483	-54.383		  1499.46	0	  2.7404	0	34.5418	0	27.506	0	154.9	0	46.3	0	32.59	0	7.7750	0	7.5247	0
9666SoOcn	 9	C	02/13/2016	21:58	271.483	-54.383		  1398.74	0	  2.8759	0	34.4914	0	27.451	0	158.3	0	47.4	0	32.46	0	7.7801	0	7.5280	0
9666SoOcn	 9	C	02/13/2016	21:58	271.483	-54.383		  1298.84	0	  3.0239	0	34.4226	0	27.38	0	165.6	0	49.8	0	32.16	0	7.7895	0	7.5354	0
9666SoOcn	 9	C	02/13/2016	21:58	271.483	-54.383		  1199.14	0	  3.1689	0	34.3718	0	27.324	0	174.5	0	52.6	0	31.40	0	7.8032	0	7.5466	0
9666SoOcn	 9	C	02/13/2016	21:58	271.483	-54.383		  1099.51	0	  3.4659	0	34.3342	0	27.262	0	180.8	0	54.9	0	30.71	0	7.8182	0	7.5613	0
9666SoOcn	 9	C	02/13/2016	21:58	271.483	-54.383		   999.33	0	  3.7430	0	34.2991	0	27.204	0	188.7	0	57.7	0	29.85	0	7.8342	0	7.5765	0
9666SoOcn	 9	C	02/13/2016	21:58	271.483	-54.383		   951.17	0	  3.9434	0	34.2832	0	27.169	0	192.8	0	59.2	0	29.09	0	7.8441	0	7.5868	0
9666SoOcn	 9	C	02/13/2016	21:58	271.483	-54.383		   901.18	0	  4.1254	0	34.2667	0	27.135	0	197.7	0	61.0	0	28.59	0	7.8539	0	7.5966	0
9666SoOcn	 9	C	02/13/2016	21:58	271.483	-54.383		   850.70	0	  4.2467	0	34.2362	0	27.096	0	206.3	0	63.8	0	27.48	0	7.8684	0	7.6099	0
9666SoOcn	 9	C	02/13/2016	21:58	271.483	-54.383		   801.43	0	  4.4020	0	34.2219	0	27.067	0	213.5	0	66.3	0	26.79	0	7.8811	0	7.6221	0
9666SoOcn	 9	C	02/13/2016	21:58	271.483	-54.383		   750.83	0	  4.6411	0	34.2216	0	27.039	0	216.3	0	67.5	0	26.16	0	24.3337	8	22.7041	8
9666SoOcn	 9	C	02/13/2016	21:58	271.483	-54.383		   701.43	0	  4.7668	0	34.2107	0	27.015	0	223.6	0	70.0	0	25.28	0	7.9008	0	7.6419	0
9666SoOcn	 9	C	02/13/2016	21:58	271.483	-54.383		   650.91	0	  4.7472	0	34.1754	0	26.988	0	240.9	0	75.4	0	23.63	0	7.9255	0	7.6627	0
9666SoOcn	 9	C	02/13/2016	21:58	271.483	-54.383		   600.73	0	  5.0022	0	34.1882	0	26.968	0	245.3	0	77.2	0	22.99	0	-30.0673	8	-27.1592	8
9666SoOcn	 9	C	02/13/2016	21:58	271.483	-54.383		   551.52	0	  5.0553	0	34.1773	0	26.953	0	255.3	0	80.5	0	21.68	0	7.9540	0	7.6899	0
9666SoOcn	 9	C	02/13/2016	21:58	271.483	-54.383		   501.50	0	  5.1153	0	34.1764	0	26.945	0	266.0	0	84.0	0	20.68	0	7.9666	0	7.7006	0
9666SoOcn	 9	C	02/13/2016	21:58	271.483	-54.383		   451.07	0	  5.1882	0	34.1813	0	26.94	0	267.2	0	84.5	0	20.57	0	7.9682	0	7.7014	0
9666SoOcn	 9	C	02/13/2016	21:58	271.483	-54.383		   401.59	0	  5.2331	0	34.1854	0	26.937	0	268.5	0	85.0	0	20.24	0	7.9703	0	7.7023	0
9666SoOcn	 9	C	02/13/2016	21:58	271.483	-54.383		   379.87	0	  5.2446	0	34.1845	0	26.935	0	268.3	0	85.0	0	20.27	0	7.9711	0	7.7025	0
9666SoOcn	 9	C	02/13/2016	21:58	271.483	-54.383		   361.15	0	  5.2682	0	34.1845	0	26.932	0	268.2	0	85.0	0	20.28	0	7.9730	0	7.7040	0
9666SoOcn	 9	C	02/13/2016	21:58	271.483	-54.383		   351.48	0	  5.2657	0	34.1834	0	26.932	0	268.9	0	85.2	0	20.25	0	7.9728	0	7.7034	0
9666SoOcn	 9	C	02/13/2016	21:58	271.483	-54.383		   341.20	0	  5.2915	0	34.1872	0	26.932	0	268.2	0	85.0	0	20.23	0	7.9735	0	7.7041	0
9666SoOcn	 9	C	02/13/2016	21:58	271.483	-54.383		   331.00	0	  5.2922	0	34.1848	0	26.93	0	268.2	0	85.0	0	20.34	0	7.9741	0	7.7044	0
9666SoOcn	 9	C	02/13/2016	21:58	271.483	-54.383		   321.19	0	  5.3120	0	34.1854	0	26.928	0	267.8	0	84.9	0	20.33	0	7.9734	0	7.7037	0
9666SoOcn	 9	C	02/13/2016	21:58	271.483	-54.383		   311.23	0	  5.3250	0	34.1859	0	26.927	0	267.5	0	84.9	0	20.26	0	7.9732	0	7.7034	0
9666SoOcn	 9	C	02/13/2016	21:58	271.483	-54.383		   301.47	0	  5.3274	0	34.1841	0	26.925	0	267.8	0	85.0	0	20.27	0	7.9751	0	7.7048	0
9666SoOcn	 9	C	02/13/2016	21:58	271.483	-54.383		   291.54	0	  5.3417	0	34.1856	0	26.924	0	267.9	0	85.0	0	20.25	0	7.9747	0	7.7043	0
9666SoOcn	 9	C	02/13/2016	21:58	271.483	-54.383		   281.00	0	  5.3484	0	34.1840	0	26.922	0	267.9	0	85.0	0	20.19	0	7.9747	0	7.7040	0
9666SoOcn	 9	C	02/13/2016	21:58	271.483	-54.383		   271.36	0	  5.3650	0	34.1844	0	26.92	0	267.8	0	85.0	0	20.28	0	7.9754	0	7.7046	0
9666SoOcn	 9	C	02/13/2016	21:58	271.483	-54.383		   261.16	0	  5.3868	0	34.1846	0	26.918	0	267.7	0	85.1	0	20.17	0	7.9768	0	7.7059	0
9666SoOcn	 9	C	02/13/2016	21:58	271.483	-54.383		   251.41	0	  5.4053	0	34.1853	0	26.916	0	267.6	0	85.1	0	20.15	0	7.9772	0	7.7061	0
9666SoOcn	 9	C	02/13/2016	21:58	271.483	-54.383		   240.95	0	  5.4413	0	34.1872	0	26.913	0	267.5	0	85.1	0	20.11	0	7.9784	0	7.7074	0
9666SoOcn	 9	C	02/13/2016	21:58	271.483	-54.383		   231.27	0	  5.4826	0	34.1898	0	26.91	0	267.2	0	85.1	0	19.91	0	7.9795	0	7.7086	0
9666SoOcn	 9	C	02/13/2016	21:58	271.483	-54.383		   221.58	0	  5.5112	0	34.1907	0	26.907	0	267.4	0	85.2	0	19.76	0	7.9798	0	7.7090	0
9666SoOcn	 9	C	02/13/2016	21:58	271.483	-54.383		   208.45	0	  5.5966	0	34.1991	0	26.903	0	266.7	0	85.2	0	19.63	0	7.9822	0	7.7120	0
9666SoOcn	 9	C	02/13/2016	21:58	271.483	-54.383		   199.26	0	  5.6306	0	34.2021	0	26.901	0	266.5	0	85.2	0	19.63	0	7.9838	0	7.7136	0
9666SoOcn	 9	C	02/13/2016	21:58	271.483	-54.383		   190.46	0	  5.6762	0	34.2053	0	26.898	0	266.3	0	85.2	0	19.55	0	7.9824	0	7.7127	0
9666SoOcn	 9	C	02/13/2016	21:58	271.483	-54.383		   181.65	0	  5.6938	0	34.2047	0	26.896	0	266.2	0	85.2	0	19.65	0	7.9829	0	7.7131	0
9666SoOcn	 9	C	02/13/2016	21:58	271.483	-54.383		   170.93	0	  5.7099	0	34.2022	0	26.891	0	265.7	0	85.1	0	19.66	0	7.9843	0	7.7143	0
9666SoOcn	 9	C	02/13/2016	21:58	271.483	-54.383		   161.30	0	  5.7343	0	34.1993	0	26.886	0	265.6	0	85.1	0	19.54	0	7.9857	0	7.7156	0
9666SoOcn	 9	C	02/13/2016	21:58	271.483	-54.383		   150.84	0	  5.7693	0	34.1965	0	26.879	0	266.1	0	85.3	0	19.43	0	7.9863	0	7.7163	0
9666SoOcn	 9	C	02/13/2016	21:58	271.483	-54.383		   141.64	0	  5.8377	0	34.1886	0	26.864	0	266.5	0	85.6	0	18.92	0	7.9924	0	7.7225	0
9666SoOcn	 9	C	02/13/2016	21:58	271.483	-54.383		   131.05	0	  5.9384	0	34.1797	0	26.843	0	267.8	0	86.2	0	18.02	0	7.9996	0	7.7302	0
9666SoOcn	 9	C	02/13/2016	21:58	271.483	-54.383		   120.96	0	  6.0829	0	34.1756	0	26.821	0	268.5	0	86.7	0	17.38	0	8.0153	0	7.7463	0
9666SoOcn	 9	C	02/13/2016	21:58	271.483	-54.383		   111.05	0	  6.2010	0	34.1719	0	26.802	0	271.4	0	87.9	0	17.06	0	8.0216	0	7.7534	0
9666SoOcn	 9	C	02/13/2016	21:58	271.483	-54.383		   101.36	0	  6.3016	0	34.1698	0	26.787	0	273.7	0	88.8	0	17.13	0	8.0226	0	7.7555	0
9666SoOcn	 9	C	02/13/2016	21:58	271.483	-54.383		    95.71	0	  6.3603	0	34.1701	0	26.78	0	273.7	0	89.0	0	16.90	0	8.0249	0	7.7582	0
9666SoOcn	 9	C	02/13/2016	21:58	271.483	-54.383		    90.14	0	  6.4348	0	34.1685	0	26.768	0	273.9	0	89.2	0	17.13	0	8.0233	0	7.7576	0
9666SoOcn	 9	C	02/13/2016	21:58	271.483	-54.383		    84.47	0	  6.8162	0	34.1600	0	26.709	0	272.2	0	89.4	0	16.58	0	8.0350	0	7.7735	0
9666SoOcn	 9	C	02/13/2016	21:58	271.483	-54.383		    79.48	0	  7.1700	0	34.1638	0	26.663	0	271.4	0	89.9	0	16.31	0	8.0405	0	7.7834	0
9666SoOcn	 9	C	02/13/2016	21:58	271.483	-54.383		    74.98	0	  7.5943	0	34.1521	0	26.592	0	268.6	0	89.8	0	15.91	0	8.0375	0	7.7864	0
9666SoOcn	 9	C	02/13/2016	21:58	271.483	-54.383		    70.77	0	  7.6354	0	34.1529	0	26.587	0	268.5	0	89.9	0	15.81	0	8.0388	0	7.7881	0
9666SoOcn	 9	C	02/13/2016	21:58	271.483	-54.383		    66.24	0	  8.2502	0	34.1343	0	26.479	0	264.1	0	89.6	0	15.73	0	8.0342	0	7.7925	0
9666SoOcn	 9	C	02/13/2016	21:58	271.483	-54.383		    61.64	0	  8.5988	0	34.1357	0	26.427	0	260.8	0	89.2	0	15.45	0	8.0294	0	7.7929	0
9666SoOcn	 9	C	02/13/2016	21:58	271.483	-54.383		    56.76	0	  8.6393	0	34.1379	0	26.422	0	260.1	0	89.1	0	15.40	0	8.0293	0	7.7932	0
9666SoOcn	 9	C	02/13/2016	21:58	271.483	-54.383		    51.51	0	  8.6379	0	34.1378	0	26.423	0	259.9	0	89.0	0	15.35	0	8.0280	0	7.7919	0
9666SoOcn	 9	C	02/13/2016	21:58	271.483	-54.383		    46.22	0	  8.6275	0	34.1384	0	26.425	0	260.0	0	89.0	0	15.36	0	8.0255	0	7.7892	0
9666SoOcn	 9	C	02/13/2016	21:58	271.483	-54.383		    40.79	0	  8.6384	0	34.1374	0	26.422	0	259.9	0	89.0	0	15.35	0	8.0245	0	7.7883	0
9666SoOcn	 9	C	02/13/2016	21:58	271.483	-54.383		    34.46	0	  8.6393	0	34.1376	0	26.422	0	260.0	0	89.0	0	15.39	0	8.0227	0	7.7865	0
9666SoOcn	 9	C	02/13/2016	21:58	271.483	-54.383		    28.97	0	  8.6388	0	34.1381	0	26.423	0	260.0	0	89.0	0	15.52	0	8.0226	0	7.7862	0
9666SoOcn	 9	C	02/13/2016	21:58	271.483	-54.383		    26.55	0	  8.6386	0	34.1379	0	26.423	0	260.1	0	89.1	0	15.38	0	8.0237	0	7.7871	0
9666SoOcn	 9	C	02/13/2016	21:58	271.483	-54.383		    21.75	0	  8.6397	0	34.1381	0	26.423	0	260.2	0	89.1	0	15.41	0	8.0216	0	7.7851	0
9666SoOcn	 9	C	02/13/2016	21:58	271.483	-54.383		    16.76	0	  8.6384	0	34.1380	0	26.423	0	260.1	0	89.1	0	15.37	0	8.0224	0	7.7856	0
9666SoOcn	 9	C	02/13/2016	21:58	271.483	-54.383		    11.64	0	  8.6351	0	34.1381	0	26.423	0	260.3	0	89.1	0	15.41	0	8.0224	0	7.7853	0
9666SoOcn	 9	C	02/13/2016	21:58	271.483	-54.383		     7.36	0	  8.6387	0	34.1382	0	26.423	0	260.1	0	89.1	0	15.41	0	8.0224	0	7.7853	0
9666SoOcn	 9	C	02/13/2016	21:58	271.483	-54.383																	
9666SoOcn	 10	C	02/24/2016	07:33	271.15	-54.835		  1898.68	0	  2.3936	0	34.6660	0	27.641	0	152.3	0	45.1	0	31.36	0	7.7718	0	7.5302	0
9666SoOcn	 10	C	02/24/2016	07:33	271.15	-54.835		  1798.54	0	  2.4565	0	34.6294	0	27.605	0	148.3	0	44.0	0	32.06	0	7.7671	0	7.5234	0
9666SoOcn	 10	C	02/24/2016	07:33	271.15	-54.835		  1698.84	0	  2.5549	0	34.5953	0	27.568	0	145.6	0	43.3	0	32.57	0	7.7636	0	7.5183	0
9666SoOcn	 10	C	02/24/2016	07:33	271.15	-54.835		  1597.38	0	  2.6349	0	34.5629	0	27.534	0	148.5	0	44.2	0	32.34	0	7.7709	0	7.5228	0
9666SoOcn	 10	C	02/24/2016	07:33	271.15	-54.835		  1499.03	0	  2.7639	0	34.5226	0	27.488	0	150.1	0	44.8	0	32.68	0	7.7703	0	7.5208	0
9666SoOcn	 10	C	02/24/2016	07:33	271.15	-54.835		  1399.36	0	  2.8884	0	34.4688	0	27.432	0	159.6	0	47.8	0	32.19	0	7.7815	0	7.5295	0
9666SoOcn	 10	C	02/24/2016	07:33	271.15	-54.835		  1299.88	0	  3.0175	0	34.4253	0	27.383	0	165.5	0	49.7	0	31.84	0	7.7899	0	7.5357	0
9666SoOcn	 10	C	02/24/2016	07:33	271.15	-54.835		  1198.85	0	  3.1558	0	34.3728	0	27.326	0	174.6	0	52.6	0	31.32	0	7.8036	0	7.5468	0
9666SoOcn	 10	C	02/24/2016	07:33	271.15	-54.835		  1099.15	0	  3.4416	0	34.3338	0	27.264	0	181.0	0	54.9	0	30.69	0	7.8179	0	7.5607	0
9666SoOcn	 10	C	02/24/2016	07:33	271.15	-54.835		   999.81	0	  3.7746	0	34.2915	0	27.194	0	190.4	0	58.2	0	29.35	0	7.8365	0	7.5790	0
9666SoOcn	 10	C	02/24/2016	07:33	271.15	-54.835		   950.59	0	  3.9702	0	34.2827	0	27.165	0	193.0	0	59.3	0	28.85	0	7.8463	0	7.5891	0
9666SoOcn	 10	C	02/24/2016	07:33	271.15	-54.835		   900.93	0	  4.1372	0	34.2653	0	27.132	0	198.2	0	61.2	0	28.19	0	7.8536	0	7.5965	0
9666SoOcn	 10	C	02/24/2016	07:33	271.15	-54.835		   851.71	0	  4.3137	0	34.2493	0	27.099	0	203.5	0	63.1	0	27.52	0	7.8647	0	7.6075	0
9666SoOcn	 10	C	02/24/2016	07:33	271.15	-54.835		   801.53	0	  4.4261	0	34.2190	0	27.061	0	214.6	0	66.7	0	26.23	0	7.8825	0	7.6238	0
9666SoOcn	 10	C	02/24/2016	07:33	271.15	-54.835		   751.43	0	  4.7101	0	34.2161	0	27.026	0	219.7	0	68.7	0	25.30	0	7.8946	0	7.6372	0
9666SoOcn	 10	C	02/24/2016	07:33	271.15	-54.835		   701.52	0	  4.7700	0	34.1961	0	27.002	0	229.9	0	72.0	0	24.44	0	7.9091	0	7.6496	0
9666SoOcn	 10	C	02/24/2016	07:33	271.15	-54.835		   651.28	0	  4.7837	0	34.1731	0	26.982	0	241.9	0	75.7	0	23.40	0	7.9260	0	7.6637	0
9666SoOcn	 10	C	02/24/2016	07:33	271.15	-54.835		   601.66	0	  4.9431	0	34.1746	0	26.964	0	247.1	0	77.7	0	22.53	0	7.9372	0	7.6745	0
9666SoOcn	 10	C	02/24/2016	07:33	271.15	-54.835		   551.54	0	  5.0088	0	34.1669	0	26.95	0	261.7	0	82.4	0	20.88	0	7.9593	0	7.6941	0
9666SoOcn	 10	C	02/24/2016	07:33	271.15	-54.835		   500.93	0	  5.1364	0	34.1777	0	26.943	0	265.4	0	83.8	0	20.58	0	7.9648	0	7.6992	0
9666SoOcn	 10	C	02/24/2016	07:33	271.15	-54.835		   451.56	0	  5.1989	0	34.1823	0	26.939	0	267.6	0	84.6	0	20.16	0	7.9697	0	7.7030	0
9666SoOcn	 10	C	02/24/2016	07:33	271.15	-54.835		   401.52	0	  5.2474	0	34.1867	0	26.937	0	269.1	0	85.2	0	20.11	0	7.9732	0	7.7052	0
9666SoOcn	 10	C	02/24/2016	07:33	271.15	-54.835		   380.95	0	  5.2502	0	34.1856	0	26.936	0	269.5	0	85.4	0	19.96	0	7.9735	0	7.7048	0
9666SoOcn	 10	C	02/24/2016	07:33	271.15	-54.835		   361.63	0	  5.2694	0	34.1866	0	26.934	0	269.6	0	85.4	0	20.02	0	7.9730	0	7.7040	0
9666SoOcn	 10	C	02/24/2016	07:33	271.15	-54.835		   351.05	0	  5.2749	0	34.1873	0	26.934	0	269.8	0	85.5	0	19.92	0	7.9743	0	7.7050	0
9666SoOcn	 10	C	02/24/2016	07:33	271.15	-54.835		   338.61	0	  5.2893	0	34.1885	0	26.933	0	270.0	0	85.6	0	19.94	0	7.9750	0	7.7054	0
9666SoOcn	 10	C	02/24/2016	07:33	271.15	-54.835		   331.50	0	  5.2969	0	34.1888	0	26.932	0	269.9	0	85.6	0	19.86	0	7.9765	0	7.7066	0
9666SoOcn	 10	C	02/24/2016	07:33	271.15	-54.835		   320.67	0	  5.3004	0	34.1870	0	26.93	0	269.7	0	85.5	0	20.04	0	7.9742	0	7.7042	0
9666SoOcn	 10	C	02/24/2016	07:33	271.15	-54.835		   311.41	0	  5.3067	0	34.1871	0	26.93	0	269.0	0	85.3	0	19.98	0	7.9734	0	7.7032	0
9666SoOcn	 10	C	02/24/2016	07:33	271.15	-54.835		   301.47	0	  5.3257	0	34.1870	0	26.927	0	268.1	0	85.1	0	20.09	0	7.9743	0	7.7040	0
9666SoOcn	 10	C	02/24/2016	07:33	271.15	-54.835		   290.71	0	  5.3250	0	34.1858	0	26.926	0	268.1	0	85.1	0	19.96	0	7.9757	0	7.7049	0
9666SoOcn	 10	C	02/24/2016	07:33	271.15	-54.835		   281.04	0	  5.3546	0	34.1875	0	26.924	0	268.0	0	85.1	0	20.03	0	7.9768	0	7.7060	0
9666SoOcn	 10	C	02/24/2016	07:33	271.15	-54.835		   270.78	0	  5.3738	0	34.1881	0	26.922	0	267.9	0	85.1	0	19.91	0	7.9774	0	7.7065	0
9666SoOcn	 10	C	02/24/2016	07:33	271.15	-54.835		   261.63	0	  5.4088	0	34.1905	0	26.92	0	267.9	0	85.2	0	19.81	0	7.9788	0	7.7080	0
9666SoOcn	 10	C	02/24/2016	07:33	271.15	-54.835		   250.85	0	  5.4251	0	34.1915	0	26.919	0	268.1	0	85.3	0	19.80	0	7.9789	0	7.7080	0
9666SoOcn	 10	C	02/24/2016	07:33	271.15	-54.835		   241.52	0	  5.4384	0	34.1923	0	26.918	0	268.2	0	85.3	0	19.65	0	7.9791	0	7.7080	0
9666SoOcn	 10	C	02/24/2016	07:33	271.15	-54.835		   231.33	0	  5.4486	0	34.1934	0	26.917	0	268.2	0	85.4	0	19.62	0	7.9792	0	7.7079	0
9666SoOcn	 10	C	02/24/2016	07:33	271.15	-54.835		   221.30	0	  5.4682	0	34.1928	0	26.914	0	267.8	0	85.3	0	19.72	0	7.9806	0	7.7092	0
9666SoOcn	 10	C	02/24/2016	07:33	271.15	-54.835		   211.65	0	  5.4763	0	34.1923	0	26.913	0	267.5	0	85.2	0	19.93	0	7.9802	0	7.7086	0
9666SoOcn	 10	C	02/24/2016	07:33	271.15	-54.835		   199.43	0	  5.5186	0	34.1949	0	26.91	0	267.0	0	85.1	0	19.75	0	7.9810	0	7.7095	0
9666SoOcn	 10	C	02/24/2016	07:33	271.15	-54.835		   190.27	0	  5.5347	0	34.1957	0	26.908	0	266.6	0	85.0	0	19.78	0	7.9823	0	7.7106	0
9666SoOcn	 10	C	02/24/2016	07:33	271.15	-54.835		   181.64	0	  5.5771	0	34.1981	0	26.905	0	266.4	0	85.0	0	19.60	0	7.9839	0	7.7124	0
9666SoOcn	 10	C	02/24/2016	07:33	271.15	-54.835		   170.42	0	  5.6344	0	34.2026	0	26.901	0	266.1	0	85.1	0	19.55	0	7.9841	0	7.7130	0
9666SoOcn	 10	C	02/24/2016	07:33	271.15	-54.835		   160.83	0	  5.6716	0	34.2032	0	26.897	0	265.8	0	85.0	0	19.47	0	7.9842	0	7.7133	0
9666SoOcn	 10	C	02/24/2016	07:33	271.15	-54.835		   151.30	0	  5.6873	0	34.2023	0	26.894	0	265.5	0	85.0	0	19.53	0	7.9862	0	7.7151	0
9666SoOcn	 10	C	02/24/2016	07:33	271.15	-54.835		   140.69	0	  5.6905	0	34.1927	0	26.886	0	266.5	0	85.3	0	19.46	0	7.9873	0	7.7158	0
9666SoOcn	 10	C	02/24/2016	07:33	271.15	-54.835		   131.06	0	  5.7370	0	34.1875	0	26.876	0	266.8	0	85.5	0	19.11	0	7.9914	0	7.7199	0
9666SoOcn	 10	C	02/24/2016	07:33	271.15	-54.835		   120.67	0	  5.7979	0	34.1826	0	26.864	0	268.1	0	86.0	0	18.47	0	7.9969	0	7.7254	0
9666SoOcn	 10	C	02/24/2016	07:33	271.15	-54.835		   111.12	0	  5.9340	0	34.1826	0	26.846	0	269.4	0	86.7	0	17.94	0	8.0024	0	7.7321	0
9666SoOcn	 10	C	02/24/2016	07:33	271.15	-54.835		   100.77	0	  5.9209	0	34.1551	0	26.825	0	272.8	0	87.8	0	18.03	0	8.0080	0	7.7367	0
9666SoOcn	 10	C	02/24/2016	07:33	271.15	-54.835		    94.67	0	  6.0454	0	34.1561	0	26.81	0	273.1	0	88.1	0	17.76	0	8.0106	0	7.7406	0
9666SoOcn	 10	C	02/24/2016	07:33	271.15	-54.835		    88.71	0	  6.2058	0	34.1739	0	26.803	0	272.7	0	88.4	0	17.39	0	8.0136	0	7.7454	0
9666SoOcn	 10	C	02/24/2016	07:33	271.15	-54.835		    82.90	0	  6.5735	0	34.2046	0	26.779	0	271.2	0	88.6	0	16.92	0	8.0385	0	7.7733	0
9666SoOcn	 10	C	02/24/2016	07:33	271.15	-54.835		    77.59	0	  7.9598	0	34.1235	0	26.514	0	260.8	0	88.0	0	15.16	0	8.0310	0	7.7858	0
9666SoOcn	 10	C	02/24/2016	07:33	271.15	-54.835		    73.98	0	  7.9712	0	34.1363	0	26.523	0	260.5	0	87.9	0	15.23	0	8.0324	0	7.7871	0
9666SoOcn	 10	C	02/24/2016	07:33	271.15	-54.835		    70.15	0	  7.9736	0	34.1376	0	26.524	0	260.2	0	87.8	0	15.22	0	8.0334	0	7.7880	0
9666SoOcn	 10	C	02/24/2016	07:33	271.15	-54.835		    66.31	0	  7.9749	0	34.1377	0	26.524	0	260.0	0	87.7	0	15.15	0	8.0334	0	7.7878	0
9666SoOcn	 10	C	02/24/2016	07:33	271.15	-54.835		    61.11	0	  7.9745	0	34.1380	0	26.524	0	260.1	0	87.7	0	15.31	0	8.0317	0	7.7861	0
9666SoOcn	 10	C	02/24/2016	07:33	271.15	-54.835		    56.86	0	  7.9791	0	34.1384	0	26.524	0	260.0	0	87.7	0	15.32	0	8.0313	0	7.7857	0
9666SoOcn	 10	C	02/24/2016	07:33	271.15	-54.835		    51.33	0	  7.9926	0	34.1378	0	26.521	0	260.1	0	87.8	0	15.29	0	8.0306	0	7.7850	0
9666SoOcn	 10	C	02/24/2016	07:33	271.15	-54.835		    46.15	0	  8.0002	0	34.1370	0	26.519	0	260.1	0	87.8	0	15.17	0	8.0283	0	7.7829	0
9666SoOcn	 10	C	02/24/2016	07:33	271.15	-54.835		    41.65	0	  8.0113	0	34.1366	0	26.517	0	260.1	0	87.8	0	15.30	0	8.0281	0	7.7827	0
9666SoOcn	 10	C	02/24/2016	07:33	271.15	-54.835		    36.30	0	  8.0168	0	34.1368	0	26.517	0	260.1	0	87.8	0	15.25	0	8.0268	0	7.7814	0
9666SoOcn	 10	C	02/24/2016	07:33	271.15	-54.835		    31.59	0	  8.0182	0	34.1364	0	26.516	0	260.2	0	87.9	0	15.26	0	8.0263	0	7.7808	0
9666SoOcn	 10	C	02/24/2016	07:33	271.15	-54.835		    26.80	0	  8.0224	0	34.1361	0	26.515	0	260.2	0	87.9	0	15.30	0	8.0258	0	7.7803	0
9666SoOcn	 10	C	02/24/2016	07:33	271.15	-54.835		    21.69	0	  8.0219	0	34.1364	0	26.516	0	260.2	0	87.9	0	15.20	0	8.0248	0	7.7792	0
9666SoOcn	 10	C	02/24/2016	07:33	271.15	-54.835		    16.14	0	  8.0220	0	34.1359	0	26.515	0	260.2	0	87.9	0	15.28	0	8.0258	0	7.7799	0
9666SoOcn	 10	C	02/24/2016	07:33	271.15	-54.835		    11.13	0	  8.0210	0	34.1361	0	26.516	0	260.3	0	87.9	0	15.19	0	8.0257	0	7.7796	0
9666SoOcn	 10	C	02/24/2016	07:33	271.15	-54.835		     7.03	0	  8.0219	0	34.1355	0	26.515	0	260.3	0	87.9	0	15.21	0	8.0264	0	7.7801	0
9666SoOcn	 10	C	02/24/2016	07:33	271.15	-54.835																	
9666SoOcn	 11	C	03/05/2016	16:40	271.151	-55.203		  1898.27	0	  2.3525	0	35.1448	0	28.035	0	149.0	0	44.3	0	31.11	0	7.7773	0	7.5346	0
9666SoOcn	 11	C	03/05/2016	16:40	271.151	-55.203		  1798.49	0	  2.4292	0	35.4041	0	28.239	0	146.5	0	43.7	0	31.30	0	7.7781	0	7.5331	0
9666SoOcn	 11	C	03/05/2016	16:40	271.151	-55.203		  1698.30	0	  2.5040	0	35.3983	0	28.227	0	146.8	0	43.8	0	31.32	0	7.7800	0	7.5326	0
9666SoOcn	 11	C	03/05/2016	16:40	271.151	-55.203		  1599.36	0	  2.6054	0	35.4982	0	28.299	0	148.1	0	44.4	0	31.31	0	7.7832	0	7.5337	0
9666SoOcn	 11	C	03/05/2016	16:40	271.151	-55.203		  1499.01	0	  2.6815	0	35.2761	0	28.111	0	155.3	0	46.5	0	31.20	0	7.7880	0	7.5358	0
9666SoOcn	 11	C	03/05/2016	16:40	271.151	-55.203		  1398.52	0	  2.8010	0	35.0904	0	27.948	0	158.9	0	47.7	0	31.37	0	7.7902	0	7.5362	0
9666SoOcn	 11	C	03/05/2016	16:40	271.151	-55.203		  1300.03	0	  2.9532	0	34.7671	0	27.669	0	164.6	0	49.5	0	31.45	0	7.7950	0	7.5395	0
9666SoOcn	 11	C	03/05/2016	16:40	271.151	-55.203		  1199.32	0	  3.1615	0	34.6215	0	27.529	0	170.0	0	51.3	0	31.17	0	7.8042	0	7.5474	0
9666SoOcn	 11	C	03/05/2016	16:40	271.151	-55.203		  1099.79	0	  3.3283	0	34.3477	0	27.288	0	178.4	0	54.0	0	30.83	0	7.8131	0	7.5547	0
9666SoOcn	 11	C	03/05/2016	16:40	271.151	-55.203		   999.70	0	  3.7269	0	34.3050	0	27.21	0	186.9	0	57.1	0	29.69	0	7.8304	0	7.5728	0
9666SoOcn	 11	C	03/05/2016	16:40	271.151	-55.203		   950.84	0	  3.8695	0	34.2893	0	27.182	0	191.2	0	58.6	0	29.18	0	7.8426	0	7.5843	0
9666SoOcn	 11	C	03/05/2016	16:40	271.151	-55.203		   901.43	0	  4.0599	0	34.2726	0	27.147	0	195.9	0	60.3	0	28.38	0	7.8507	0	7.5928	0
9666SoOcn	 11	C	03/05/2016	16:40	271.151	-55.203		   850.92	0	  4.1975	0	34.2596	0	27.121	0	200.6	0	62.0	0	27.90	0	7.8592	0	7.6008	0
9666SoOcn	 11	C	03/05/2016	16:40	271.151	-55.203		   800.92	0	  4.3673	0	34.2429	0	27.088	0	206.3	0	64.0	0	27.17	0	7.8707	0	7.6121	0
9666SoOcn	 11	C	03/05/2016	16:40	271.151	-55.203		   750.79	0	  4.4471	0	34.2063	0	27.049	0	218.1	0	67.8	0	26.09	0	7.8882	0	7.6276	0
9666SoOcn	 11	C	03/05/2016	16:40	271.151	-55.203		   701.72	0	  4.7408	0	34.2118	0	27.019	0	222.3	0	69.6	0	25.11	0	7.9004	0	7.6413	0
9666SoOcn	 11	C	03/05/2016	16:40	271.151	-55.203		   651.56	0	  4.8000	0	34.1891	0	26.993	0	233.7	0	73.2	0	23.95	0	7.9172	0	7.6558	0
9666SoOcn	 11	C	03/05/2016	16:40	271.151	-55.203		   600.87	0	  4.8894	0	36.1580	0	28.6	0	241.2	0	76.7	0	20.65	0	7.9598	0	7.6945	0
9666SoOcn	 11	C	03/05/2016	16:40	271.151	-55.203		   551.36	0	  5.0255	0	35.2786	0	27.862	0	252.7	0	80.2	0	20.46	0	7.9638	0	7.6984	0
9666SoOcn	 11	C	03/05/2016	16:40	271.151	-55.203		   501.57	0	  5.1151	0	34.1772	0	26.945	0	263.6	0	83.2	0	20.68	0	7.9615	0	7.6959	0
9666SoOcn	 11	C	03/05/2016	16:40	271.151	-55.203		   451.68	0	  5.2019	0	34.1827	0	26.939	0	267.6	0	84.7	0	20.14	0	7.9682	0	7.7016	0
9666SoOcn	 11	C	03/05/2016	16:40	271.151	-55.203		   401.46	0	  5.2678	0	35.7667	0	28.234	0	265.9	0	85.1	0	18.02	0	7.9953	0	7.7257	0
9666SoOcn	 11	C	03/05/2016	16:40	271.151	-55.203		   381.17	0	  5.2804	0	34.1889	0	26.935	0	268.9	0	85.2	0	19.89	0	7.9727	0	7.7045	0
9666SoOcn	 11	C	03/05/2016	16:40	271.151	-55.203		   361.44	0	  5.2887	0	34.1874	0	26.932	0	268.6	0	85.2	0	19.90	0	7.9717	0	7.7031	0
9666SoOcn	 11	C	03/05/2016	16:40	271.151	-55.203		   351.34	0	  5.2993	0	34.1885	0	26.932	0	267.8	0	84.9	0	19.99	0	7.9714	0	7.7027	0
9666SoOcn	 11	C	03/05/2016	16:40	271.151	-55.203		   340.04	0	  5.3092	0	34.1887	0	26.931	0	267.1	0	84.7	0	20.10	0	7.9710	0	7.7020	0
9666SoOcn	 11	C	03/05/2016	16:40	271.151	-55.203		   331.55	0	  5.3259	0	34.1901	0	26.93	0	266.6	0	84.6	0	20.02	0	7.9708	0	7.7018	0
9666SoOcn	 11	C	03/05/2016	16:40	271.151	-55.203		   320.93	0	  5.3326	0	34.1899	0	26.929	0	266.4	0	84.6	0	20.04	0	7.9722	0	7.7028	0
9666SoOcn	 11	C	03/05/2016	16:40	271.151	-55.203		   311.15	0	  5.3369	0	34.1895	0	26.928	0	266.2	0	84.5	0	19.95	0	7.9721	0	7.7024	0
9666SoOcn	 11	C	03/05/2016	16:40	271.151	-55.203		   300.83	0	  5.3481	0	34.1892	0	26.926	0	266.8	0	84.7	0	19.87	0	7.9732	0	7.7033	0
9666SoOcn	 11	C	03/05/2016	16:40	271.151	-55.203		   290.73	0	  5.3565	0	34.1891	0	26.925	0	267.2	0	84.9	0	19.93	0	7.9752	0	7.7049	0
9666SoOcn	 11	C	03/05/2016	16:40	271.151	-55.203		   281.55	0	  5.3698	0	34.1909	0	26.925	0	267.3	0	84.9	0	19.91	0	7.9755	0	7.7051	0
9666SoOcn	 11	C	03/05/2016	16:40	271.151	-55.203		   271.64	0	  5.3856	0	34.1908	0	26.923	0	266.9	0	84.8	0	19.89	0	7.9753	0	7.7048	0
9666SoOcn	 11	C	03/05/2016	16:40	271.151	-55.203		   260.95	0	  5.4011	0	34.1909	0	26.921	0	266.8	0	84.8	0	19.95	0	7.9779	0	7.7070	0
9666SoOcn	 11	C	03/05/2016	16:40	271.151	-55.203		   251.12	0	  5.4113	0	34.1913	0	26.92	0	267.1	0	84.9	0	19.69	0	7.9780	0	7.7070	0
9666SoOcn	 11	C	03/05/2016	16:40	271.151	-55.203		   241.02	0	  5.4259	0	34.1918	0	26.919	0	267.3	0	85.0	0	19.63	0	7.9783	0	7.7071	0
9666SoOcn	 11	C	03/05/2016	16:40	271.151	-55.203		   231.27	0	  5.4400	0	34.1924	0	26.918	0	267.1	0	85.0	0	19.72	0	7.9789	0	7.7076	0
9666SoOcn	 11	C	03/05/2016	16:40	271.151	-55.203		   221.64	0	  5.4525	0	34.1928	0	26.916	0	266.9	0	85.0	0	19.70	0	7.9775	0	7.7061	0
9666SoOcn	 11	C	03/05/2016	16:40	271.151	-55.203		   211.12	0	  5.4651	0	34.1926	0	26.915	0	266.7	0	84.9	0	19.69	0	7.9792	0	7.7075	0
9666SoOcn	 11	C	03/05/2016	16:40	271.151	-55.203		   199.44	0	  5.4742	0	34.1927	0	26.913	0	266.8	0	85.0	0	19.63	0	7.9803	0	7.7083	0
9666SoOcn	 11	C	03/05/2016	16:40	271.151	-55.203		   190.59	0	  5.4820	0	34.1925	0	26.912	0	267.1	0	85.1	0	19.60	0	7.9813	0	7.7089	0
9666SoOcn	 11	C	03/05/2016	16:40	271.151	-55.203		   181.17	0	  5.5032	0	34.1933	0	26.91	0	267.0	0	85.1	0	19.66	0	7.9819	0	7.7095	0
9666SoOcn	 11	C	03/05/2016	16:40	271.151	-55.203		   171.45	0	  5.5113	0	34.1894	0	26.906	0	267.1	0	85.1	0	19.59	0	7.9833	0	7.7106	0
9666SoOcn	 11	C	03/05/2016	16:40	271.151	-55.203		   160.53	0	  5.5640	0	34.1903	0	26.9	0	267.0	0	85.2	0	19.49	0	7.9845	0	7.7121	0
9666SoOcn	 11	C	03/05/2016	16:40	271.151	-55.203		   150.91	0	  5.5479	0	34.1816	0	26.895	0	267.6	0	85.3	0	19.46	0	7.9884	0	7.7151	0
9666SoOcn	 11	C	03/05/2016	16:40	271.151	-55.203		   141.07	0	  5.5770	0	34.1748	0	26.886	0	268.1	0	85.6	0	19.30	0	7.9884	0	7.7152	0
9666SoOcn	 11	C	03/05/2016	16:40	271.151	-55.203		   130.96	0	  5.5923	0	34.1605	0	26.872	0	269.1	0	85.9	0	19.28	0	7.9921	0	7.7184	0
9666SoOcn	 11	C	03/05/2016	16:40	271.151	-55.203		   121.02	0	  5.7991	0	34.1707	0	26.854	0	269.3	0	86.4	0	18.53	0	7.9973	0	7.7258	0
9666SoOcn	 11	C	03/05/2016	16:40	271.151	-55.203		   110.88	0	  5.9091	0	34.1729	0	26.842	0	269.6	0	86.7	0	18.04	0	8.0011	0	7.7305	0
9666SoOcn	 11	C	03/05/2016	16:40	271.151	-55.203		   101.59	0	  6.0827	0	34.1763	0	26.822	0	269.2	0	87.0	0	17.88	0	8.0135	0	7.7440	0
9666SoOcn	 11	C	03/05/2016	16:40	271.151	-55.203		    94.24	0	  6.2350	0	34.1717	0	26.798	0	270.1	0	87.5	0	17.20	0	8.0210	0	7.7528	0
9666SoOcn	 11	C	03/05/2016	16:40	271.151	-55.203		    87.76	0	  6.7935	0	34.1527	0	26.706	0	269.1	0	88.4	0	16.54	0	8.0398	0	7.7776	0
9666SoOcn	 11	C	03/05/2016	16:40	271.151	-55.203		    83.63	0	  7.7214	0	34.1328	0	26.557	0	263.6	0	88.4	0	15.65	0	8.0337	0	7.7851	0
9666SoOcn	 11	C	03/05/2016	16:40	271.151	-55.203		    80.98	0	  8.0062	0	34.1167	0	26.502	0	261.3	0	88.2	0	15.30	0	8.0300	0	7.7856	0
9666SoOcn	 11	C	03/05/2016	16:40	271.151	-55.203		    76.38	0	  8.0054	0	34.1181	0	26.503	0	261.5	0	88.3	0	15.30	0	8.0301	0	7.7856	0
9666SoOcn	 11	C	03/05/2016	16:40	271.151	-55.203		    71.19	0	  7.9919	0	34.1189	0	26.506	0	261.6	0	88.3	0	15.33	0	8.0297	0	7.7849	0
9666SoOcn	 11	C	03/05/2016	16:40	271.151	-55.203		    66.78	0	  8.0012	0	34.1181	0	26.504	0	261.7	0	88.3	0	15.30	0	8.0281	0	7.7834	0
9666SoOcn	 11	C	03/05/2016	16:40	271.151	-55.203		    61.46	0	  7.9981	0	34.1182	0	26.504	0	261.7	0	88.3	0	15.36	0	8.0290	0	7.7840	0
9666SoOcn	 11	C	03/05/2016	16:40	271.151	-55.203		    56.85	0	  7.9996	0	34.1180	0	26.504	0	261.8	0	88.3	0	15.21	0	8.0280	0	7.7829	0
9666SoOcn	 11	C	03/05/2016	16:40	271.151	-55.203		    51.35	0	  8.0047	0	34.1179	0	26.503	0	261.8	0	88.4	0	15.36	0	8.0273	0	7.7822	0
9666SoOcn	 11	C	03/05/2016	16:40	271.151	-55.203		    46.50	0	  8.0013	0	34.1184	0	26.504	0	261.9	0	88.4	0	15.20	0	8.0277	0	7.7823	0
9666SoOcn	 11	C	03/05/2016	16:40	271.151	-55.203		    41.75	0	  8.0017	0	34.1179	0	26.503	0	261.9	0	88.4	0	15.25	0	8.0262	0	7.7808	0
9666SoOcn	 11	C	03/05/2016	16:40	271.151	-55.203		    36.78	0	  8.0012	0	34.1188	0	26.504	0	262.0	0	88.4	0	15.37	0	8.0255	0	7.7800	0
9666SoOcn	 11	C	03/05/2016	16:40	271.151	-55.203		    31.39	0	  8.0016	0	34.1187	0	26.504	0	262.0	0	88.4	0	15.17	0	8.0235	0	7.7780	0
9666SoOcn	 11	C	03/05/2016	16:40	271.151	-55.203		    26.30	0	  8.0018	0	34.1181	0	26.503	0	262.2	0	88.5	0	15.33	0	8.0232	0	7.7776	0
9666SoOcn	 11	C	03/05/2016	16:40	271.151	-55.203		    21.80	0	  8.0040	0	34.1181	0	26.503	0	262.1	0	88.5	0	15.29	0	8.0226	0	7.7769	0
9666SoOcn	 11	C	03/05/2016	16:40	271.151	-55.203		    16.60	0	  8.0025	0	34.1182	0	26.503	0	262.2	0	88.5	0	15.29	0	8.0232	0	7.7773	0
9666SoOcn	 11	C	03/05/2016	16:40	271.151	-55.203		    11.74	0	  8.0033	0	34.1183	0	26.503	0	262.3	0	88.5	0	15.27	0	8.0232	0	7.7771	0
9666SoOcn	 11	C	03/05/2016	16:40	271.151	-55.203		     7.30	0	  8.0042	0	34.1182	0	26.503	0	262.3	0	88.5	0	15.26	0	8.0236	0	7.7774	0
9666SoOcn	 11	C	03/05/2016	16:40	271.151	-55.203																	
