//0																													
Cruise	Station	Type	mon/day/yr	hh:mm	Lon [°E]	Lat [°N]	Bot. Depth[m]	Depth[m]	QF	Temperature[°C]	QF	Salinity	QF	Density	QF	Oxygen[µM]	QF	OxygenSat[%]	QF	Nitrate[µM]	QF	pHinsitu[Total]	QF	pH25C[Total]	QF
9668SoOcn	 1	C	12/09/2015	13:57	279.702	-53.331		  1798.66	0	  2.4100	0	34.6109	0	27.594	0	128.2	0	38.0	0	37.07	0	7.7040	0	7.4650	0
9668SoOcn	 1	C	12/09/2015	13:57	279.702	-53.331		  1699.31	0	  2.5106	0	34.5875	0	27.566	0	126.7	0	37.6	0	37.21	0	7.6992	0	7.4587	0
9668SoOcn	 1	C	12/09/2015	13:57	279.702	-53.331		  1599.05	0	  2.5879	0	34.5662	0	27.541	0	127.4	0	37.9	0	37.30	0	7.6994	0	7.4566	0
9668SoOcn	 1	C	12/09/2015	13:57	279.702	-53.331		  1498.62	0	  2.6938	0	34.5369	0	27.507	0	127.6	0	38.1	0	37.37	0	7.6988	0	7.4543	0
9668SoOcn	 1	C	12/09/2015	13:57	279.702	-53.331		  1399.08	0	  2.7914	0	34.5033	0	27.47	0	130.3	0	39.0	0	37.15	0	7.7022	0	7.4554	0
9668SoOcn	 1	C	12/09/2015	13:57	279.702	-53.331		  1298.52	0	  2.9086	0	34.4618	0	27.424	0	137.1	0	41.1	0	36.67	0	7.7134	0	7.4640	0
9668SoOcn	 1	C	12/09/2015	13:57	279.702	-53.331		  1199.29	0	  3.0322	0	34.4223	0	27.379	0	143.9	0	43.2	0	36.31	0	7.7243	0	7.4725	0
9668SoOcn	 1	C	12/09/2015	13:57	279.702	-53.331		  1098.99	0	  3.2913	0	34.3700	0	27.31	0	151.2	0	45.7	0	35.62	0	7.7384	0	7.4857	0
9668SoOcn	 1	C	12/09/2015	13:57	279.702	-53.331		   999.21	0	  3.5328	0	34.3343	0	27.255	0	157.6	0	47.9	0	34.81	0	7.7493	0	7.4958	0
9668SoOcn	 1	C	12/09/2015	13:57	279.702	-53.331		   951.42	0	  3.6438	0	34.3181	0	27.23	0	161.2	0	49.2	0	34.47	0	7.7461	0	7.4928	0
9668SoOcn	 1	C	12/09/2015	13:57	279.702	-53.331		   900.95	0	  3.8324	0	34.2972	0	27.192	0	165.3	0	50.6	0	33.80	0	7.7557	0	7.5025	0
9668SoOcn	 1	C	12/09/2015	13:57	279.702	-53.331		   851.28	0	  4.0260	0	34.2753	0	27.153	0	171.1	0	52.6	0	32.96	0	7.7659	0	7.5129	0
9668SoOcn	 1	C	12/09/2015	13:57	279.702	-53.331		   801.58	0	  4.1683	0	34.2589	0	27.124	0	176.1	0	54.4	0	32.35	0	7.7757	0	7.5222	0
9668SoOcn	 1	C	12/09/2015	13:57	279.702	-53.331		   750.79	0	  4.3461	0	34.2371	0	27.086	0	183.0	0	56.7	0	31.18	0	7.7907	0	7.5368	0
9668SoOcn	 1	C	12/09/2015	13:57	279.702	-53.331		   700.91	0	  4.5131	0	34.2162	0	27.049	0	191.7	0	59.7	0	30.26	0	7.8074	0	7.5528	0
9668SoOcn	 1	C	12/09/2015	13:57	279.702	-53.331		   650.93	0	  4.6586	0	34.2047	0	27.023	0	198.7	0	62.1	0	29.30	0	7.8196	0	7.5644	0
9668SoOcn	 1	C	12/09/2015	13:57	279.702	-53.331		   600.47	0	  4.7585	0	34.1971	0	27.005	0	204.1	0	63.9	0	28.32	0	7.8353	0	7.5785	0
9668SoOcn	 1	C	12/09/2015	13:57	279.702	-53.331		   550.79	0	  4.8328	0	34.1861	0	26.987	0	212.6	0	66.7	0	27.60	0	7.8465	0	7.5882	0
9668SoOcn	 1	C	12/09/2015	13:57	279.702	-53.331		   501.00	0	  4.9857	0	34.1879	0	26.97	0	214.3	0	67.5	0	26.92	0	7.8515	0	7.5933	0
9668SoOcn	 1	C	12/09/2015	13:57	279.702	-53.331		   450.75	0	  5.0522	0	34.1854	0	26.96	0	218.2	0	68.8	0	26.43	0	7.8615	0	7.6017	0
9668SoOcn	 1	C	12/09/2015	13:57	279.702	-53.331		   401.50	0	  5.1547	0	34.1836	0	26.946	0	220.2	0	69.6	0	25.81	0	7.8696	0	7.6089	0
9668SoOcn	 1	C	12/09/2015	13:57	279.702	-53.331		   380.86	0	  5.1732	0	34.1819	0	26.942	0	223.6	0	70.7	0	25.36	0	7.8765	0	7.6149	0
9668SoOcn	 1	C	12/09/2015	13:57	279.702	-53.331		   361.55	0	  5.2041	0	34.1812	0	26.938	0	225.6	0	71.4	0	25.19	0	7.8781	0	7.6161	0
9668SoOcn	 1	C	12/09/2015	13:57	279.702	-53.331		   351.40	0	  5.2253	0	34.1809	0	26.935	0	225.7	0	71.4	0	25.02	0	7.8803	0	7.6181	0
9668SoOcn	 1	C	12/09/2015	13:57	279.702	-53.331		   341.26	0	  5.2304	0	34.1804	0	26.934	0	226.0	0	71.5	0	25.01	0	7.8812	0	7.6187	0
9668SoOcn	 1	C	12/09/2015	13:57	279.702	-53.331		   331.72	0	  5.2337	0	34.1791	0	26.932	0	226.7	0	71.8	0	25.03	0	7.8814	0	7.6186	0
9668SoOcn	 1	C	12/09/2015	13:57	279.702	-53.331		   321.72	0	  5.2528	0	34.1792	0	26.93	0	225.9	0	71.5	0	25.14	0	7.8795	0	7.6168	0
9668SoOcn	 1	C	12/09/2015	13:57	279.702	-53.331		   310.42	0	  5.2705	0	34.1784	0	26.927	0	225.1	0	71.3	0	25.12	0	7.8763	0	7.6137	0
9668SoOcn	 1	C	12/09/2015	13:57	279.702	-53.331		   300.91	0	  5.2867	0	34.1786	0	26.925	0	224.2	0	71.1	0	24.96	0	7.8793	0	7.6164	0
9668SoOcn	 1	C	12/09/2015	13:57	279.702	-53.331		   291.56	0	  5.2817	0	34.1738	0	26.922	0	225.6	0	71.5	0	24.77	0	7.8821	0	7.6185	0
9668SoOcn	 1	C	12/09/2015	13:57	279.702	-53.331		   280.86	0	  5.3128	0	34.1735	0	26.918	0	227.0	0	72.0	0	24.61	0	7.8840	0	7.6204	0
9668SoOcn	 1	C	12/09/2015	13:57	279.702	-53.331		   271.63	0	  5.3242	0	34.1726	0	26.916	0	226.7	0	71.9	0	24.60	0	7.8847	0	7.6209	0
9668SoOcn	 1	C	12/09/2015	13:57	279.702	-53.331		   261.37	0	  5.3167	0	34.1683	0	26.913	0	227.3	0	72.1	0	24.51	0	7.8843	0	7.6201	0
9668SoOcn	 1	C	12/09/2015	13:57	279.702	-53.331		   250.87	0	  5.3687	0	34.1696	0	26.908	0	226.1	0	71.8	0	24.74	0	7.8822	0	7.6186	0
9668SoOcn	 1	C	12/09/2015	13:57	279.702	-53.331		   240.82	0	  5.3563	0	34.1643	0	26.905	0	225.9	0	71.7	0	24.66	0	7.8828	0	7.6186	0
9668SoOcn	 1	C	12/09/2015	13:57	279.702	-53.331		   231.08	0	  5.3492	0	34.1612	0	26.903	0	226.0	0	71.7	0	24.62	0	7.8835	0	7.6188	0
9668SoOcn	 1	C	12/09/2015	13:57	279.702	-53.331		   221.06	0	  5.3481	0	34.1534	0	26.897	0	226.2	0	71.8	0	24.79	0	7.8815	0	7.6166	0
9668SoOcn	 1	C	12/09/2015	13:57	279.702	-53.331		   211.36	0	  5.3625	0	34.1494	0	26.892	0	225.6	0	71.6	0	24.62	0	7.8821	0	7.6171	0
9668SoOcn	 1	C	12/09/2015	13:57	279.702	-53.331		   200.82	0	  5.4261	0	34.1462	0	26.881	0	224.6	0	71.4	0	24.88	0	7.8779	0	7.6138	0
9668SoOcn	 1	C	12/09/2015	13:57	279.702	-53.331		   191.39	0	  5.4342	0	34.1428	0	26.877	0	224.2	0	71.3	0	24.82	0	7.8751	0	7.6110	0
9668SoOcn	 1	C	12/09/2015	13:57	279.702	-53.331		   181.37	0	  5.4861	0	34.1385	0	26.867	0	220.9	0	70.4	0	25.10	0	7.8705	0	7.6072	0
9668SoOcn	 1	C	12/09/2015	13:57	279.702	-53.331		   171.70	0	  5.5220	0	34.1357	0	26.861	0	219.0	0	69.8	0	25.12	0	7.8681	0	7.6052	0
9668SoOcn	 1	C	12/09/2015	13:57	279.702	-53.331		   160.90	0	  5.5612	0	34.1293	0	26.85	0	218.0	0	69.5	0	25.04	0	7.8659	0	7.6033	0
9668SoOcn	 1	C	12/09/2015	13:57	279.702	-53.331		   151.33	0	  5.5814	0	34.1296	0	26.848	0	217.2	0	69.3	0	25.21	0	7.8570	0	7.5952	0
9668SoOcn	 1	C	12/09/2015	13:57	279.702	-53.331		   139.84	0	  5.7400	0	34.1189	0	26.819	0	213.1	0	68.3	0	25.35	0	7.8494	0	7.5900	0
9668SoOcn	 1	C	12/09/2015	13:57	279.702	-53.331		   131.51	0	  5.8266	0	34.1091	0	26.8	0	210.0	0	67.4	0	24.96	0	7.8573	0	7.5982	0
9668SoOcn	 1	C	12/09/2015	13:57	279.702	-53.331		   121.31	0	  5.8541	0	34.0980	0	26.787	0	212.1	0	68.1	0	24.85	0	7.8634	0	7.6038	0
9668SoOcn	 1	C	12/09/2015	13:57	279.702	-53.331		   110.87	0	  5.8875	0	34.0784	0	26.767	0	216.6	0	69.6	0	23.74	0	7.8835	0	7.6224	0
9668SoOcn	 1	C	12/09/2015	13:57	279.702	-53.331		   101.14	0	  5.9612	0	34.0687	0	26.749	0	223.4	0	71.9	0	23.03	0	7.8946	0	7.6333	0
9668SoOcn	 1	C	12/09/2015	13:57	279.702	-53.331		    94.57	0	  6.0602	0	34.0671	0	26.735	0	226.5	0	73.1	0	22.08	0	7.9090	0	7.6477	0
9668SoOcn	 1	C	12/09/2015	13:57	279.702	-53.331		    88.03	0	  6.1289	0	34.0617	0	26.721	0	230.1	0	74.3	0	21.84	0	7.9150	0	7.6539	0
9668SoOcn	 1	C	12/09/2015	13:57	279.702	-53.331		    81.33	0	  6.1956	0	34.0619	0	26.712	0	232.8	0	75.3	0	21.02	0	7.9264	0	7.6651	0
9668SoOcn	 1	C	12/09/2015	13:57	279.702	-53.331		    74.94	0	  6.3003	0	34.0515	0	26.69	0	236.2	0	76.6	0	20.37	0	7.9400	0	7.6789	0
9668SoOcn	 1	C	12/09/2015	13:57	279.702	-53.331		    68.86	0	  6.5622	0	34.0296	0	26.636	0	239.2	0	78.1	0	19.89	0	7.9418	0	7.6840	0
9668SoOcn	 1	C	12/09/2015	13:57	279.702	-53.331		    63.22	0	  6.7693	0	34.0146	0	26.596	0	240.6	0	78.9	0	19.42	0	7.9517	0	7.6958	0
9668SoOcn	 1	C	12/09/2015	13:57	279.702	-53.331		    57.97	0	  6.8893	0	34.0115	0	26.576	0	243.1	0	79.9	0	19.20	0	7.9508	0	7.6965	0
9668SoOcn	 1	C	12/09/2015	13:57	279.702	-53.331		    52.35	0	  6.8907	0	34.0122	0	26.577	0	244.2	0	80.3	0	19.20	0	7.9514	0	7.6968	0
9668SoOcn	 1	C	12/09/2015	13:57	279.702	-53.331		    47.16	0	  6.9048	0	34.0120	0	26.575	0	244.7	0	80.5	0	19.13	0	7.9522	0	7.6977	0
9668SoOcn	 1	C	12/09/2015	13:57	279.702	-53.331		    41.67	0	  6.9055	0	34.0124	0	26.575	0	245.0	0	80.6	0	19.25	0	7.9527	0	7.6979	0
9668SoOcn	 1	C	12/09/2015	13:57	279.702	-53.331		    36.11	0	  6.9046	0	34.0127	0	26.575	0	245.2	0	80.6	0	19.17	0	7.9520	0	7.6971	0
9668SoOcn	 1	C	12/09/2015	13:57	279.702	-53.331		    30.50	0	  6.9053	0	34.0125	0	26.575	0	245.3	0	80.7	0	19.14	0	7.9532	0	7.6980	0
9668SoOcn	 1	C	12/09/2015	13:57	279.702	-53.331		    24.45	0	  6.9153	0	34.0125	0	26.573	0	245.5	0	80.8	0	19.08	0	7.9537	0	7.6984	0
9668SoOcn	 1	C	12/09/2015	13:57	279.702	-53.331		    18.43	0	  6.9081	0	34.0122	0	26.574	0	245.7	0	80.8	0	19.08	0	7.9545	0	7.6988	0
9668SoOcn	 1	C	12/09/2015	13:57	279.702	-53.331		    13.18	0	  6.9131	0	34.0126	0	26.574	0	245.9	0	80.9	0	19.13	0	7.9556	0	7.6998	0
9668SoOcn	 1	C	12/09/2015	13:57	279.702	-53.331		    10.08	0	  6.9138	0	34.0127	0	26.574	0	246.2	0	81.0	0	19.02	0	7.9566	0	7.7005	0
9668SoOcn	 1	C	12/09/2015	13:57	279.702	-53.331		     8.01	0	  6.9157	0	34.0125	0	26.573	0	246.6	0	81.1	0	19.01	0	7.9567	0	7.7007	0
9668SoOcn	 1	C	12/09/2015	13:57	279.702	-53.331		     6.12	0	  6.9146	0	34.0131	0	26.574	0	246.6	0	81.1	0	19.15	0	7.9571	0	7.7009	0
9668SoOcn	 1	C	12/09/2015	13:57	279.702	-53.331																	
9668SoOcn	 2	C	12/19/2015	23:15	279.402	-53.348		  1899.54	0	  2.3103	0	34.6287	0	27.618	0	125.2	0	37.0	0	35.87	0	7.7489	0	7.5080	0
9668SoOcn	 2	C	12/19/2015	23:15	279.402	-53.348		  1797.87	0	  2.4018	0	34.6114	0	27.595	0	124.6	0	36.9	0	36.15	0	7.7421	0	7.4998	0
9668SoOcn	 2	C	12/19/2015	23:15	279.402	-53.348		  1699.06	0	  2.4904	0	34.5922	0	27.571	0	124.8	0	37.0	0	36.17	0	7.7387	0	7.4946	0
9668SoOcn	 2	C	12/19/2015	23:15	279.402	-53.348		  1599.49	0	  2.5765	0	34.5699	0	27.545	0	125.7	0	37.4	0	36.28	0	7.7373	0	7.4912	0
9668SoOcn	 2	C	12/19/2015	23:15	279.402	-53.348		  1499.00	0	  2.6838	0	34.5429	0	27.512	0	124.1	0	37.0	0	36.57	0	7.7356	0	7.4879	0
9668SoOcn	 2	C	12/19/2015	23:15	279.402	-53.348		  1399.79	0	  2.7845	0	34.5099	0	27.476	0	127.6	0	38.1	0	36.45	0	7.7401	0	7.4901	0
9668SoOcn	 2	C	12/19/2015	23:15	279.402	-53.348		  1299.07	0	  2.8844	0	34.4722	0	27.435	0	133.8	0	40.1	0	36.13	0	7.7486	0	7.4960	0
9668SoOcn	 2	C	12/19/2015	23:15	279.402	-53.348		  1198.42	0	  3.0426	0	34.4234	0	27.379	0	141.7	0	42.6	0	35.53	0	7.7610	0	7.5062	0
9668SoOcn	 2	C	12/19/2015	23:15	279.402	-53.348		  1099.41	0	  3.2010	0	34.3807	0	27.328	0	150.8	0	45.5	0	34.85	0	7.7749	0	7.5179	0
9668SoOcn	 2	C	12/19/2015	23:15	279.402	-53.348		   998.71	0	  3.4579	0	34.3442	0	27.271	0	154.9	0	47.0	0	34.28	0	7.7836	0	7.5261	0
9668SoOcn	 2	C	12/19/2015	23:15	279.402	-53.348		   949.42	0	  3.5954	0	34.3248	0	27.241	0	159.3	0	48.5	0	33.76	0	7.7886	0	7.5310	0
9668SoOcn	 2	C	12/19/2015	23:15	279.402	-53.348		   901.05	0	  3.7485	0	34.3060	0	27.209	0	162.7	0	49.7	0	33.30	0	7.7963	0	7.5386	0
9668SoOcn	 2	C	12/19/2015	23:15	279.402	-53.348		   851.07	0	  3.9498	0	34.2859	0	27.17	0	167.1	0	51.3	0	32.45	0	7.8033	0	7.5462	0
9668SoOcn	 2	C	12/19/2015	23:15	279.402	-53.348		   801.53	0	  4.0960	0	34.2692	0	27.14	0	171.7	0	52.9	0	31.79	0	7.8149	0	7.5572	0
9668SoOcn	 2	C	12/19/2015	23:15	279.402	-53.348		   751.36	0	  4.2489	0	34.2453	0	27.103	0	180.0	0	55.7	0	30.91	0	7.8276	0	7.5693	0
9668SoOcn	 2	C	12/19/2015	23:15	279.402	-53.348		   700.82	0	  4.4379	0	34.2274	0	27.067	0	186.1	0	57.8	0	30.03	0	7.8418	0	7.5832	0
9668SoOcn	 2	C	12/19/2015	23:15	279.402	-53.348		   651.32	0	  4.6018	0	34.2114	0	27.035	0	193.3	0	60.3	0	29.00	0	7.8566	0	7.5975	0
9668SoOcn	 2	C	12/19/2015	23:15	279.402	-53.348		   601.09	0	  4.7321	0	34.2031	0	27.013	0	199.2	0	62.3	0	28.16	0	7.8668	0	7.6070	0
9668SoOcn	 2	C	12/19/2015	23:15	279.402	-53.348		   551.30	0	  4.8399	0	34.1974	0	26.995	0	203.9	0	64.0	0	27.49	0	7.8770	0	7.6163	0
9668SoOcn	 2	C	12/19/2015	23:15	279.402	-53.348		   500.17	0	  4.9289	0	34.1941	0	26.982	0	208.7	0	65.6	0	26.70	0	7.8862	0	7.6242	0
9668SoOcn	 2	C	12/19/2015	23:15	279.402	-53.348		   451.56	0	  5.0312	0	34.1899	0	26.966	0	213.1	0	67.1	0	26.00	0	7.8959	0	7.6330	0
9668SoOcn	 2	C	12/19/2015	23:15	279.402	-53.348		   400.82	0	  5.0941	0	34.1868	0	26.956	0	216.2	0	68.2	0	25.63	0	7.9012	0	7.6371	0
9668SoOcn	 2	C	12/19/2015	23:15	279.402	-53.348		   381.54	0	  5.1168	0	34.1865	0	26.953	0	216.8	0	68.5	0	25.50	0	7.9058	0	7.6409	0
9668SoOcn	 2	C	12/19/2015	23:15	279.402	-53.348		   361.40	0	  5.1627	0	34.1853	0	26.946	0	218.1	0	68.9	0	25.20	0	7.9077	0	7.6426	0
9668SoOcn	 2	C	12/19/2015	23:15	279.402	-53.348		   351.04	0	  5.1728	0	34.1848	0	26.944	0	218.9	0	69.2	0	25.14	0	7.9099	0	7.6444	0
9668SoOcn	 2	C	12/19/2015	23:15	279.402	-53.348		   341.74	0	  5.1856	0	34.1848	0	26.943	0	218.9	0	69.2	0	25.19	0	7.9102	0	7.6446	0
9668SoOcn	 2	C	12/19/2015	23:15	279.402	-53.348		   330.20	0	  5.2000	0	34.1845	0	26.941	0	219.2	0	69.3	0	25.09	0	7.9115	0	7.6456	0
9668SoOcn	 2	C	12/19/2015	23:15	279.402	-53.348		   321.65	0	  5.2038	0	34.1843	0	26.94	0	219.5	0	69.5	0	24.97	0	7.9124	0	7.6462	0
9668SoOcn	 2	C	12/19/2015	23:15	279.402	-53.348		   311.56	0	  5.2222	0	34.1841	0	26.938	0	219.6	0	69.5	0	24.96	0	7.9119	0	7.6457	0
9668SoOcn	 2	C	12/19/2015	23:15	279.402	-53.348		   301.33	0	  5.2316	0	34.1839	0	26.936	0	219.9	0	69.6	0	24.97	0	7.9121	0	7.6457	0
9668SoOcn	 2	C	12/19/2015	23:15	279.402	-53.348		   291.71	0	  5.2504	0	34.1848	0	26.935	0	219.5	0	69.5	0	24.97	0	7.9121	0	7.6456	0
9668SoOcn	 2	C	12/19/2015	23:15	279.402	-53.348		   281.10	0	  5.2737	0	34.1841	0	26.931	0	219.8	0	69.7	0	24.78	0	7.9137	0	7.6471	0
9668SoOcn	 2	C	12/19/2015	23:15	279.402	-53.348		   271.25	0	  5.2878	0	34.1828	0	26.929	0	220.2	0	69.8	0	24.79	0	7.9127	0	7.6460	0
9668SoOcn	 2	C	12/19/2015	23:15	279.402	-53.348		   260.78	0	  5.3135	0	34.1833	0	26.926	0	220.0	0	69.8	0	24.70	0	7.9140	0	7.6473	0
9668SoOcn	 2	C	12/19/2015	23:15	279.402	-53.348		   251.51	0	  5.3244	0	34.1829	0	26.924	0	220.1	0	69.9	0	24.62	0	7.9150	0	7.6480	0
9668SoOcn	 2	C	12/19/2015	23:15	279.402	-53.348		   241.14	0	  5.3419	0	34.1830	0	26.922	0	220.3	0	69.9	0	24.62	0	7.9139	0	7.6469	0
9668SoOcn	 2	C	12/19/2015	23:15	279.402	-53.348		   231.14	0	  5.3661	0	34.1820	0	26.918	0	219.5	0	69.7	0	24.64	0	7.9125	0	7.6456	0
9668SoOcn	 2	C	12/19/2015	23:15	279.402	-53.348		   221.15	0	  5.3784	0	34.1799	0	26.915	0	219.3	0	69.7	0	24.59	0	7.9160	0	7.6487	0
9668SoOcn	 2	C	12/19/2015	23:15	279.402	-53.348		   211.05	0	  5.3128	0	34.1644	0	26.91	0	224.7	0	71.3	0	23.87	0	7.9310	0	7.6611	0
9668SoOcn	 2	C	12/19/2015	23:15	279.402	-53.348		   201.40	0	  5.3021	0	34.1592	0	26.907	0	228.5	0	72.4	0	23.79	0	7.9292	0	7.6591	0
9668SoOcn	 2	C	12/19/2015	23:15	279.402	-53.348		   190.94	0	  5.3182	0	34.1545	0	26.902	0	229.0	0	72.6	0	23.82	0	7.9286	0	7.6584	0
9668SoOcn	 2	C	12/19/2015	23:15	279.402	-53.348		   181.46	0	  5.3506	0	34.1556	0	26.898	0	227.7	0	72.3	0	23.88	0	7.9259	0	7.6561	0
9668SoOcn	 2	C	12/19/2015	23:15	279.402	-53.348		   171.44	0	  5.3955	0	34.1554	0	26.893	0	225.2	0	71.6	0	24.29	0	7.9179	0	7.6491	0
9668SoOcn	 2	C	12/19/2015	23:15	279.402	-53.348		   161.71	0	  5.4741	0	34.1570	0	26.884	0	220.8	0	70.3	0	24.56	0	7.9078	0	7.6406	0
9668SoOcn	 2	C	12/19/2015	23:15	279.402	-53.348		   151.23	0	  5.5547	0	34.1553	0	26.873	0	216.4	0	69.0	0	24.56	0	7.9104	0	7.6437	0
9668SoOcn	 2	C	12/19/2015	23:15	279.402	-53.348		   141.53	0	  5.5159	0	34.1406	0	26.865	0	219.7	0	70.0	0	24.03	0	7.9197	0	7.6514	0
9668SoOcn	 2	C	12/19/2015	23:15	279.402	-53.348		   128.82	0	  5.5152	0	34.1235	0	26.851	0	229.3	0	73.1	0	22.92	0	7.9349	0	7.6649	0
9668SoOcn	 2	C	12/19/2015	23:15	279.402	-53.348		   120.83	0	  5.5993	0	34.1229	0	26.84	0	229.3	0	73.2	0	23.18	0	7.9382	0	7.6689	0
9668SoOcn	 2	C	12/19/2015	23:15	279.402	-53.348		   110.82	0	  5.6455	0	34.1172	0	26.83	0	232.0	0	74.1	0	22.37	0	7.9461	0	7.6764	0
9668SoOcn	 2	C	12/19/2015	23:15	279.402	-53.348		   100.88	0	  5.7148	0	34.1079	0	26.813	0	234.4	0	75.0	0	21.92	0	7.9510	0	7.6815	0
9668SoOcn	 2	C	12/19/2015	23:15	279.402	-53.348		    94.47	0	  5.8026	0	34.1007	0	26.796	0	234.7	0	75.3	0	21.61	0	7.9516	0	7.6831	0
9668SoOcn	 2	C	12/19/2015	23:15	279.402	-53.348		    88.20	0	  5.8307	0	34.0902	0	26.784	0	234.1	0	75.1	0	20.93	0	7.9676	0	7.6979	0
9668SoOcn	 2	C	12/19/2015	23:15	279.402	-53.348		    82.31	0	  6.0710	0	34.0739	0	26.739	0	235.7	0	76.1	0	20.77	0	7.9659	0	7.6996	0
9668SoOcn	 2	C	12/19/2015	23:15	279.402	-53.348		    76.51	0	  6.2700	0	34.0792	0	26.717	0	236.7	0	76.7	0	19.82	0	7.9821	0	7.7171	0
9668SoOcn	 2	C	12/19/2015	23:15	279.402	-53.348		    71.09	0	  6.2893	0	34.0835	0	26.718	0	240.3	0	78.0	0	19.63	0	7.9833	0	7.7182	0
9668SoOcn	 2	C	12/19/2015	23:15	279.402	-53.348		    65.63	0	  6.3160	0	34.0823	0	26.713	0	241.5	0	78.4	0	19.59	0	7.9841	0	7.7191	0
9668SoOcn	 2	C	12/19/2015	23:15	279.402	-53.348		    60.32	0	  6.3440	0	34.0820	0	26.709	0	242.0	0	78.6	0	19.65	0	7.9843	0	7.7196	0
9668SoOcn	 2	C	12/19/2015	23:15	279.402	-53.348		    55.18	0	  6.3734	0	34.0816	0	26.705	0	242.4	0	78.8	0	19.50	0	7.9859	0	7.7213	0
9668SoOcn	 2	C	12/19/2015	23:15	279.402	-53.348		    49.89	0	  6.4052	0	34.0804	0	26.7	0	242.8	0	79.0	0	19.55	0	7.9863	0	7.7219	0
9668SoOcn	 2	C	12/19/2015	23:15	279.402	-53.348		    44.83	0	  6.4404	0	34.0739	0	26.69	0	242.9	0	79.1	0	19.41	0	7.9901	0	7.7257	0
9668SoOcn	 2	C	12/19/2015	23:15	279.402	-53.348		    39.67	0	  6.5224	0	34.0670	0	26.673	0	243.4	0	79.4	0	19.15	0	7.9940	0	7.7303	0
9668SoOcn	 2	C	12/19/2015	23:15	279.402	-53.348		    34.89	0	  6.6381	0	34.0597	0	26.651	0	244.2	0	79.8	0	18.73	0	8.0032	0	7.7402	0
9668SoOcn	 2	C	12/19/2015	23:15	279.402	-53.348		    30.46	0	  6.7777	0	34.0569	0	26.629	0	245.5	0	80.5	0	18.54	0	8.0028	0	7.7417	0
9668SoOcn	 2	C	12/19/2015	23:15	279.402	-53.348		    25.94	0	  6.9261	0	34.0530	0	26.605	0	245.8	0	80.9	0	18.46	0	8.0023	0	7.7431	0
9668SoOcn	 2	C	12/19/2015	23:15	279.402	-53.348		    21.50	0	  6.9274	0	34.0576	0	26.609	0	247.1	0	81.3	0	18.49	0	8.0034	0	7.7440	0
9668SoOcn	 2	C	12/19/2015	23:15	279.402	-53.348		    17.25	0	  6.9259	0	34.0573	0	26.609	0	247.5	0	81.5	0	18.47	0	8.0036	0	7.7441	0
9668SoOcn	 2	C	12/19/2015	23:15	279.402	-53.348		    13.41	0	  6.9244	0	34.0578	0	26.61	0	247.8	0	81.6	0	18.35	0	8.0048	0	7.7450	0
9668SoOcn	 2	C	12/19/2015	23:15	279.402	-53.348		     9.45	0	  6.9284	0	34.0573	0	26.609	0	247.9	0	81.6	0	18.41	0	8.0063	0	7.7463	0
9668SoOcn	 2	C	12/19/2015	23:15	279.402	-53.348		     6.18	0	  6.9304	0	34.0576	0	26.609	0	248.0	0	81.7	0	18.51	0	8.0061	0	7.7461	0
9668SoOcn	 2	C	12/19/2015	23:15	279.402	-53.348																	
9668SoOcn	 3	C	12/30/2015	06:58	279.506	-53.437		  1901.09	0	  2.3094	0	34.6340	0	27.623	0	127.7	0	37.8	0	35.33	0	7.7627	0	7.5208	0
9668SoOcn	 3	C	12/30/2015	06:58	279.506	-53.437		  1798.02	0	  2.3985	0	34.6154	0	27.599	0	127.8	0	37.9	0	35.44	0	7.7571	0	7.5135	0
9668SoOcn	 3	C	12/30/2015	06:58	279.506	-53.437		  1698.91	0	  2.4814	0	34.5945	0	27.574	0	127.4	0	37.8	0	35.63	0	7.7527	0	7.5073	0
9668SoOcn	 3	C	12/30/2015	06:58	279.506	-53.437		  1599.27	0	  2.5775	0	34.5666	0	27.542	0	128.6	0	38.3	0	35.77	0	7.7524	0	7.5050	0
9668SoOcn	 3	C	12/30/2015	06:58	279.506	-53.437		  1500.21	0	  2.6536	0	34.5427	0	27.515	0	129.6	0	38.6	0	35.90	0	7.7527	0	7.5031	0
9668SoOcn	 3	C	12/30/2015	06:58	279.506	-53.437		  1399.93	0	  2.7632	0	34.5069	0	27.475	0	131.5	0	39.3	0	35.93	0	7.7549	0	7.5034	0
9668SoOcn	 3	C	12/30/2015	06:58	279.506	-53.437		  1299.74	0	  2.8834	0	34.4644	0	27.429	0	136.8	0	41.0	0	35.74	0	7.7627	0	7.5089	0
9668SoOcn	 3	C	12/30/2015	06:58	279.506	-53.437		  1198.01	0	  3.0338	0	34.4202	0	27.377	0	143.4	0	43.1	0	35.25	0	7.7724	0	7.5165	0
9668SoOcn	 3	C	12/30/2015	06:58	279.506	-53.437		  1099.95	0	  3.2128	0	34.3837	0	27.329	0	149.1	0	45.0	0	34.70	0	7.7837	0	7.5261	0
9668SoOcn	 3	C	12/30/2015	06:58	279.506	-53.437		   998.92	0	  3.4745	0	34.3400	0	27.266	0	156.3	0	47.5	0	33.98	0	7.7953	0	7.5371	0
9668SoOcn	 3	C	12/30/2015	06:58	279.506	-53.437		   951.43	0	  3.5698	0	34.3237	0	27.243	0	160.3	0	48.8	0	33.45	0	7.8034	0	7.5442	0
9668SoOcn	 3	C	12/30/2015	06:58	279.506	-53.437		   901.62	0	  3.6966	0	34.3063	0	27.215	0	164.6	0	50.2	0	32.93	0	7.8100	0	7.5504	0
9668SoOcn	 3	C	12/30/2015	06:58	279.506	-53.437		   851.34	0	  3.8654	0	34.2865	0	27.18	0	168.1	0	51.5	0	32.35	0	7.8171	0	7.5576	0
9668SoOcn	 3	C	12/30/2015	06:58	279.506	-53.437		   800.73	0	  4.0489	0	34.2618	0	27.139	0	175.2	0	53.9	0	31.34	0	7.8311	0	7.5713	0
9668SoOcn	 3	C	12/30/2015	06:58	279.506	-53.437		   750.65	0	  4.2231	0	34.2475	0	27.108	0	179.1	0	55.4	0	30.76	0	7.8392	0	7.5796	0
9668SoOcn	 3	C	12/30/2015	06:58	279.506	-53.437		   701.72	0	  4.3191	0	34.2187	0	27.074	0	188.6	0	58.4	0	29.84	0	7.8535	0	7.5924	0
9668SoOcn	 3	C	12/30/2015	06:58	279.506	-53.437		   651.76	0	  4.4921	0	34.2055	0	27.043	0	195.7	0	60.9	0	28.82	0	7.8688	0	7.6071	0
9668SoOcn	 3	C	12/30/2015	06:58	279.506	-53.437		   601.64	0	  4.6696	0	34.2068	0	27.023	0	196.6	0	61.4	0	28.26	0	7.8759	0	7.6145	0
9668SoOcn	 3	C	12/30/2015	06:58	279.506	-53.437		   551.26	0	  4.7759	0	34.1968	0	27.002	0	202.9	0	63.5	0	27.53	0	7.8867	0	7.6242	0
9668SoOcn	 3	C	12/30/2015	06:58	279.506	-53.437		   501.69	0	  4.8597	0	34.1898	0	26.986	0	208.9	0	65.6	0	26.66	0	7.8964	0	7.6326	0
9668SoOcn	 3	C	12/30/2015	06:58	279.506	-53.437		   451.45	0	  4.9665	0	34.1864	0	26.971	0	212.8	0	67.0	0	25.86	0	7.9099	0	7.6449	0
9668SoOcn	 3	C	12/30/2015	06:58	279.506	-53.437		   400.82	0	  5.0442	0	34.1844	0	26.96	0	217.2	0	68.5	0	25.39	0	7.9148	0	7.6488	0
9668SoOcn	 3	C	12/30/2015	06:58	279.506	-53.437		   381.28	0	  5.0671	0	34.1842	0	26.957	0	217.9	0	68.7	0	25.13	0	7.9214	0	7.6545	0
9668SoOcn	 3	C	12/30/2015	06:58	279.506	-53.437		   361.42	0	  5.0402	0	34.1748	0	26.952	0	228.3	0	71.9	0	24.01	0	7.9398	0	7.6704	0
9668SoOcn	 3	C	12/30/2015	06:58	279.506	-53.437		   351.52	0	  5.0471	0	34.1747	0	26.951	0	229.8	0	72.4	0	23.98	0	7.9404	0	7.6707	0
9668SoOcn	 3	C	12/30/2015	06:58	279.506	-53.437		   341.55	0	  5.0596	0	34.1750	0	26.95	0	230.4	0	72.6	0	24.00	0	7.9413	0	7.6713	0
9668SoOcn	 3	C	12/30/2015	06:58	279.506	-53.437		   330.78	0	  5.0714	0	34.1750	0	26.949	0	230.5	0	72.7	0	23.87	0	7.9409	0	7.6709	0
9668SoOcn	 3	C	12/30/2015	06:58	279.506	-53.437		   321.66	0	  5.0778	0	34.1738	0	26.947	0	231.0	0	72.9	0	23.83	0	7.9433	0	7.6728	0
9668SoOcn	 3	C	12/30/2015	06:58	279.506	-53.437		   311.08	0	  5.0796	0	34.1729	0	26.946	0	232.2	0	73.2	0	23.72	0	7.9460	0	7.6749	0
9668SoOcn	 3	C	12/30/2015	06:58	279.506	-53.437		   301.45	0	  5.0889	0	34.1728	0	26.945	0	232.9	0	73.5	0	23.70	0	7.9458	0	7.6746	0
9668SoOcn	 3	C	12/30/2015	06:58	279.506	-53.437		   291.07	0	  5.1034	0	34.1733	0	26.943	0	232.8	0	73.5	0	23.64	0	7.9458	0	7.6744	0
9668SoOcn	 3	C	12/30/2015	06:58	279.506	-53.437		   280.83	0	  5.1138	0	34.1744	0	26.943	0	232.9	0	73.5	0	23.66	0	7.9451	0	7.6736	0
9668SoOcn	 3	C	12/30/2015	06:58	279.506	-53.437		   271.55	0	  5.1310	0	34.1745	0	26.941	0	232.7	0	73.5	0	23.70	0	7.9462	0	7.6746	0
9668SoOcn	 3	C	12/30/2015	06:58	279.506	-53.437		   261.62	0	  5.1491	0	34.1759	0	26.94	0	232.3	0	73.4	0	23.68	0	7.9453	0	7.6737	0
9668SoOcn	 3	C	12/30/2015	06:58	279.506	-53.437		   250.78	0	  5.1712	0	34.1768	0	26.938	0	231.6	0	73.2	0	23.72	0	7.9449	0	7.6732	0
9668SoOcn	 3	C	12/30/2015	06:58	279.506	-53.437		   240.93	0	  5.2090	0	34.1799	0	26.936	0	230.1	0	72.8	0	24.55	0	7.9309	0	7.6606	0
9668SoOcn	 3	C	12/30/2015	06:58	279.506	-53.437		   231.61	0	  5.2190	0	34.1796	0	26.934	0	226.0	0	71.5	0	24.29	0	7.9328	0	7.6622	0
9668SoOcn	 3	C	12/30/2015	06:58	279.506	-53.437		   221.55	0	  5.2202	0	34.1780	0	26.933	0	225.5	0	71.4	0	24.09	0	7.9387	0	7.6673	0
9668SoOcn	 3	C	12/30/2015	06:58	279.506	-53.437		   211.58	0	  5.2352	0	34.1774	0	26.931	0	226.2	0	71.6	0	24.13	0	7.9397	0	7.6681	0
9668SoOcn	 3	C	12/30/2015	06:58	279.506	-53.437		   201.25	0	  5.2491	0	34.1768	0	26.928	0	227.3	0	72.0	0	24.01	0	7.9352	0	7.6638	0
9668SoOcn	 3	C	12/30/2015	06:58	279.506	-53.437		   191.20	0	  5.1685	0	34.1628	0	26.927	0	228.0	0	72.0	0	23.33	0	7.9493	0	7.6753	0
9668SoOcn	 3	C	12/30/2015	06:58	279.506	-53.437		   181.22	0	  5.2339	0	34.1661	0	26.921	0	231.0	0	73.1	0	23.71	0	7.9441	0	7.6711	0
9668SoOcn	 3	C	12/30/2015	06:58	279.506	-53.437		   171.11	0	  5.2675	0	34.1663	0	26.918	0	229.8	0	72.8	0	23.70	0	7.9438	0	7.6710	0
9668SoOcn	 3	C	12/30/2015	06:58	279.506	-53.437		   160.16	0	  5.2610	0	34.1642	0	26.917	0	228.9	0	72.5	0	23.56	0	7.9447	0	7.6714	0
9668SoOcn	 3	C	12/30/2015	06:58	279.506	-53.437		   151.49	0	  5.2650	0	34.1581	0	26.911	0	230.2	0	72.9	0	23.63	0	7.9450	0	7.6713	0
9668SoOcn	 3	C	12/30/2015	06:58	279.506	-53.437		   140.84	0	  5.2630	0	34.1520	0	26.906	0	230.8	0	73.1	0	23.39	0	7.9495	0	7.6751	0
9668SoOcn	 3	C	12/30/2015	06:58	279.506	-53.437		   131.05	0	  5.2596	0	34.1467	0	26.902	0	232.1	0	73.5	0	23.36	0	7.9490	0	7.6743	0
9668SoOcn	 3	C	12/30/2015	06:58	279.506	-53.437		   120.69	0	  5.3356	0	34.1407	0	26.888	0	231.0	0	73.3	0	23.47	0	7.9466	0	7.6728	0
9668SoOcn	 3	C	12/30/2015	06:58	279.506	-53.437		   111.70	0	  5.4058	0	34.1298	0	26.87	0	230.8	0	73.3	0	23.33	0	7.9538	0	7.6801	0
9668SoOcn	 3	C	12/30/2015	06:58	279.506	-53.437		   101.67	0	  5.5578	0	34.1171	0	26.841	0	232.8	0	74.3	0	22.17	0	7.9609	0	7.6884	0
9668SoOcn	 3	C	12/30/2015	06:58	279.506	-53.437		    94.76	0	  5.6406	0	34.1095	0	26.824	0	234.5	0	74.9	0	21.09	0	7.9689	0	7.6967	0
9668SoOcn	 3	C	12/30/2015	06:58	279.506	-53.437		    88.54	0	  5.7565	0	34.1068	0	26.807	0	236.1	0	75.6	0	20.98	0	7.9724	0	7.7013	0
9668SoOcn	 3	C	12/30/2015	06:58	279.506	-53.437		    82.52	0	  5.8698	0	34.1085	0	26.794	0	237.1	0	76.2	0	20.61	0	7.9832	0	7.7126	0
9668SoOcn	 3	C	12/30/2015	06:58	279.506	-53.437		    76.64	0	  6.0872	0	34.1155	0	26.771	0	238.5	0	77.0	0	20.10	0	7.9905	0	7.7222	0
9668SoOcn	 3	C	12/30/2015	06:58	279.506	-53.437		    70.64	0	  6.2446	0	34.1109	0	26.746	0	240.1	0	77.8	0	19.63	0	7.9942	0	7.7276	0
9668SoOcn	 3	C	12/30/2015	06:58	279.506	-53.437		    64.99	0	  6.3228	0	34.1049	0	26.731	0	241.6	0	78.4	0	19.34	0	7.9968	0	7.7308	0
9668SoOcn	 3	C	12/30/2015	06:58	279.506	-53.437		    59.48	0	  6.5300	0	34.0817	0	26.684	0	241.6	0	78.8	0	18.71	0	8.0096	0	7.7453	0
9668SoOcn	 3	C	12/30/2015	06:58	279.506	-53.437		    54.30	0	  6.8044	0	34.0731	0	26.639	0	241.6	0	79.3	0	18.10	0	8.0133	0	7.7524	0
9668SoOcn	 3	C	12/30/2015	06:58	279.506	-53.437		    49.26	0	  6.8788	0	34.0703	0	26.626	0	243.0	0	79.9	0	17.98	0	8.0191	0	7.7587	0
9668SoOcn	 3	C	12/30/2015	06:58	279.506	-53.437		    43.94	0	  6.9505	0	34.0723	0	26.618	0	244.5	0	80.5	0	17.73	0	8.0242	0	7.7641	0
9668SoOcn	 3	C	12/30/2015	06:58	279.506	-53.437		    38.93	0	  7.0147	0	34.0749	0	26.611	0	245.7	0	81.0	0	17.48	0	8.0273	0	7.7677	0
9668SoOcn	 3	C	12/30/2015	06:58	279.506	-53.437		    34.20	0	  7.0411	0	34.0683	0	26.602	0	246.9	0	81.5	0	17.31	0	8.0299	0	7.7703	0
9668SoOcn	 3	C	12/30/2015	06:58	279.506	-53.437		    29.75	0	  7.0738	0	34.0646	0	26.594	0	247.9	0	81.9	0	17.24	0	8.0287	0	7.7696	0
9668SoOcn	 3	C	12/30/2015	06:58	279.506	-53.437		    25.63	0	  7.1041	0	34.0606	0	26.587	0	247.9	0	82.0	0	17.33	0	8.0312	0	7.7722	0
9668SoOcn	 3	C	12/30/2015	06:58	279.506	-53.437		    21.74	0	  7.1420	0	34.0610	0	26.582	0	248.4	0	82.2	0	17.00	0	8.0376	0	7.7784	0
9668SoOcn	 3	C	12/30/2015	06:58	279.506	-53.437		    18.62	0	  7.5900	0	34.0390	0	26.499	0	245.7	0	82.1	0	16.69	0	8.0312	0	7.7788	0
9668SoOcn	 3	C	12/30/2015	06:58	279.506	-53.437		    16.23	0	  7.6221	0	34.0329	0	26.489	0	244.5	0	81.8	0	16.62	0	8.0319	0	7.7799	0
9668SoOcn	 3	C	12/30/2015	06:58	279.506	-53.437		    11.57	0	  7.6269	0	34.0329	0	26.488	0	244.2	0	81.7	0	16.50	0	8.0315	0	7.7794	0
9668SoOcn	 3	C	12/30/2015	06:58	279.506	-53.437		     7.70	0	  7.6230	0	34.0334	0	26.489	0	244.2	0	81.7	0	16.59	0	8.0324	0	7.7800	0
9668SoOcn	 3	C	12/30/2015	06:58	279.506	-53.437																	
9668SoOcn	 4	C	01/09/2016	17:58	279.286	-53.734		  1896.60	0	  2.3111	0	34.6298	0	27.619	0	124.8	0	36.9	0	35.70	0	7.7604	0	7.5185	0
9668SoOcn	 4	C	01/09/2016	17:58	279.286	-53.734		  1798.71	0	  2.3842	0	34.6153	0	27.6	0	124.8	0	36.9	0	35.71	0	7.7554	0	7.5117	0
9668SoOcn	 4	C	01/09/2016	17:58	279.286	-53.734		  1698.98	0	  2.4715	0	34.5968	0	27.577	0	125.1	0	37.1	0	35.67	0	7.7534	0	7.5078	0
9668SoOcn	 4	C	01/09/2016	17:58	279.286	-53.734		  1598.77	0	  2.5752	0	34.5689	0	27.544	0	126.8	0	37.7	0	35.81	0	7.7509	0	7.5037	0
9668SoOcn	 4	C	01/09/2016	17:58	279.286	-53.734		  1499.01	0	  2.6681	0	34.5410	0	27.512	0	127.9	0	38.1	0	36.03	0	7.7526	0	7.5032	0
9668SoOcn	 4	C	01/09/2016	17:58	279.286	-53.734		  1399.95	0	  2.7727	0	34.5049	0	27.473	0	131.0	0	39.2	0	35.95	0	7.7565	0	7.5050	0
9668SoOcn	 4	C	01/09/2016	17:58	279.286	-53.734		  1299.07	0	  2.8886	0	34.4660	0	27.429	0	135.9	0	40.7	0	35.72	0	7.7644	0	7.5105	0
9668SoOcn	 4	C	01/09/2016	17:58	279.286	-53.734		  1199.15	0	  3.0329	0	34.4253	0	27.382	0	141.6	0	42.6	0	35.32	0	7.7737	0	7.5178	0
9668SoOcn	 4	C	01/09/2016	17:58	279.286	-53.734		  1099.25	0	  3.1731	0	34.3893	0	27.338	0	147.8	0	44.6	0	34.79	0	7.7846	0	7.5264	0
9668SoOcn	 4	C	01/09/2016	17:58	279.286	-53.734		   999.32	0	  3.4307	0	34.3433	0	27.273	0	156.0	0	47.3	0	33.94	0	7.7985	0	7.5394	0
9668SoOcn	 4	C	01/09/2016	17:58	279.286	-53.734		   951.27	0	  3.5876	0	34.3211	0	27.238	0	160.8	0	49.0	0	33.35	0	7.8086	0	7.5492	0
9668SoOcn	 4	C	01/09/2016	17:58	279.286	-53.734		   901.01	0	  3.7383	0	34.3012	0	27.206	0	164.7	0	50.3	0	32.82	0	7.8146	0	7.5552	0
9668SoOcn	 4	C	01/09/2016	17:58	279.286	-53.734		   850.92	0	  3.8795	0	34.2840	0	27.176	0	168.7	0	51.7	0	32.24	0	7.8240	0	7.5641	0
9668SoOcn	 4	C	01/09/2016	17:58	279.286	-53.734		   801.67	0	  4.0649	0	34.2691	0	27.144	0	171.9	0	52.9	0	31.72	0	7.8298	0	7.5704	0
9668SoOcn	 4	C	01/09/2016	17:58	279.286	-53.734		   750.96	0	  4.2078	0	34.2523	0	27.114	0	176.7	0	54.6	0	30.95	0	7.8393	0	7.5794	0
9668SoOcn	 4	C	01/09/2016	17:58	279.286	-53.734		   700.90	0	  4.3406	0	34.2322	0	27.082	0	184.2	0	57.1	0	30.06	0	7.8527	0	7.5919	0
9668SoOcn	 4	C	01/09/2016	17:58	279.286	-53.734		   651.48	0	  4.4774	0	34.2152	0	27.052	0	190.9	0	59.4	0	29.24	0	7.8662	0	7.6046	0
9668SoOcn	 4	C	01/09/2016	17:58	279.286	-53.734		   601.39	0	  4.6060	0	34.2052	0	27.029	0	196.6	0	61.3	0	28.50	0	7.8781	0	7.6157	0
9668SoOcn	 4	C	01/09/2016	17:58	279.286	-53.734		   550.95	0	  4.7033	0	34.1952	0	27.01	0	203.4	0	63.6	0	27.64	0	7.8888	0	7.6252	0
9668SoOcn	 4	C	01/09/2016	17:58	279.286	-53.734		   501.00	0	  4.8009	0	34.1878	0	26.992	0	209.2	0	65.6	0	26.77	0	7.9002	0	7.6353	0
9668SoOcn	 4	C	01/09/2016	17:58	279.286	-53.734		   451.09	0	  4.9014	0	34.1848	0	26.977	0	213.8	0	67.2	0	26.20	0	7.9104	0	7.6445	0
9668SoOcn	 4	C	01/09/2016	17:58	279.286	-53.734		   401.71	0	  4.9777	0	34.1820	0	26.966	0	218.2	0	68.7	0	25.47	0	7.9206	0	7.6532	0
9668SoOcn	 4	C	01/09/2016	17:58	279.286	-53.734		   381.45	0	  5.0129	0	34.1809	0	26.961	0	220.5	0	69.4	0	25.08	0	7.9263	0	7.6583	0
9668SoOcn	 4	C	01/09/2016	17:58	279.286	-53.734		   361.12	0	  5.0386	0	34.1789	0	26.956	0	223.1	0	70.3	0	24.71	0	7.9341	0	7.6651	0
9668SoOcn	 4	C	01/09/2016	17:58	279.286	-53.734		   351.23	0	  5.0436	0	34.1777	0	26.954	0	225.1	0	70.9	0	24.38	0	7.9355	0	7.6661	0
9668SoOcn	 4	C	01/09/2016	17:58	279.286	-53.734		   341.00	0	  5.0594	0	34.1779	0	26.953	0	226.2	0	71.3	0	24.35	0	7.9371	0	7.6675	0
9668SoOcn	 4	C	01/09/2016	17:58	279.286	-53.734		   331.71	0	  5.0675	0	34.1769	0	26.951	0	227.1	0	71.6	0	24.22	0	7.9385	0	7.6686	0
9668SoOcn	 4	C	01/09/2016	17:58	279.286	-53.734		   320.68	0	  5.0725	0	34.1765	0	26.95	0	228.3	0	72.0	0	24.19	0	7.9407	0	7.6703	0
9668SoOcn	 4	C	01/09/2016	17:58	279.286	-53.734		   311.21	0	  5.0833	0	34.1772	0	26.949	0	228.3	0	72.0	0	24.22	0	7.9395	0	7.6691	0
9668SoOcn	 4	C	01/09/2016	17:58	279.286	-53.734		   300.80	0	  5.0986	0	34.1770	0	26.947	0	227.9	0	71.9	0	24.20	0	7.9393	0	7.6687	0
9668SoOcn	 4	C	01/09/2016	17:58	279.286	-53.734		   291.30	0	  5.1063	0	34.1775	0	26.947	0	227.9	0	71.9	0	24.13	0	7.9431	0	7.6721	0
9668SoOcn	 4	C	01/09/2016	17:58	279.286	-53.734		   281.17	0	  5.1089	0	34.1757	0	26.945	0	229.4	0	72.4	0	23.95	0	7.9430	0	7.6717	0
9668SoOcn	 4	C	01/09/2016	17:58	279.286	-53.734		   271.20	0	  5.1184	0	34.1752	0	26.943	0	229.7	0	72.5	0	24.04	0	7.9432	0	7.6716	0
9668SoOcn	 4	C	01/09/2016	17:58	279.286	-53.734		   260.95	0	  5.1344	0	34.1764	0	26.942	0	229.4	0	72.5	0	24.11	0	7.9444	0	7.6726	0
9668SoOcn	 4	C	01/09/2016	17:58	279.286	-53.734		   251.24	0	  5.1420	0	34.1768	0	26.942	0	229.5	0	72.5	0	23.91	0	7.9440	0	7.6720	0
9668SoOcn	 4	C	01/09/2016	17:58	279.286	-53.734		   240.84	0	  5.1577	0	34.1771	0	26.94	0	229.3	0	72.5	0	24.03	0	7.9437	0	7.6717	0
9668SoOcn	 4	C	01/09/2016	17:58	279.286	-53.734		   231.32	0	  5.1612	0	34.1770	0	26.939	0	229.2	0	72.4	0	23.89	0	7.9445	0	7.6721	0
9668SoOcn	 4	C	01/09/2016	17:58	279.286	-53.734		   221.22	0	  5.1721	0	34.1770	0	26.938	0	229.3	0	72.5	0	23.95	0	7.9444	0	7.6718	0
9668SoOcn	 4	C	01/09/2016	17:58	279.286	-53.734		   211.46	0	  5.1863	0	34.1775	0	26.937	0	228.9	0	72.4	0	24.01	0	7.9443	0	7.6716	0
9668SoOcn	 4	C	01/09/2016	17:58	279.286	-53.734		   201.73	0	  5.2054	0	34.1770	0	26.934	0	228.6	0	72.3	0	23.92	0	7.9453	0	7.6724	0
9668SoOcn	 4	C	01/09/2016	17:58	279.286	-53.734		   191.51	0	  5.2323	0	34.1778	0	26.931	0	228.1	0	72.2	0	24.12	0	7.9359	0	7.6639	0
9668SoOcn	 4	C	01/09/2016	17:58	279.286	-53.734		   181.54	0	  5.2509	0	34.1780	0	26.929	0	223.2	0	70.7	0	24.46	0	7.9355	0	7.6634	0
9668SoOcn	 4	C	01/09/2016	17:58	279.286	-53.734		   171.45	0	  5.2414	0	34.1742	0	26.927	0	225.7	0	71.5	0	24.17	0	7.9421	0	7.6691	0
9668SoOcn	 4	C	01/09/2016	17:58	279.286	-53.734		   161.74	0	  5.2480	0	34.1724	0	26.925	0	227.6	0	72.1	0	23.79	0	7.9453	0	7.6717	0
9668SoOcn	 4	C	01/09/2016	17:58	279.286	-53.734		   149.35	0	  5.2458	0	34.1684	0	26.922	0	229.0	0	72.5	0	23.62	0	7.9485	0	7.6743	0
9668SoOcn	 4	C	01/09/2016	17:58	279.286	-53.734		   140.34	0	  5.2474	0	34.1642	0	26.918	0	229.9	0	72.8	0	23.62	0	7.9485	0	7.6740	0
9668SoOcn	 4	C	01/09/2016	17:58	279.286	-53.734		   130.63	0	  5.2497	0	34.1596	0	26.914	0	230.6	0	73.0	0	23.58	0	7.9483	0	7.6735	0
9668SoOcn	 4	C	01/09/2016	17:58	279.286	-53.734		   121.08	0	  5.2542	0	34.1531	0	26.908	0	231.7	0	73.4	0	23.48	0	7.9507	0	7.6754	0
9668SoOcn	 4	C	01/09/2016	17:58	279.286	-53.734		   111.43	0	  5.2929	0	34.1426	0	26.895	0	232.3	0	73.6	0	23.22	0	7.9509	0	7.6759	0
9668SoOcn	 4	C	01/09/2016	17:58	279.286	-53.734		   101.29	0	  5.4386	0	34.1235	0	26.861	0	232.6	0	74.0	0	22.70	0	7.9553	0	7.6816	0
9668SoOcn	 4	C	01/09/2016	17:58	279.286	-53.734		    95.51	0	  5.5587	0	34.1142	0	26.838	0	233.1	0	74.3	0	22.07	0	7.9621	0	7.6893	0
9668SoOcn	 4	C	01/09/2016	17:58	279.286	-53.734		    89.52	0	  5.7230	0	34.1002	0	26.806	0	234.0	0	74.9	0	20.94	0	7.9682	0	7.6970	0
9668SoOcn	 4	C	01/09/2016	17:58	279.286	-53.734		    83.89	0	  5.8513	0	34.0918	0	26.782	0	235.1	0	75.5	0	20.72	0	7.9694	0	7.6997	0
9668SoOcn	 4	C	01/09/2016	17:58	279.286	-53.734		    78.41	0	  5.9481	0	34.0868	0	26.766	0	235.6	0	75.8	0	20.46	0	7.9771	0	7.7080	0
9668SoOcn	 4	C	01/09/2016	17:58	279.286	-53.734		    73.13	0	  6.2056	0	34.0739	0	26.721	0	235.8	0	76.3	0	19.89	0	7.9824	0	7.7163	0
9668SoOcn	 4	C	01/09/2016	17:58	279.286	-53.734		    67.87	0	  6.4483	0	34.0604	0	26.677	0	236.2	0	76.9	0	19.33	0	7.9861	0	7.7230	0
9668SoOcn	 4	C	01/09/2016	17:58	279.286	-53.734		    62.58	0	  6.6271	0	34.0544	0	26.648	0	237.2	0	77.5	0	18.71	0	8.0086	0	7.7459	0
9668SoOcn	 4	C	01/09/2016	17:58	279.286	-53.734		    57.70	0	  7.2606	0	34.0482	0	26.554	0	237.6	0	78.8	0	17.32	0	8.0296	0	7.7739	0
9668SoOcn	 4	C	01/09/2016	17:58	279.286	-53.734		    53.66	0	  7.8617	0	34.0514	0	26.469	0	237.7	0	79.9	0	16.78	0	8.0236	0	7.7768	0
9668SoOcn	 4	C	01/09/2016	17:58	279.286	-53.734		    50.04	0	  7.8806	0	34.0553	0	26.47	0	239.2	0	80.5	0	16.61	0	8.0223	0	7.7758	0
9668SoOcn	 4	C	01/09/2016	17:58	279.286	-53.734		    46.35	0	  7.8975	0	34.0556	0	26.467	0	239.7	0	80.7	0	16.65	0	8.0232	0	7.7768	0
9668SoOcn	 4	C	01/09/2016	17:58	279.286	-53.734		    41.31	0	  7.8957	0	34.0553	0	26.467	0	240.2	0	80.8	0	16.70	0	8.0247	0	7.7779	0
9668SoOcn	 4	C	01/09/2016	17:58	279.286	-53.734		    36.10	0	  7.8983	0	34.0549	0	26.467	0	240.3	0	80.9	0	16.67	0	8.0253	0	7.7784	0
9668SoOcn	 4	C	01/09/2016	17:58	279.286	-53.734		    31.26	0	  7.8950	0	34.0558	0	26.468	0	240.5	0	80.9	0	16.65	0	8.0248	0	7.7777	0
9668SoOcn	 4	C	01/09/2016	17:58	279.286	-53.734		    26.72	0	  7.9026	0	34.0550	0	26.466	0	240.5	0	81.0	0	16.64	0	8.0261	0	7.7789	0
9668SoOcn	 4	C	01/09/2016	17:58	279.286	-53.734		    21.42	0	  7.9057	0	34.0548	0	26.465	0	240.7	0	81.0	0	16.66	0	8.0267	0	7.7792	0
9668SoOcn	 4	C	01/09/2016	17:58	279.286	-53.734		    16.66	0	  7.9089	0	34.0546	0	26.465	0	240.8	0	81.1	0	16.63	0	8.0270	0	7.7794	0
9668SoOcn	 4	C	01/09/2016	17:58	279.286	-53.734		    11.53	0	  7.9069	0	34.0546	0	26.465	0	240.8	0	81.1	0	16.73	0	8.0275	0	7.7797	0
9668SoOcn	 4	C	01/09/2016	17:58	279.286	-53.734		     7.42	0	  7.9061	0	34.0548	0	26.465	0	240.8	0	81.1	0	16.72	0	8.0298	0	7.7816	0
9668SoOcn	 4	C	01/09/2016	17:58	279.286	-53.734																	
9668SoOcn	 5	C	01/20/2016	03:52	278.606	-53.872		  1898.47	0	  2.3247	0	34.6265	0	27.615	0	124.3	0	36.8	0	35.73	0	7.7591	0	7.5176	0
9668SoOcn	 5	C	01/20/2016	03:52	278.606	-53.872		  1799.24	0	  2.4068	0	34.6115	0	27.595	0	124.4	0	36.9	0	35.90	0	7.7537	0	7.5105	0
9668SoOcn	 5	C	01/20/2016	03:52	278.606	-53.872		  1699.35	0	  2.4850	0	34.5937	0	27.573	0	126.1	0	37.4	0	35.77	0	7.7527	0	7.5074	0
9668SoOcn	 5	C	01/20/2016	03:52	278.606	-53.872		  1599.59	0	  2.5880	0	34.5659	0	27.541	0	126.5	0	37.6	0	35.99	0	7.7519	0	7.5047	0
9668SoOcn	 5	C	01/20/2016	03:52	278.606	-53.872		  1498.94	0	  2.6645	0	34.5338	0	27.507	0	130.9	0	39.0	0	35.62	0	7.7585	0	7.5086	0
9668SoOcn	 5	C	01/20/2016	03:52	278.606	-53.872		  1399.76	0	  2.7876	0	34.4983	0	27.466	0	132.9	0	39.7	0	35.86	0	7.7597	0	7.5081	0
9668SoOcn	 5	C	01/20/2016	03:52	278.606	-53.872		  1299.00	0	  2.9120	0	34.4588	0	27.421	0	137.2	0	41.1	0	35.53	0	7.7672	0	7.5134	0
9668SoOcn	 5	C	01/20/2016	03:52	278.606	-53.872		  1199.05	0	  3.0675	0	34.4158	0	27.37	0	143.6	0	43.2	0	35.12	0	7.7769	0	7.5212	0
9668SoOcn	 5	C	01/20/2016	03:52	278.606	-53.872		  1099.11	0	  3.2607	0	34.3749	0	27.317	0	150.1	0	45.3	0	34.60	0	7.7899	0	7.5324	0
9668SoOcn	 5	C	01/20/2016	03:52	278.606	-53.872		   998.91	0	  3.5013	0	34.3320	0	27.257	0	158.6	0	48.2	0	33.70	0	7.8046	0	7.5459	0
9668SoOcn	 5	C	01/20/2016	03:52	278.606	-53.872		   951.34	0	  3.6840	0	34.3105	0	27.219	0	162.7	0	49.7	0	33.08	0	7.8112	0	7.5530	0
9668SoOcn	 5	C	01/20/2016	03:52	278.606	-53.872		   900.58	0	  3.8311	0	34.2957	0	27.191	0	165.5	0	50.7	0	32.60	0	7.8180	0	7.5596	0
9668SoOcn	 5	C	01/20/2016	03:52	278.606	-53.872		   851.00	0	  3.9596	0	34.2805	0	27.165	0	169.1	0	51.9	0	32.15	0	7.8247	0	7.5658	0
9668SoOcn	 5	C	01/20/2016	03:52	278.606	-53.872		   798.90	0	  4.1273	0	34.2605	0	27.13	0	174.1	0	53.7	0	31.36	0	7.8372	0	7.5780	0
9668SoOcn	 5	C	01/20/2016	03:52	278.606	-53.872		   750.82	0	  4.2839	0	34.2425	0	27.097	0	180.7	0	55.9	0	30.62	0	7.8489	0	7.5893	0
9668SoOcn	 5	C	01/20/2016	03:52	278.606	-53.872		   701.17	0	  4.4491	0	34.2199	0	27.06	0	188.6	0	58.6	0	29.57	0	7.8620	0	7.6020	0
9668SoOcn	 5	C	01/20/2016	03:52	278.606	-53.872		   650.80	0	  4.5894	0	34.2053	0	27.031	0	196.3	0	61.2	0	28.52	0	7.8772	0	7.6162	0
9668SoOcn	 5	C	01/20/2016	03:52	278.606	-53.872		   601.38	0	  4.7092	0	34.1922	0	27.006	0	204.1	0	63.8	0	27.51	0	7.8936	0	7.6313	0
9668SoOcn	 5	C	01/20/2016	03:52	278.606	-53.872		   551.43	0	  4.8000	0	34.1854	0	26.99	0	210.2	0	65.9	0	26.80	0	7.9035	0	7.6400	0
9668SoOcn	 5	C	01/20/2016	03:52	278.606	-53.872		   499.30	0	  4.8778	0	34.1813	0	26.977	0	215.1	0	67.5	0	26.11	0	7.9124	0	7.6475	0
9668SoOcn	 5	C	01/20/2016	03:52	278.606	-53.872		   451.46	0	  4.9507	0	34.1793	0	26.967	0	219.2	0	68.9	0	25.40	0	7.9226	0	7.6563	0
9668SoOcn	 5	C	01/20/2016	03:52	278.606	-53.872		   401.39	0	  4.9858	0	34.1745	0	26.959	0	224.3	0	70.6	0	24.43	0	7.9385	0	7.6697	0
9668SoOcn	 5	C	01/20/2016	03:52	278.606	-53.872		   381.06	0	  5.0081	0	34.1734	0	26.955	0	228.3	0	71.9	0	24.31	0	7.9386	0	7.6695	0
9668SoOcn	 5	C	01/20/2016	03:52	278.606	-53.872		   361.52	0	  5.0376	0	34.1727	0	26.951	0	228.3	0	71.9	0	24.24	0	7.9409	0	7.6713	0
9668SoOcn	 5	C	01/20/2016	03:52	278.606	-53.872		   351.02	0	  5.0435	0	34.1726	0	26.95	0	228.9	0	72.2	0	24.15	0	7.9446	0	7.6744	0
9668SoOcn	 5	C	01/20/2016	03:52	278.606	-53.872		   341.05	0	  5.0521	0	34.1724	0	26.949	0	230.2	0	72.6	0	23.97	0	7.9439	0	7.6736	0
9668SoOcn	 5	C	01/20/2016	03:52	278.606	-53.872		   329.95	0	  5.0507	0	34.1693	0	26.947	0	230.8	0	72.8	0	24.01	0	7.9464	0	7.6756	0
9668SoOcn	 5	C	01/20/2016	03:52	278.606	-53.872		   321.57	0	  5.0354	0	34.1669	0	26.946	0	231.8	0	73.0	0	23.85	0	7.9481	0	7.6766	0
9668SoOcn	 5	C	01/20/2016	03:52	278.606	-53.872		   310.91	0	  5.0424	0	34.1656	0	26.945	0	232.7	0	73.3	0	23.93	0	7.9495	0	7.6777	0
9668SoOcn	 5	C	01/20/2016	03:52	278.606	-53.872		   301.21	0	  5.0619	0	34.1667	0	26.943	0	232.6	0	73.3	0	23.93	0	7.9469	0	7.6752	0
9668SoOcn	 5	C	01/20/2016	03:52	278.606	-53.872		   290.88	0	  5.0775	0	34.1682	0	26.942	0	231.6	0	73.1	0	23.87	0	7.9478	0	7.6759	0
9668SoOcn	 5	C	01/20/2016	03:52	278.606	-53.872		   280.86	0	  5.0947	0	34.1683	0	26.94	0	231.6	0	73.1	0	23.92	0	7.9499	0	7.6778	0
9668SoOcn	 5	C	01/20/2016	03:52	278.606	-53.872		   270.81	0	  5.0947	0	34.1657	0	26.938	0	232.7	0	73.4	0	23.71	0	7.9505	0	7.6779	0
9668SoOcn	 5	C	01/20/2016	03:52	278.606	-53.872		   261.21	0	  5.0886	0	34.1639	0	26.938	0	233.6	0	73.7	0	23.68	0	7.9506	0	7.6777	0
9668SoOcn	 5	C	01/20/2016	03:52	278.606	-53.872		   250.71	0	  5.1075	0	34.1638	0	26.935	0	233.0	0	73.5	0	23.72	0	7.9496	0	7.6767	0
9668SoOcn	 5	C	01/20/2016	03:52	278.606	-53.872		   241.12	0	  5.1300	0	34.1651	0	26.933	0	232.6	0	73.5	0	23.67	0	7.9510	0	7.6780	0
9668SoOcn	 5	C	01/20/2016	03:52	278.606	-53.872		   231.05	0	  5.1207	0	34.1606	0	26.931	0	233.3	0	73.7	0	23.58	0	7.9525	0	7.6788	0
9668SoOcn	 5	C	01/20/2016	03:52	278.606	-53.872		   221.07	0	  5.1073	0	34.1541	0	26.927	0	235.2	0	74.2	0	23.36	0	7.9558	0	7.6814	0
9668SoOcn	 5	C	01/20/2016	03:52	278.606	-53.872		   211.05	0	  5.1230	0	34.1544	0	26.925	0	235.3	0	74.3	0	23.47	0	7.9556	0	7.6811	0
9668SoOcn	 5	C	01/20/2016	03:52	278.606	-53.872		   201.47	0	  5.1199	0	34.1507	0	26.923	0	235.4	0	74.3	0	23.44	0	7.9556	0	7.6807	0
9668SoOcn	 5	C	01/20/2016	03:52	278.606	-53.872		   191.49	0	  5.1513	0	34.1503	0	26.919	0	235.1	0	74.3	0	23.39	0	7.9557	0	7.6809	0
9668SoOcn	 5	C	01/20/2016	03:52	278.606	-53.872		   181.38	0	  5.1909	0	34.1536	0	26.917	0	234.3	0	74.1	0	23.36	0	7.9555	0	7.6810	0
9668SoOcn	 5	C	01/20/2016	03:52	278.606	-53.872		   171.64	0	  5.1724	0	34.1460	0	26.913	0	234.5	0	74.1	0	23.49	0	7.9559	0	7.6808	0
9668SoOcn	 5	C	01/20/2016	03:52	278.606	-53.872		   159.66	0	  5.2134	0	34.1482	0	26.909	0	234.5	0	74.2	0	23.33	0	7.9525	0	7.6778	0
9668SoOcn	 5	C	01/20/2016	03:52	278.606	-53.872		   151.00	0	  5.2543	0	34.1479	0	26.904	0	232.5	0	73.6	0	23.43	0	7.9502	0	7.6759	0
9668SoOcn	 5	C	01/20/2016	03:52	278.606	-53.872		   141.48	0	  5.2800	0	34.1458	0	26.899	0	231.3	0	73.3	0	23.62	0	7.9491	0	7.6750	0
9668SoOcn	 5	C	01/20/2016	03:52	278.606	-53.872		   130.87	0	  5.3214	0	34.1441	0	26.893	0	229.6	0	72.8	0	23.71	0	7.9461	0	7.6725	0
9668SoOcn	 5	C	01/20/2016	03:52	278.606	-53.872		   121.12	0	  5.3444	0	34.1380	0	26.885	0	229.2	0	72.7	0	23.75	0	7.9461	0	7.6725	0
9668SoOcn	 5	C	01/20/2016	03:52	278.606	-53.872		   110.78	0	  5.4034	0	34.1251	0	26.867	0	230.4	0	73.2	0	23.45	0	7.9569	0	7.6829	0
9668SoOcn	 5	C	01/20/2016	03:52	278.606	-53.872		   100.84	0	  5.5024	0	34.1147	0	26.846	0	233.0	0	74.2	0	22.20	0	7.9645	0	7.6910	0
9668SoOcn	 5	C	01/20/2016	03:52	278.606	-53.872		    94.95	0	  5.5972	0	34.1092	0	26.829	0	234.2	0	74.8	0	21.63	0	7.9704	0	7.6975	0
9668SoOcn	 5	C	01/20/2016	03:52	278.606	-53.872		    88.90	0	  5.7878	0	34.1054	0	26.802	0	234.8	0	75.3	0	20.82	0	7.9727	0	7.7021	0
9668SoOcn	 5	C	01/20/2016	03:52	278.606	-53.872		    83.06	0	  5.9359	0	34.1063	0	26.783	0	234.7	0	75.5	0	20.90	0	7.9790	0	7.7097	0
9668SoOcn	 5	C	01/20/2016	03:52	278.606	-53.872		    77.18	0	  6.0633	0	34.1020	0	26.763	0	235.5	0	76.0	0	20.37	0	7.9786	0	7.7110	0
9668SoOcn	 5	C	01/20/2016	03:52	278.606	-53.872		    71.82	0	  6.1430	0	34.0980	0	26.749	0	236.5	0	76.5	0	19.88	0	7.9919	0	7.7241	0
9668SoOcn	 5	C	01/20/2016	03:52	278.606	-53.872		    66.65	0	  6.3874	0	34.0842	0	26.705	0	238.6	0	77.6	0	19.47	0	8.0019	0	7.7365	0
9668SoOcn	 5	C	01/20/2016	03:52	278.606	-53.872		    61.75	0	  6.4979	0	34.0819	0	26.688	0	241.0	0	78.6	0	19.10	0	8.0064	0	7.7420	0
9668SoOcn	 5	C	01/20/2016	03:52	278.606	-53.872		    56.98	0	  6.7319	0	34.0756	0	26.651	0	241.8	0	79.2	0	18.39	0	8.0155	0	7.7535	0
9668SoOcn	 5	C	01/20/2016	03:52	278.606	-53.872		    52.21	0	  7.2460	0	34.0618	0	26.568	0	240.7	0	79.8	0	17.54	0	8.0341	0	7.7777	0
9668SoOcn	 5	C	01/20/2016	03:52	278.606	-53.872		    48.26	0	  7.9223	0	34.0540	0	26.462	0	238.6	0	80.4	0	16.60	0	8.0308	0	7.7841	0
9668SoOcn	 5	C	01/20/2016	03:52	278.606	-53.872		    44.85	0	  7.9956	0	34.0582	0	26.455	0	239.9	0	80.9	0	16.53	0	8.0324	0	7.7865	0
9668SoOcn	 5	C	01/20/2016	03:52	278.606	-53.872		    41.35	0	  7.9961	0	34.0558	0	26.453	0	240.9	0	81.3	0	16.49	0	8.0328	0	7.7868	0
9668SoOcn	 5	C	01/20/2016	03:52	278.606	-53.872		    36.14	0	  8.0372	0	34.0551	0	26.446	0	241.6	0	81.6	0	16.42	0	8.0366	0	7.7907	0
9668SoOcn	 5	C	01/20/2016	03:52	278.606	-53.872		    31.64	0	  8.0799	0	34.0559	0	26.44	0	241.8	0	81.7	0	16.36	0	8.0342	0	7.7889	0
9668SoOcn	 5	C	01/20/2016	03:52	278.606	-53.872		    26.35	0	  8.1352	0	34.0580	0	26.434	0	241.8	0	81.8	0	16.47	0	8.0332	0	7.7886	0
9668SoOcn	 5	C	01/20/2016	03:52	278.606	-53.872		    21.06	0	  8.1782	0	34.0550	0	26.425	0	242.2	0	82.0	0	16.27	0	8.0376	0	7.7931	0
9668SoOcn	 5	C	01/20/2016	03:52	278.606	-53.872		    16.41	0	  8.2288	0	34.0554	0	26.417	0	242.6	0	82.3	0	16.33	0	8.0365	0	7.7927	0
9668SoOcn	 5	C	01/20/2016	03:52	278.606	-53.872		    11.87	0	  8.8850	0	34.0604	0	26.319	0	238.9	0	82.2	0	16.33	0	8.0240	0	7.7904	0
9668SoOcn	 5	C	01/20/2016	03:52	278.606	-53.872		     7.63	0	  9.2891	0	34.0707	0	26.263	0	234.2	0	81.3	0	16.24	0	8.0166	0	7.7892	0
9668SoOcn	 5	C	01/20/2016	03:52	278.606	-53.872																	
9668SoOcn	 6	C	01/30/2016	12:06	277.41	-53.722		  1895.89	0	  2.3749	0	34.6363	0	27.618	0	134.6	0	39.9	0	34.43	0	7.7695	0	7.5277	0
9668SoOcn	 6	C	01/30/2016	12:06	277.41	-53.722		  1799.53	0	  2.4425	0	34.6128	0	27.593	0	134.2	0	39.8	0	34.85	0	7.7642	0	7.5206	0
9668SoOcn	 6	C	01/30/2016	12:06	277.41	-53.722		  1697.97	0	  2.5213	0	34.5841	0	27.562	0	135.6	0	40.3	0	34.85	0	7.7624	0	7.5167	0
9668SoOcn	 6	C	01/30/2016	12:06	277.41	-53.722		  1599.15	0	  2.5996	0	34.5508	0	27.527	0	136.8	0	40.7	0	35.08	0	7.7621	0	7.5143	0
9668SoOcn	 6	C	01/30/2016	12:06	277.41	-53.722		  1498.68	0	  2.7667	0	34.5244	0	27.489	0	124.5	0	37.2	0	36.60	0	7.7436	0	7.4963	0
9668SoOcn	 6	C	01/30/2016	12:06	277.41	-53.722		  1399.81	0	  2.8441	0	34.4816	0	27.447	0	134.6	0	40.3	0	35.74	0	7.7620	0	7.5110	0
9668SoOcn	 6	C	01/30/2016	12:06	277.41	-53.722		  1299.19	0	  2.9881	0	34.4380	0	27.397	0	139.8	0	42.0	0	35.34	0	7.7718	0	7.5187	0
9668SoOcn	 6	C	01/30/2016	12:06	277.41	-53.722		  1198.85	0	  3.1458	0	34.3952	0	27.345	0	147.2	0	44.4	0	34.72	0	7.7844	0	7.5291	0
9668SoOcn	 6	C	01/30/2016	12:06	277.41	-53.722		  1099.57	0	  3.3535	0	34.3571	0	27.293	0	153.7	0	46.6	0	34.27	0	7.7955	0	7.5389	0
9668SoOcn	 6	C	01/30/2016	12:06	277.41	-53.722		   999.03	0	  3.6493	0	34.3145	0	27.226	0	161.7	0	49.3	0	33.19	0	7.8109	0	7.5538	0
9668SoOcn	 6	C	01/30/2016	12:06	277.41	-53.722		   949.53	0	  3.8290	0	34.2970	0	27.193	0	165.1	0	50.6	0	32.66	0	7.8173	0	7.5605	0
9668SoOcn	 6	C	01/30/2016	12:06	277.41	-53.722		   901.28	0	  3.9675	0	34.2729	0	27.158	0	171.6	0	52.7	0	31.84	0	7.8289	0	7.5715	0
9668SoOcn	 6	C	01/30/2016	12:06	277.41	-53.722		   851.51	0	  4.0818	0	34.2461	0	27.123	0	180.6	0	55.6	0	30.93	0	7.8428	0	7.5842	0
9668SoOcn	 6	C	01/30/2016	12:06	277.41	-53.722		   800.61	0	  4.2826	0	34.2240	0	27.082	0	187.6	0	58.1	0	29.89	0	7.8571	0	7.5984	0
9668SoOcn	 6	C	01/30/2016	12:06	277.41	-53.722		   751.50	0	  4.3895	0	34.2032	0	27.053	0	195.6	0	60.7	0	28.87	0	7.8710	0	7.6110	0
9668SoOcn	 6	C	01/30/2016	12:06	277.41	-53.722		   701.74	0	  4.6029	0	34.2005	0	27.026	0	201.2	0	62.7	0	28.27	0	7.8813	0	7.6219	0
9668SoOcn	 6	C	01/30/2016	12:06	277.41	-53.722		   651.25	0	  4.7439	0	34.1864	0	26.997	0	208.2	0	65.1	0	26.99	0	7.9001	0	7.6394	0
9668SoOcn	 6	C	01/30/2016	12:06	277.41	-53.722		   600.97	0	  4.8469	0	34.1759	0	26.977	0	217.1	0	68.1	0	25.66	0	7.9170	0	7.6546	0
9668SoOcn	 6	C	01/30/2016	12:06	277.41	-53.722		   551.24	0	  4.9352	0	34.1719	0	26.963	0	225.9	0	71.0	0	24.40	0	7.9329	0	7.6688	0
9668SoOcn	 6	C	01/30/2016	12:06	277.41	-53.722		   501.28	0	  4.9818	0	34.1689	0	26.955	0	233.7	0	73.5	0	23.53	0	7.9483	0	7.6819	0
9668SoOcn	 6	C	01/30/2016	12:06	277.41	-53.722		   451.50	0	  5.0116	0	34.1694	0	26.951	0	238.0	0	75.0	0	23.16	0	7.9535	0	7.6855	0
9668SoOcn	 6	C	01/30/2016	12:06	277.41	-53.722		   401.16	0	  5.0574	0	34.1732	0	26.949	0	238.4	0	75.2	0	23.12	0	7.9563	0	7.6871	0
9668SoOcn	 6	C	01/30/2016	12:06	277.41	-53.722		   381.01	0	  5.0882	0	34.1757	0	26.947	0	238.6	0	75.3	0	22.94	0	7.9579	0	7.6883	0
9668SoOcn	 6	C	01/30/2016	12:06	277.41	-53.722		   361.33	0	  5.1081	0	34.1773	0	26.946	0	239.0	0	75.5	0	22.92	0	7.9592	0	7.6891	0
9668SoOcn	 6	C	01/30/2016	12:06	277.41	-53.722		   351.58	0	  5.1191	0	34.1782	0	26.946	0	239.1	0	75.5	0	22.83	0	7.9598	0	7.6894	0
9668SoOcn	 6	C	01/30/2016	12:06	277.41	-53.722		   341.13	0	  5.1287	0	34.1791	0	26.945	0	239.2	0	75.6	0	22.79	0	7.9603	0	7.6898	0
9668SoOcn	 6	C	01/30/2016	12:06	277.41	-53.722		   331.24	0	  5.1330	0	34.1794	0	26.945	0	239.4	0	75.6	0	22.85	0	7.9616	0	7.6907	0
9668SoOcn	 6	C	01/30/2016	12:06	277.41	-53.722		   321.41	0	  5.1374	0	34.1793	0	26.944	0	239.5	0	75.6	0	22.80	0	7.9617	0	7.6905	0
9668SoOcn	 6	C	01/30/2016	12:06	277.41	-53.722		   310.63	0	  5.1432	0	34.1795	0	26.944	0	239.7	0	75.7	0	22.92	0	7.9627	0	7.6911	0
9668SoOcn	 6	C	01/30/2016	12:06	277.41	-53.722		   301.41	0	  5.1463	0	34.1799	0	26.944	0	239.8	0	75.8	0	22.84	0	7.9632	0	7.6914	0
9668SoOcn	 6	C	01/30/2016	12:06	277.41	-53.722		   290.97	0	  5.1476	0	34.1791	0	26.943	0	239.7	0	75.7	0	22.79	0	7.9620	0	7.6899	0
9668SoOcn	 6	C	01/30/2016	12:06	277.41	-53.722		   281.01	0	  5.1457	0	34.1784	0	26.942	0	239.5	0	75.7	0	22.93	0	7.9626	0	7.6901	0
9668SoOcn	 6	C	01/30/2016	12:06	277.41	-53.722		   271.38	0	  5.1413	0	34.1770	0	26.942	0	239.3	0	75.6	0	22.90	0	7.9623	0	7.6895	0
9668SoOcn	 6	C	01/30/2016	12:06	277.41	-53.722		   260.77	0	  5.1514	0	34.1769	0	26.941	0	239.1	0	75.6	0	22.92	0	7.9633	0	7.6901	0
9668SoOcn	 6	C	01/30/2016	12:06	277.41	-53.722		   251.75	0	  5.1596	0	34.1776	0	26.94	0	238.9	0	75.5	0	22.99	0	7.9631	0	7.6898	0
9668SoOcn	 6	C	01/30/2016	12:06	277.41	-53.722		   241.00	0	  5.1693	0	34.1777	0	26.939	0	238.8	0	75.5	0	22.94	0	7.9633	0	7.6898	0
9668SoOcn	 6	C	01/30/2016	12:06	277.41	-53.722		   231.29	0	  5.1709	0	34.1760	0	26.937	0	238.6	0	75.4	0	22.89	0	7.9628	0	7.6890	0
9668SoOcn	 6	C	01/30/2016	12:06	277.41	-53.722		   221.12	0	  5.1675	0	34.1732	0	26.936	0	238.0	0	75.2	0	23.14	0	7.9613	0	7.6873	0
9668SoOcn	 6	C	01/30/2016	12:06	277.41	-53.722		   211.12	0	  5.1573	0	34.1709	0	26.935	0	237.3	0	75.0	0	23.17	0	7.9624	0	7.6877	0
9668SoOcn	 6	C	01/30/2016	12:06	277.41	-53.722		   201.09	0	  5.1702	0	34.1689	0	26.932	0	237.1	0	75.0	0	23.18	0	7.9624	0	7.6877	0
9668SoOcn	 6	C	01/30/2016	12:06	277.41	-53.722		   191.65	0	  5.1966	0	34.1696	0	26.929	0	236.9	0	74.9	0	23.05	0	7.9611	0	7.6865	0
9668SoOcn	 6	C	01/30/2016	12:06	277.41	-53.722		   179.38	0	  5.2333	0	34.1705	0	26.925	0	236.2	0	74.8	0	23.00	0	7.9636	0	7.6889	0
9668SoOcn	 6	C	01/30/2016	12:06	277.41	-53.722		   170.42	0	  5.2874	0	34.1746	0	26.922	0	237.2	0	75.2	0	22.84	0	7.9640	0	7.6897	0
9668SoOcn	 6	C	01/30/2016	12:06	277.41	-53.722		   160.48	0	  5.3428	0	34.1752	0	26.915	0	237.2	0	75.3	0	22.82	0	7.9665	0	7.6925	0
9668SoOcn	 6	C	01/30/2016	12:06	277.41	-53.722		   150.29	0	  5.3835	0	34.1725	0	26.908	0	237.8	0	75.6	0	22.60	0	7.9658	0	7.6921	0
9668SoOcn	 6	C	01/30/2016	12:06	277.41	-53.722		   141.60	0	  5.4125	0	34.1709	0	26.903	0	238.2	0	75.7	0	22.51	0	7.9636	0	7.6902	0
9668SoOcn	 6	C	01/30/2016	12:06	277.41	-53.722		   130.67	0	  5.4278	0	34.1612	0	26.893	0	237.2	0	75.4	0	22.48	0	7.9659	0	7.6922	0
9668SoOcn	 6	C	01/30/2016	12:06	277.41	-53.722		   121.14	0	  5.5359	0	34.1621	0	26.881	0	236.9	0	75.5	0	22.01	0	7.9662	0	7.6936	0
9668SoOcn	 6	C	01/30/2016	12:06	277.41	-53.722		   111.55	0	  5.5551	0	34.1559	0	26.873	0	237.1	0	75.6	0	22.01	0	7.9680	0	7.6953	0
9668SoOcn	 6	C	01/30/2016	12:06	277.41	-53.722		   101.38	0	  5.6610	0	34.1570	0	26.86	0	237.1	0	75.8	0	21.63	0	7.9732	0	7.7011	0
9668SoOcn	 6	C	01/30/2016	12:06	277.41	-53.722		    94.78	0	  5.7648	0	34.1514	0	26.843	0	237.4	0	76.1	0	21.24	0	7.9738	0	7.7029	0
9668SoOcn	 6	C	01/30/2016	12:06	277.41	-53.722		    88.28	0	  5.8534	0	34.1456	0	26.826	0	237.6	0	76.3	0	21.15	0	7.9751	0	7.7051	0
9668SoOcn	 6	C	01/30/2016	12:06	277.41	-53.722		    81.44	0	  5.9536	0	34.1410	0	26.81	0	237.4	0	76.4	0	20.88	0	7.9782	0	7.7092	0
9668SoOcn	 6	C	01/30/2016	12:06	277.41	-53.722		    74.87	0	  6.0995	0	34.1518	0	26.799	0	237.2	0	76.6	0	20.19	0	7.9902	0	7.7220	0
9668SoOcn	 6	C	01/30/2016	12:06	277.41	-53.722		    68.26	0	  6.3001	0	34.1641	0	26.783	0	237.9	0	77.2	0	19.72	0	7.9924	0	7.7267	0
9668SoOcn	 6	C	01/30/2016	12:06	277.41	-53.722		    62.11	0	  6.9931	0	34.1307	0	26.66	0	235.4	0	77.6	0	18.98	0	8.0128	0	7.7549	0
9668SoOcn	 6	C	01/30/2016	12:06	277.41	-53.722		    57.71	0	  7.9896	0	34.1212	0	26.508	0	231.8	0	78.2	0	17.82	0	8.0081	0	7.7646	0
9668SoOcn	 6	C	01/30/2016	12:06	277.41	-53.722		    54.01	0	  8.1085	0	34.1288	0	26.496	0	232.1	0	78.5	0	17.73	0	8.0077	0	7.7658	0
9668SoOcn	 6	C	01/30/2016	12:06	277.41	-53.722		    50.09	0	  8.1219	0	34.1303	0	26.496	0	232.3	0	78.6	0	17.75	0	8.0084	0	7.7665	0
9668SoOcn	 6	C	01/30/2016	12:06	277.41	-53.722		    45.79	0	  8.1648	0	34.1279	0	26.487	0	232.2	0	78.7	0	17.54	0	8.0092	0	7.7677	0
9668SoOcn	 6	C	01/30/2016	12:06	277.41	-53.722		    41.19	0	  8.1812	0	34.1273	0	26.484	0	232.2	0	78.7	0	17.62	0	8.0087	0	7.7674	0
9668SoOcn	 6	C	01/30/2016	12:06	277.41	-53.722		    36.71	0	  8.1826	0	34.1264	0	26.483	0	232.2	0	78.7	0	17.56	0	8.0092	0	7.7677	0
9668SoOcn	 6	C	01/30/2016	12:06	277.41	-53.722		    32.85	0	  8.1822	0	34.1266	0	26.483	0	232.2	0	78.7	0	17.55	0	8.0103	0	7.7685	0
9668SoOcn	 6	C	01/30/2016	12:06	277.41	-53.722		    29.70	0	  8.1830	0	34.1261	0	26.483	0	232.3	0	78.7	0	17.66	0	8.0107	0	7.7688	0
9668SoOcn	 6	C	01/30/2016	12:06	277.41	-53.722		    26.69	0	  8.1832	0	34.1262	0	26.483	0	232.3	0	78.7	0	17.53	0	8.0108	0	7.7688	0
9668SoOcn	 6	C	01/30/2016	12:06	277.41	-53.722		    21.20	0	  8.1853	0	34.1250	0	26.482	0	232.3	0	78.7	0	17.67	0	8.0114	0	7.7692	0
9668SoOcn	 6	C	01/30/2016	12:06	277.41	-53.722		    16.71	0	  8.1855	0	34.1246	0	26.481	0	232.3	0	78.7	0	17.70	0	8.0124	0	7.7700	0
9668SoOcn	 6	C	01/30/2016	12:06	277.41	-53.722		    11.12	0	  8.1824	0	34.1254	0	26.482	0	232.5	0	78.8	0	17.60	0	8.0136	0	7.7708	0
9668SoOcn	 6	C	01/30/2016	12:06	277.41	-53.722		     6.22	0	  8.1837	0	34.1251	0	26.482	0	232.3	0	78.7	0	17.57	0	8.0126	0	7.7698	0
9668SoOcn	 6	C	01/30/2016	12:06	277.41	-53.722																	
9668SoOcn	 7	C	02/09/2016	21:53	277.584	-53.465		  1798.90	0	  2.3906	0	34.6151	0	27.6	0	125.5	0	37.2	0	35.42	0	7.7561	0	7.5125	0
9668SoOcn	 7	C	02/09/2016	21:53	277.584	-53.465		  1699.57	0	  2.4802	0	34.5975	0	27.577	0	131.9	0	39.1	0	35.06	0	7.7618	0	7.5157	0
9668SoOcn	 7	C	02/09/2016	21:53	277.584	-53.465		  1598.96	0	  2.5843	0	34.5671	0	27.542	0	126.8	0	37.7	0	35.77	0	7.7563	0	7.5087	0
9668SoOcn	 7	C	02/09/2016	21:53	277.584	-53.465		  1499.89	0	  2.6722	0	34.5387	0	27.51	0	129.3	0	38.6	0	36.15	0	7.7587	0	7.5089	0
9668SoOcn	 7	C	02/09/2016	21:53	277.584	-53.465		  1398.75	0	  2.7871	0	34.5083	0	27.474	0	127.8	0	38.2	0	36.05	0	7.7583	0	7.5068	0
9668SoOcn	 7	C	02/09/2016	21:53	277.584	-53.465		  1298.86	0	  2.9204	0	34.4678	0	27.428	0	134.0	0	40.2	0	35.95	0	7.7647	0	7.5112	0
9668SoOcn	 7	C	02/09/2016	21:53	277.584	-53.465		  1199.05	0	  3.0298	0	34.4140	0	27.373	0	146.9	0	44.1	0	34.92	0	7.7836	0	7.5267	0
9668SoOcn	 7	C	02/09/2016	21:53	277.584	-53.465		  1099.17	0	  3.2609	0	34.3742	0	27.316	0	150.9	0	45.6	0	34.44	0	7.7928	0	7.5351	0
9668SoOcn	 7	C	02/09/2016	21:53	277.584	-53.465		   999.30	0	  3.5034	0	34.3335	0	27.258	0	158.4	0	48.1	0	33.62	0	7.8074	0	7.5486	0
9668SoOcn	 7	C	02/09/2016	21:53	277.584	-53.465		   950.82	0	  3.6008	0	34.3065	0	27.225	0	164.1	0	50.0	0	32.97	0	7.8164	0	7.5565	0
9668SoOcn	 7	C	02/09/2016	21:53	277.584	-53.465		   901.29	0	  3.7720	0	34.2909	0	27.194	0	168.9	0	51.7	0	32.45	0	7.8250	0	7.5652	0
9668SoOcn	 7	C	02/09/2016	21:53	277.584	-53.465		   851.05	0	  3.9814	0	34.2710	0	27.154	0	172.7	0	53.1	0	31.61	0	7.8340	0	7.5747	0
9668SoOcn	 7	C	02/09/2016	21:53	277.584	-53.465		   801.16	0	  4.1564	0	34.2535	0	27.121	0	178.1	0	55.0	0	31.03	0	7.8430	0	7.5837	0
9668SoOcn	 7	C	02/09/2016	21:53	277.584	-53.465		   749.93	0	  4.2601	0	34.2225	0	27.083	0	187.4	0	58.0	0	29.88	0	7.8607	0	7.5998	0
9668SoOcn	 7	C	02/09/2016	21:53	277.584	-53.465		   701.11	0	  4.3327	0	34.2024	0	27.059	0	195.2	0	60.5	0	29.12	0	7.8746	0	7.6119	0
9668SoOcn	 7	C	02/09/2016	21:53	277.584	-53.465		   651.67	0	  4.5424	0	34.1909	0	27.025	0	201.9	0	62.9	0	28.08	0	7.8876	0	7.6251	0
9668SoOcn	 7	C	02/09/2016	21:53	277.584	-53.465		   601.19	0	  4.6425	0	34.1810	0	27.005	0	209.0	0	65.2	0	27.10	0	7.9027	0	7.6387	0
9668SoOcn	 7	C	02/09/2016	21:53	277.584	-53.465		   550.96	0	  4.7029	0	34.1663	0	26.986	0	219.3	0	68.5	0	25.76	0	7.9196	0	7.6534	0
9668SoOcn	 7	C	02/09/2016	21:53	277.584	-53.465		   501.60	0	  4.8453	0	34.1718	0	26.973	0	221.9	0	69.6	0	25.40	0	7.9246	0	7.6584	0
9668SoOcn	 7	C	02/09/2016	21:53	277.584	-53.465		   451.40	0	  4.8719	0	34.1645	0	26.964	0	231.4	0	72.6	0	24.15	0	7.9439	0	7.6747	0
9668SoOcn	 7	C	02/09/2016	21:53	277.584	-53.465		   401.09	0	  4.9565	0	34.1683	0	26.957	0	233.9	0	73.6	0	23.78	0	7.9506	0	7.6804	0
9668SoOcn	 7	C	02/09/2016	21:53	277.584	-53.465		   381.47	0	  5.0011	0	34.1699	0	26.953	0	233.7	0	73.6	0	23.84	0	7.9482	0	7.6782	0
9668SoOcn	 7	C	02/09/2016	21:53	277.584	-53.465		   360.92	0	  5.0625	0	34.1764	0	26.951	0	228.1	0	71.9	0	24.26	0	7.9437	0	7.6742	0
9668SoOcn	 7	C	02/09/2016	21:53	277.584	-53.465		   351.02	0	  5.0665	0	34.1742	0	26.949	0	229.0	0	72.2	0	24.02	0	7.9459	0	7.6760	0
9668SoOcn	 7	C	02/09/2016	21:53	277.584	-53.465		   341.53	0	  5.0725	0	34.1739	0	26.948	0	230.3	0	72.6	0	23.82	0	7.9496	0	7.6792	0
9668SoOcn	 7	C	02/09/2016	21:53	277.584	-53.465		   331.21	0	  5.0862	0	34.1741	0	26.946	0	230.8	0	72.8	0	23.96	0	7.9472	0	7.6768	0
9668SoOcn	 7	C	02/09/2016	21:53	277.584	-53.465		   320.79	0	  5.1000	0	34.1747	0	26.945	0	230.6	0	72.8	0	23.83	0	7.9477	0	7.6772	0
9668SoOcn	 7	C	02/09/2016	21:53	277.584	-53.465		   310.82	0	  5.1107	0	34.1748	0	26.944	0	230.2	0	72.7	0	23.85	0	7.9497	0	7.6788	0
9668SoOcn	 7	C	02/09/2016	21:53	277.584	-53.465		   301.01	0	  5.1349	0	34.1761	0	26.942	0	230.1	0	72.7	0	23.92	0	7.9473	0	7.6766	0
9668SoOcn	 7	C	02/09/2016	21:53	277.584	-53.465		   291.21	0	  5.1414	0	34.1762	0	26.941	0	229.8	0	72.6	0	24.05	0	7.9476	0	7.6766	0
9668SoOcn	 7	C	02/09/2016	21:53	277.584	-53.465		   281.17	0	  5.1445	0	34.1758	0	26.94	0	232.0	0	73.3	0	23.51	0	7.9534	0	7.6816	0
9668SoOcn	 7	C	02/09/2016	21:53	277.584	-53.465		   271.53	0	  5.1537	0	34.1755	0	26.939	0	234.2	0	74.0	0	23.16	0	7.9599	0	7.6874	0
9668SoOcn	 7	C	02/09/2016	21:53	277.584	-53.465		   260.14	0	  5.1697	0	34.1759	0	26.937	0	235.8	0	74.5	0	23.23	0	7.9596	0	7.6870	0
9668SoOcn	 7	C	02/09/2016	21:53	277.584	-53.465		   251.68	0	  5.1709	0	34.1759	0	26.937	0	236.0	0	74.6	0	23.42	0	7.9536	0	7.6813	0
9668SoOcn	 7	C	02/09/2016	21:53	277.584	-53.465		   241.16	0	  5.1731	0	34.1732	0	26.935	0	232.8	0	73.6	0	23.60	0	7.9530	0	7.6804	0
9668SoOcn	 7	C	02/09/2016	21:53	277.584	-53.465		   230.66	0	  5.1712	0	34.1720	0	26.934	0	232.2	0	73.4	0	23.81	0	7.9504	0	7.6776	0
9668SoOcn	 7	C	02/09/2016	21:53	277.584	-53.465		   220.87	0	  5.2041	0	34.1727	0	26.931	0	230.0	0	72.8	0	23.81	0	7.9493	0	7.6768	0
9668SoOcn	 7	C	02/09/2016	21:53	277.584	-53.465		   211.14	0	  5.1752	0	34.1660	0	26.929	0	230.8	0	73.0	0	23.73	0	7.9527	0	7.6791	0
9668SoOcn	 7	C	02/09/2016	21:53	277.584	-53.465		   201.22	0	  5.1783	0	34.1642	0	26.927	0	231.3	0	73.1	0	23.75	0	7.9510	0	7.6773	0
9668SoOcn	 7	C	02/09/2016	21:53	277.584	-53.465		   190.77	0	  5.2201	0	34.1665	0	26.924	0	229.9	0	72.8	0	23.88	0	7.9481	0	7.6749	0
9668SoOcn	 7	C	02/09/2016	21:53	277.584	-53.465		   181.47	0	  5.2474	0	34.1674	0	26.921	0	228.6	0	72.4	0	23.76	0	7.9491	0	7.6758	0
9668SoOcn	 7	C	02/09/2016	21:53	277.584	-53.465		   171.14	0	  5.2175	0	34.1581	0	26.917	0	229.6	0	72.6	0	23.69	0	7.9530	0	7.6787	0
9668SoOcn	 7	C	02/09/2016	21:53	277.584	-53.465		   161.41	0	  5.2308	0	34.1560	0	26.914	0	230.5	0	72.9	0	23.64	0	7.9510	0	7.6768	0
9668SoOcn	 7	C	02/09/2016	21:53	277.584	-53.465		   151.07	0	  5.2679	0	34.1539	0	26.907	0	229.7	0	72.8	0	23.79	0	7.9494	0	7.6755	0
9668SoOcn	 7	C	02/09/2016	21:53	277.584	-53.465		   140.97	0	  5.2879	0	34.1498	0	26.901	0	229.5	0	72.7	0	23.66	0	7.9488	0	7.6749	0
9668SoOcn	 7	C	02/09/2016	21:53	277.584	-53.465		   131.76	0	  5.3227	0	34.1460	0	26.894	0	229.5	0	72.8	0	23.61	0	7.9473	0	7.6737	0
9668SoOcn	 7	C	02/09/2016	21:53	277.584	-53.465		   120.42	0	  5.4167	0	34.1401	0	26.877	0	228.1	0	72.5	0	23.63	0	7.9468	0	7.6742	0
9668SoOcn	 7	C	02/09/2016	21:53	277.584	-53.465		   111.24	0	  5.5210	0	34.1293	0	26.855	0	227.6	0	72.5	0	23.61	0	7.9437	0	7.6725	0
9668SoOcn	 7	C	02/09/2016	21:53	277.584	-53.465		   101.14	0	  5.6049	0	34.1175	0	26.835	0	227.6	0	72.7	0	22.27	0	7.9593	0	7.6876	0
9668SoOcn	 7	C	02/09/2016	21:53	277.584	-53.465		    93.80	0	  5.6937	0	34.1030	0	26.812	0	230.9	0	73.9	0	20.87	0	7.9743	0	7.7023	0
9668SoOcn	 7	C	02/09/2016	21:53	277.584	-53.465		    86.75	0	  5.8900	0	34.1036	0	26.787	0	233.3	0	75.0	0	20.64	0	7.9800	0	7.7101	0
9668SoOcn	 7	C	02/09/2016	21:53	277.584	-53.465		    79.76	0	  6.0034	0	34.1014	0	26.77	0	235.1	0	75.8	0	20.23	0	7.9850	0	7.7161	0
9668SoOcn	 7	C	02/09/2016	21:53	277.584	-53.465		    72.80	0	  6.1799	0	34.0985	0	26.745	0	236.3	0	76.5	0	19.70	0	7.9943	0	7.7269	0
9668SoOcn	 7	C	02/09/2016	21:53	277.584	-53.465		    66.07	0	  6.9561	0	34.0872	0	26.63	0	234.3	0	77.2	0	18.83	0	8.0073	0	7.7495	0
9668SoOcn	 7	C	02/09/2016	21:53	277.584	-53.465		    59.76	0	  7.6365	0	34.0997	0	26.542	0	233.5	0	78.1	0	18.12	0	8.0164	0	7.7673	0
9668SoOcn	 7	C	02/09/2016	21:53	277.584	-53.465		    54.39	0	  8.3627	0	34.0846	0	26.421	0	230.7	0	78.5	0	17.38	0	8.0096	0	7.7712	0
9668SoOcn	 7	C	02/09/2016	21:53	277.584	-53.465		    49.80	0	  8.4808	0	34.0815	0	26.4	0	230.5	0	78.6	0	17.24	0	8.0093	0	7.7724	0
9668SoOcn	 7	C	02/09/2016	21:53	277.584	-53.465		    45.44	0	  8.5055	0	34.0815	0	26.396	0	230.7	0	78.7	0	17.19	0	8.0097	0	7.7730	0
9668SoOcn	 7	C	02/09/2016	21:53	277.584	-53.465		    41.21	0	  8.5080	0	34.0825	0	26.397	0	230.8	0	78.8	0	17.35	0	8.0112	0	7.7743	0
9668SoOcn	 7	C	02/09/2016	21:53	277.584	-53.465		    37.17	0	  8.5136	0	34.0828	0	26.396	0	230.8	0	78.8	0	17.31	0	8.0119	0	7.7748	0
9668SoOcn	 7	C	02/09/2016	21:53	277.584	-53.465		    33.28	0	  8.5227	0	34.0820	0	26.394	0	231.0	0	78.9	0	17.27	0	8.0108	0	7.7739	0
9668SoOcn	 7	C	02/09/2016	21:53	277.584	-53.465		    29.42	0	  8.5432	0	34.0820	0	26.391	0	231.0	0	78.9	0	17.17	0	8.0112	0	7.7744	0
9668SoOcn	 7	C	02/09/2016	21:53	277.584	-53.465		    25.73	0	  8.5740	0	34.0826	0	26.387	0	230.9	0	78.9	0	17.20	0	8.0124	0	7.7758	0
9668SoOcn	 7	C	02/09/2016	21:53	277.584	-53.465		    22.36	0	  8.5714	0	34.0824	0	26.387	0	231.0	0	79.0	0	17.21	0	8.0113	0	7.7747	0
9668SoOcn	 7	C	02/09/2016	21:53	277.584	-53.465		    18.99	0	  8.5743	0	34.0820	0	26.386	0	231.1	0	79.0	0	17.36	0	8.0122	0	7.7754	0
9668SoOcn	 7	C	02/09/2016	21:53	277.584	-53.465		    15.71	0	  8.5714	0	34.0830	0	26.387	0	231.0	0	79.0	0	17.20	0	8.0152	0	7.7780	0
9668SoOcn	 7	C	02/09/2016	21:53	277.584	-53.465		    11.67	0	  8.5776	0	34.0825	0	26.386	0	231.1	0	79.0	0	17.20	0	8.0162	0	7.7789	0
9668SoOcn	 7	C	02/09/2016	21:53	277.584	-53.465		     7.34	0	  8.5930	0	34.0847	0	26.385	0	231.1	0	79.0	0	17.14	0	8.0157	0	7.7785	0
9668SoOcn	 7	C	02/09/2016	21:53	277.584	-53.465																	
9668SoOcn	 8	C	02/20/2016	06:26	278.464	-53.423		  1799.05	0	  2.4169	0	34.6112	0	27.594	0	125.9	0	37.3	0	35.75	0	7.7555	0	7.5123	0
9668SoOcn	 8	C	02/20/2016	06:26	278.464	-53.423		  1699.32	0	  2.4952	0	34.5930	0	27.572	0	125.4	0	37.2	0	35.93	0	7.7546	0	7.5092	0
9668SoOcn	 8	C	02/20/2016	06:26	278.464	-53.423		  1599.32	0	  2.6112	0	34.5664	0	27.539	0	121.4	0	36.1	0	36.37	0	7.7472	0	7.5007	0
9668SoOcn	 8	C	02/20/2016	06:26	278.464	-53.423		  1498.86	0	  2.7051	0	34.5369	0	27.505	0	125.1	0	37.3	0	36.11	0	7.7532	0	7.5043	0
9668SoOcn	 8	C	02/20/2016	06:26	278.464	-53.423		  1399.34	0	  2.8010	0	34.5085	0	27.473	0	126.9	0	37.9	0	36.17	0	7.7561	0	7.5050	0
9668SoOcn	 8	C	02/20/2016	06:26	278.464	-53.423		  1299.67	0	  2.9200	0	34.4698	0	27.429	0	131.7	0	39.5	0	35.93	0	7.7630	0	7.5097	0
9668SoOcn	 8	C	02/20/2016	06:26	278.464	-53.423		  1199.91	0	  3.0125	0	34.4109	0	27.372	0	148.3	0	44.6	0	34.65	0	7.7864	0	7.5291	0
9668SoOcn	 8	C	02/20/2016	06:26	278.464	-53.423		  1100.09	0	  3.2500	0	34.3766	0	27.319	0	150.0	0	45.3	0	34.54	0	7.7932	0	7.5354	0
9668SoOcn	 8	C	02/20/2016	06:26	278.464	-53.423		   998.82	0	  3.5337	0	34.3315	0	27.253	0	158.5	0	48.2	0	33.47	0	7.8077	0	7.5493	0
9668SoOcn	 8	C	02/20/2016	06:26	278.464	-53.423		   951.11	0	  3.6643	0	34.3145	0	27.225	0	161.8	0	49.4	0	33.08	0	7.8144	0	7.5556	0
9668SoOcn	 8	C	02/20/2016	06:26	278.464	-53.423		   900.95	0	  3.7834	0	34.2937	0	27.195	0	166.6	0	51.0	0	32.49	0	7.8235	0	7.5640	0
9668SoOcn	 8	C	02/20/2016	06:26	278.464	-53.423		   851.66	0	  3.9327	0	34.2747	0	27.163	0	172.7	0	53.0	0	31.76	0	7.8338	0	7.5739	0
9668SoOcn	 8	C	02/20/2016	06:26	278.464	-53.423		   801.00	0	  4.1297	0	34.2558	0	27.125	0	177.6	0	54.8	0	30.89	0	7.8449	0	7.5851	0
9668SoOcn	 8	C	02/20/2016	06:26	278.464	-53.423		   751.59	0	  4.2663	0	34.2314	0	27.09	0	185.0	0	57.2	0	30.03	0	7.8607	0	7.5999	0
9668SoOcn	 8	C	02/20/2016	06:26	278.464	-53.423		   701.33	0	  4.4622	0	34.2166	0	27.055	0	190.8	0	59.3	0	29.19	0	7.8714	0	7.6108	0
9668SoOcn	 8	C	02/20/2016	06:26	278.464	-53.423		   651.22	0	  4.4696	0	34.1794	0	27.024	0	206.0	0	64.0	0	27.85	0	7.8914	0	7.6276	0
9668SoOcn	 8	C	02/20/2016	06:26	278.464	-53.423		   601.24	0	  4.6892	0	34.1825	0	27.001	0	209.6	0	65.5	0	26.85	0	7.9043	0	7.6408	0
9668SoOcn	 8	C	02/20/2016	06:26	278.464	-53.423		   551.20	0	  4.7773	0	34.1761	0	26.985	0	216.1	0	67.7	0	26.13	0	7.9150	0	7.6502	0
9668SoOcn	 8	C	02/20/2016	06:26	278.464	-53.423		   501.56	0	  4.9099	0	34.1801	0	26.972	0	218.1	0	68.5	0	25.71	0	7.9212	0	7.6561	0
9668SoOcn	 8	C	02/20/2016	06:26	278.464	-53.423		   450.69	0	  5.0093	0	34.1806	0	26.961	0	221.5	0	69.7	0	24.84	0	7.9316	0	7.6654	0
9668SoOcn	 8	C	02/20/2016	06:26	278.464	-53.423		   400.82	0	  5.0698	0	34.1800	0	26.953	0	224.1	0	70.7	0	24.38	0	7.9372	0	7.6697	0
9668SoOcn	 8	C	02/20/2016	06:26	278.464	-53.423		   381.18	0	  5.0817	0	34.1781	0	26.95	0	226.0	0	71.3	0	24.30	0	7.9391	0	7.6709	0
9668SoOcn	 8	C	02/20/2016	06:26	278.464	-53.423		   360.79	0	  5.0959	0	34.1775	0	26.948	0	226.7	0	71.5	0	24.08	0	7.9440	0	7.6749	0
9668SoOcn	 8	C	02/20/2016	06:26	278.464	-53.423		   351.39	0	  5.1025	0	34.1771	0	26.947	0	227.6	0	71.8	0	24.04	0	7.9444	0	7.6751	0
9668SoOcn	 8	C	02/20/2016	06:26	278.464	-53.423		   340.95	0	  5.0987	0	34.1758	0	26.946	0	228.6	0	72.1	0	23.91	0	7.9480	0	7.6781	0
9668SoOcn	 8	C	02/20/2016	06:26	278.464	-53.423		   331.06	0	  5.0956	0	34.1741	0	26.945	0	230.2	0	72.6	0	23.79	0	7.9499	0	7.6794	0
9668SoOcn	 8	C	02/20/2016	06:26	278.464	-53.423		   321.51	0	  5.1190	0	34.1758	0	26.944	0	230.9	0	72.9	0	23.71	0	7.9503	0	7.6798	0
9668SoOcn	 8	C	02/20/2016	06:26	278.464	-53.423		   311.08	0	  5.1446	0	34.1768	0	26.941	0	230.6	0	72.8	0	23.73	0	7.9506	0	7.6801	0
9668SoOcn	 8	C	02/20/2016	06:26	278.464	-53.423		   301.16	0	  5.1605	0	34.1769	0	26.939	0	230.5	0	72.9	0	23.62	0	7.9509	0	7.6803	0
9668SoOcn	 8	C	02/20/2016	06:26	278.464	-53.423		   291.30	0	  5.1842	0	34.1784	0	26.938	0	230.6	0	72.9	0	23.67	0	7.9518	0	7.6811	0
9668SoOcn	 8	C	02/20/2016	06:26	278.464	-53.423		   281.07	0	  5.1911	0	34.1776	0	26.936	0	230.5	0	72.9	0	23.50	0	7.9521	0	7.6811	0
9668SoOcn	 8	C	02/20/2016	06:26	278.464	-53.423		   271.10	0	  5.1987	0	34.1766	0	26.934	0	230.9	0	73.0	0	23.72	0	7.9502	0	7.6791	0
9668SoOcn	 8	C	02/20/2016	06:26	278.464	-53.423		   259.78	0	  5.2108	0	34.1770	0	26.933	0	230.2	0	72.8	0	23.59	0	7.9516	0	7.6803	0
9668SoOcn	 8	C	02/20/2016	06:26	278.464	-53.423		   251.14	0	  5.2226	0	34.1770	0	26.932	0	229.9	0	72.8	0	23.75	0	7.9493	0	7.6780	0
9668SoOcn	 8	C	02/20/2016	06:26	278.464	-53.423		   241.23	0	  5.2319	0	34.1767	0	26.93	0	229.2	0	72.5	0	23.71	0	7.9503	0	7.6787	0
9668SoOcn	 8	C	02/20/2016	06:26	278.464	-53.423		   230.99	0	  5.2284	0	34.1741	0	26.929	0	228.9	0	72.5	0	23.86	0	7.9487	0	7.6769	0
9668SoOcn	 8	C	02/20/2016	06:26	278.464	-53.423		   221.09	0	  5.2322	0	34.1721	0	26.927	0	228.3	0	72.3	0	23.79	0	7.9496	0	7.6774	0
9668SoOcn	 8	C	02/20/2016	06:26	278.464	-53.423		   211.35	0	  5.2310	0	34.1695	0	26.925	0	228.1	0	72.2	0	23.83	0	7.9483	0	7.6759	0
9668SoOcn	 8	C	02/20/2016	06:26	278.464	-53.423		   200.29	0	  5.2410	0	34.1663	0	26.921	0	228.3	0	72.3	0	23.79	0	7.9474	0	7.6748	0
9668SoOcn	 8	C	02/20/2016	06:26	278.464	-53.423		   190.88	0	  5.2490	0	34.1633	0	26.917	0	228.0	0	72.2	0	23.77	0	7.9476	0	7.6748	0
9668SoOcn	 8	C	02/20/2016	06:26	278.464	-53.423		   181.71	0	  5.2607	0	34.1613	0	26.914	0	228.2	0	72.3	0	23.80	0	7.9481	0	7.6752	0
9668SoOcn	 8	C	02/20/2016	06:26	278.464	-53.423		   170.76	0	  5.2689	0	34.1568	0	26.91	0	228.5	0	72.4	0	23.84	0	7.9475	0	7.6743	0
9668SoOcn	 8	C	02/20/2016	06:26	278.464	-53.423		   161.15	0	  5.3034	0	34.1547	0	26.904	0	227.5	0	72.1	0	23.94	0	7.9444	0	7.6717	0
9668SoOcn	 8	C	02/20/2016	06:26	278.464	-53.423		   151.25	0	  5.3290	0	34.1502	0	26.897	0	226.4	0	71.8	0	23.90	0	7.9410	0	7.6686	0
9668SoOcn	 8	C	02/20/2016	06:26	278.464	-53.423		   141.56	0	  5.3578	0	34.1501	0	26.893	0	225.0	0	71.4	0	24.02	0	7.9416	0	7.6692	0
9668SoOcn	 8	C	02/20/2016	06:26	278.464	-53.423		   131.73	0	  5.3909	0	34.1452	0	26.885	0	224.9	0	71.5	0	23.91	0	7.9421	0	7.6698	0
9668SoOcn	 8	C	02/20/2016	06:26	278.464	-53.423		   120.94	0	  5.4500	0	34.1402	0	26.873	0	225.0	0	71.6	0	23.82	0	7.9437	0	7.6718	0
9668SoOcn	 8	C	02/20/2016	06:26	278.464	-53.423		   110.99	0	  5.5176	0	34.1373	0	26.862	0	225.7	0	71.9	0	23.58	0	7.9465	0	7.6750	0
9668SoOcn	 8	C	02/20/2016	06:26	278.464	-53.423		   101.06	0	  5.6048	0	34.1325	0	26.847	0	226.9	0	72.5	0	23.21	0	7.9504	0	7.6795	0
9668SoOcn	 8	C	02/20/2016	06:26	278.464	-53.423		    96.03	0	  5.6648	0	34.1320	0	26.839	0	227.4	0	72.7	0	22.77	0	7.9504	0	7.6801	0
9668SoOcn	 8	C	02/20/2016	06:26	278.464	-53.423		    91.19	0	  5.7575	0	34.1264	0	26.823	0	228.2	0	73.1	0	22.08	0	7.9563	0	7.6867	0
9668SoOcn	 8	C	02/20/2016	06:26	278.464	-53.423		    86.48	0	  5.8086	0	34.1269	0	26.817	0	229.4	0	73.6	0	21.62	0	7.9664	0	7.6965	0
9668SoOcn	 8	C	02/20/2016	06:26	278.464	-53.423		    81.26	0	  5.9552	0	34.1123	0	26.786	0	230.7	0	74.3	0	21.07	0	7.9708	0	7.7024	0
9668SoOcn	 8	C	02/20/2016	06:26	278.464	-53.423		    76.71	0	  6.0849	0	34.1120	0	26.768	0	232.7	0	75.1	0	20.56	0	7.9840	0	7.7162	0
9668SoOcn	 8	C	02/20/2016	06:26	278.464	-53.423		    71.55	0	  8.0750	0	34.0771	0	26.458	0	228.6	0	77.3	0	17.66	0	8.0058	0	7.7641	0
9668SoOcn	 8	C	02/20/2016	06:26	278.464	-53.423		    66.28	0	  8.3182	0	34.0775	0	26.422	0	227.8	0	77.4	0	17.44	0	8.0067	0	7.7683	0
9668SoOcn	 8	C	02/20/2016	06:26	278.464	-53.423		    61.77	0	  8.3938	0	34.0742	0	26.408	0	227.4	0	77.4	0	17.27	0	8.0057	0	7.7683	0
9668SoOcn	 8	C	02/20/2016	06:26	278.464	-53.423		    56.80	0	  8.4264	0	34.0763	0	26.404	0	227.3	0	77.4	0	17.43	0	8.0072	0	7.7699	0
9668SoOcn	 8	C	02/20/2016	06:26	278.464	-53.423		    51.52	0	  8.4613	0	34.0690	0	26.393	0	227.0	0	77.4	0	17.31	0	8.0064	0	7.7696	0
9668SoOcn	 8	C	02/20/2016	06:26	278.464	-53.423		    46.24	0	  8.4610	0	34.0690	0	26.393	0	226.9	0	77.4	0	17.25	0	8.0058	0	7.7688	0
9668SoOcn	 8	C	02/20/2016	06:26	278.464	-53.423		    41.58	0	  8.4619	0	34.0695	0	26.393	0	226.9	0	77.3	0	17.42	0	8.0072	0	7.7699	0
9668SoOcn	 8	C	02/20/2016	06:26	278.464	-53.423		    36.64	0	  8.4613	0	34.0692	0	26.393	0	226.9	0	77.4	0	17.30	0	8.0077	0	7.7703	0
9668SoOcn	 8	C	02/20/2016	06:26	278.464	-53.423		    31.42	0	  8.4603	0	34.0691	0	26.393	0	226.9	0	77.3	0	17.26	0	8.0083	0	7.7706	0
9668SoOcn	 8	C	02/20/2016	06:26	278.464	-53.423		    25.35	0	  8.4608	0	34.0693	0	26.393	0	226.9	0	77.4	0	17.21	0	8.0080	0	7.7702	0
9668SoOcn	 8	C	02/20/2016	06:26	278.464	-53.423		    20.01	0	  8.4606	0	34.0691	0	26.393	0	226.9	0	77.4	0	17.31	0	8.0093	0	7.7712	0
9668SoOcn	 8	C	02/20/2016	06:26	278.464	-53.423		    15.45	0	  8.4569	0	34.0695	0	26.394	0	226.9	0	77.4	0	17.24	0	8.0097	0	7.7713	0
9668SoOcn	 8	C	02/20/2016	06:26	278.464	-53.423		    11.75	0	  8.4572	0	34.0697	0	26.394	0	227.0	0	77.4	0	17.29	0	8.0097	0	7.7712	0
9668SoOcn	 8	C	02/20/2016	06:26	278.464	-53.423		     7.28	0	  8.4578	0	34.0691	0	26.393	0	227.0	0	77.4	0	17.39	0	8.0102	0	7.7715	0
9668SoOcn	 8	C	02/20/2016	06:26	278.464	-53.423																	
9668SoOcn	 9	C	03/01/2016	14:58	279.079	-53.312		  1798.51	0	  2.3960	0	34.6144	0	27.598	0	124.7	0	36.9	0	35.70	0	7.7622	0	7.5181	0
9668SoOcn	 9	C	03/01/2016	14:58	279.079	-53.312		  1699.42	0	  2.4956	0	34.5931	0	27.572	0	125.1	0	37.1	0	35.75	0	7.7584	0	7.5127	0
9668SoOcn	 9	C	03/01/2016	14:58	279.079	-53.312		  1598.73	0	  2.6066	0	34.5613	0	27.535	0	127.9	0	38.1	0	35.81	0	7.7594	0	7.5119	0
9668SoOcn	 9	C	03/01/2016	14:58	279.079	-53.312		  1499.92	0	  2.7152	0	34.5325	0	27.501	0	126.2	0	37.7	0	36.17	0	7.7566	0	7.5075	0
9668SoOcn	 9	C	03/01/2016	14:58	279.079	-53.312		  1399.50	0	  2.8180	0	34.5006	0	27.465	0	128.7	0	38.5	0	36.03	0	7.7593	0	7.5082	0
9668SoOcn	 9	C	03/01/2016	14:58	279.079	-53.312		  1299.33	0	  2.9707	0	34.4554	0	27.412	0	134.6	0	40.4	0	35.83	0	7.7665	0	7.5136	0
9668SoOcn	 9	C	03/01/2016	14:58	279.079	-53.312		  1199.13	0	  3.0935	0	34.4141	0	27.366	0	143.0	0	43.1	0	35.11	0	7.7821	0	7.5262	0
9668SoOcn	 9	C	03/01/2016	14:58	279.079	-53.312		  1099.59	0	  3.2859	0	34.3701	0	27.31	0	151.4	0	45.8	0	34.38	0	7.7973	0	7.5396	0
9668SoOcn	 9	C	03/01/2016	14:58	279.079	-53.312		   998.64	0	  3.5712	0	34.3261	0	27.244	0	159.5	0	48.5	0	33.23	0	7.8110	0	7.5528	0
9668SoOcn	 9	C	03/01/2016	14:58	279.079	-53.312		   951.53	0	  3.7137	0	34.3097	0	27.216	0	163.0	0	49.8	0	32.91	0	7.8161	0	7.5579	0
9668SoOcn	 9	C	03/01/2016	14:58	279.079	-53.312		   901.11	0	  3.8554	0	34.2834	0	27.179	0	170.5	0	52.3	0	32.05	0	7.8295	0	7.5705	0
9668SoOcn	 9	C	03/01/2016	14:58	279.079	-53.312		   851.48	0	  4.0106	0	34.2671	0	27.148	0	174.7	0	53.7	0	31.53	0	7.8380	0	7.5788	0
9668SoOcn	 9	C	03/01/2016	14:58	279.079	-53.312		   801.40	0	  4.2392	0	34.2483	0	27.107	0	179.4	0	55.5	0	30.65	0	7.8474	0	7.5890	0
9668SoOcn	 9	C	03/01/2016	14:58	279.079	-53.312		   751.20	0	  4.4039	0	34.2305	0	27.073	0	185.3	0	57.5	0	29.82	0	7.8611	0	7.6021	0
9668SoOcn	 9	C	03/01/2016	14:58	279.079	-53.312		   701.06	0	  4.5877	0	34.2234	0	27.046	0	190.3	0	59.3	0	28.89	0	7.8728	0	7.6138	0
9668SoOcn	 9	C	03/01/2016	14:58	279.079	-53.312		   651.30	0	  4.6880	0	34.2076	0	27.022	0	197.1	0	61.6	0	28.02	0	7.8865	0	7.6261	0
9668SoOcn	 9	C	03/01/2016	14:58	279.079	-53.312		   599.23	0	  4.7504	0	34.1860	0	26.996	0	209.4	0	65.6	0	26.74	0	7.9055	0	7.6427	0
9668SoOcn	 9	C	03/01/2016	14:58	279.079	-53.312		   551.56	0	  4.7643	0	34.1646	0	26.977	0	222.7	0	69.7	0	25.09	0	7.9299	0	7.6637	0
9668SoOcn	 9	C	03/01/2016	14:58	279.079	-53.312		   501.67	0	  4.9167	0	34.1684	0	26.962	0	231.2	0	72.6	0	24.12	0	7.9432	0	7.6764	0
9668SoOcn	 9	C	03/01/2016	14:58	279.079	-53.312		   451.03	0	  4.9911	0	34.1695	0	26.954	0	235.3	0	74.0	0	23.49	0	7.9523	0	7.6841	0
9668SoOcn	 9	C	03/01/2016	14:58	279.079	-53.312		   401.05	0	  5.0591	0	34.1742	0	26.95	0	236.8	0	74.6	0	23.14	0	7.9560	0	7.6868	0
9668SoOcn	 9	C	03/01/2016	14:58	279.079	-53.312		   380.62	0	  5.0938	0	34.1769	0	26.948	0	237.0	0	74.8	0	23.13	0	7.9561	0	7.6867	0
9668SoOcn	 9	C	03/01/2016	14:58	279.079	-53.312		   361.43	0	  5.1130	0	34.1777	0	26.946	0	237.0	0	74.8	0	23.15	0	7.9580	0	7.6880	0
9668SoOcn	 9	C	03/01/2016	14:58	279.079	-53.312		   351.65	0	  5.1292	0	34.1789	0	26.945	0	237.2	0	74.9	0	22.99	0	7.9591	0	7.6890	0
9668SoOcn	 9	C	03/01/2016	14:58	279.079	-53.312		   340.85	0	  5.1388	0	34.1798	0	26.944	0	237.3	0	75.0	0	23.02	0	7.9593	0	7.6890	0
9668SoOcn	 9	C	03/01/2016	14:58	279.079	-53.312		   331.48	0	  5.1537	0	34.1807	0	26.943	0	237.1	0	74.9	0	23.01	0	7.9595	0	7.6891	0
9668SoOcn	 9	C	03/01/2016	14:58	279.079	-53.312		   321.22	0	  5.1529	0	34.1794	0	26.942	0	237.0	0	74.9	0	23.09	0	7.9597	0	7.6888	0
9668SoOcn	 9	C	03/01/2016	14:58	279.079	-53.312		   311.03	0	  5.1629	0	34.1794	0	26.941	0	236.8	0	74.8	0	23.18	0	7.9592	0	7.6882	0
9668SoOcn	 9	C	03/01/2016	14:58	279.079	-53.312		   301.36	0	  5.1655	0	34.1791	0	26.941	0	236.4	0	74.7	0	23.15	0	7.9586	0	7.6874	0
9668SoOcn	 9	C	03/01/2016	14:58	279.079	-53.312		   290.97	0	  5.2121	0	34.1829	0	26.938	0	235.2	0	74.4	0	23.14	0	7.9573	0	7.6865	0
9668SoOcn	 9	C	03/01/2016	14:58	279.079	-53.312		   281.70	0	  5.2150	0	34.1822	0	26.937	0	235.0	0	74.4	0	23.11	0	7.9583	0	7.6872	0
9668SoOcn	 9	C	03/01/2016	14:58	279.079	-53.312		   271.18	0	  5.2609	0	34.1868	0	26.935	0	234.2	0	74.2	0	23.19	0	7.9584	0	7.6876	0
9668SoOcn	 9	C	03/01/2016	14:58	279.079	-53.312		   259.27	0	  5.2760	0	34.1870	0	26.933	0	233.8	0	74.1	0	23.13	0	7.9579	0	7.6869	0
9668SoOcn	 9	C	03/01/2016	14:58	279.079	-53.312		   250.53	0	  5.3091	0	34.1876	0	26.93	0	233.0	0	73.9	0	23.27	0	7.9579	0	7.6871	0
9668SoOcn	 9	C	03/01/2016	14:58	279.079	-53.312		   240.93	0	  5.3142	0	34.1855	0	26.928	0	233.1	0	74.0	0	23.26	0	7.9574	0	7.6864	0
9668SoOcn	 9	C	03/01/2016	14:58	279.079	-53.312		   231.15	0	  5.3608	0	34.1908	0	26.926	0	232.4	0	73.8	0	23.04	0	7.9576	0	7.6869	0
9668SoOcn	 9	C	03/01/2016	14:58	279.079	-53.312		   220.63	0	  5.3835	0	34.1917	0	26.924	0	232.7	0	73.9	0	22.94	0	7.9573	0	7.6866	0
9668SoOcn	 9	C	03/01/2016	14:58	279.079	-53.312		   211.54	0	  5.4043	0	34.1904	0	26.92	0	232.0	0	73.8	0	23.15	0	7.9558	0	7.6852	0
9668SoOcn	 9	C	03/01/2016	14:58	279.079	-53.312		   200.40	0	  5.4330	0	34.1904	0	26.917	0	230.9	0	73.4	0	23.14	0	7.9581	0	7.6873	0
9668SoOcn	 9	C	03/01/2016	14:58	279.079	-53.312		   190.91	0	  5.4456	0	34.1865	0	26.912	0	231.0	0	73.5	0	23.02	0	7.9570	0	7.6862	0
9668SoOcn	 9	C	03/01/2016	14:58	279.079	-53.312		   180.78	0	  5.4494	0	34.1818	0	26.908	0	230.1	0	73.2	0	23.04	0	7.9570	0	7.6860	0
9668SoOcn	 9	C	03/01/2016	14:58	279.079	-53.312		   171.69	0	  5.4108	0	34.1706	0	26.903	0	231.5	0	73.6	0	23.03	0	7.9602	0	7.6880	0
9668SoOcn	 9	C	03/01/2016	14:58	279.079	-53.312		   161.32	0	  5.4283	0	34.1656	0	26.897	0	232.5	0	74.0	0	22.81	0	7.9619	0	7.6895	0
9668SoOcn	 9	C	03/01/2016	14:58	279.079	-53.312		   151.15	0	  5.4487	0	34.1625	0	26.892	0	233.2	0	74.2	0	22.69	0	7.9613	0	7.6889	0
9668SoOcn	 9	C	03/01/2016	14:58	279.079	-53.312		   141.77	0	  5.4729	0	34.1590	0	26.886	0	233.4	0	74.3	0	22.66	0	7.9630	0	7.6905	0
9668SoOcn	 9	C	03/01/2016	14:58	279.079	-53.312		   131.14	0	  5.5226	0	34.1528	0	26.875	0	234.4	0	74.7	0	22.22	0	7.9690	0	7.6964	0
9668SoOcn	 9	C	03/01/2016	14:58	279.079	-53.312		   118.98	0	  5.7385	0	34.1646	0	26.857	0	236.2	0	75.7	0	21.24	0	7.9745	0	7.7040	0
9668SoOcn	 9	C	03/01/2016	14:58	279.079	-53.312		   110.21	0	  5.7743	0	34.1644	0	26.852	0	237.8	0	76.3	0	21.08	0	7.9778	0	7.7072	0
9668SoOcn	 9	C	03/01/2016	14:58	279.079	-53.312		   100.65	0	  5.9734	0	34.1640	0	26.826	0	238.1	0	76.7	0	20.58	0	7.9761	0	7.7081	0
9668SoOcn	 9	C	03/01/2016	14:58	279.079	-53.312		    93.52	0	  6.0065	0	34.1287	0	26.792	0	238.2	0	76.8	0	20.82	0	7.9916	0	7.7226	0
9668SoOcn	 9	C	03/01/2016	14:58	279.079	-53.312		    86.70	0	  7.2663	0	34.0770	0	26.577	0	230.8	0	76.6	0	18.98	0	7.9987	0	7.7467	0
9668SoOcn	 9	C	03/01/2016	14:58	279.079	-53.312		    80.96	0	  7.9401	0	34.0636	0	26.468	0	227.6	0	76.7	0	18.04	0	7.9986	0	7.7559	0
9668SoOcn	 9	C	03/01/2016	14:58	279.079	-53.312		    75.48	0	  8.2015	0	34.0626	0	26.427	0	227.0	0	76.9	0	17.63	0	7.9975	0	7.7585	0
9668SoOcn	 9	C	03/01/2016	14:58	279.079	-53.312		    69.97	0	  8.2392	0	34.0652	0	26.424	0	227.4	0	77.2	0	17.79	0	7.9985	0	7.7597	0
9668SoOcn	 9	C	03/01/2016	14:58	279.079	-53.312		    64.43	0	  8.2678	0	34.0654	0	26.42	0	227.6	0	77.3	0	17.63	0	7.9986	0	7.7601	0
9668SoOcn	 9	C	03/01/2016	14:58	279.079	-53.312		    58.78	0	  8.2767	0	34.0651	0	26.418	0	227.7	0	77.3	0	17.72	0	7.9981	0	7.7595	0
9668SoOcn	 9	C	03/01/2016	14:58	279.079	-53.312		    53.30	0	  8.2787	0	34.0652	0	26.418	0	227.8	0	77.3	0	17.66	0	7.9991	0	7.7603	0
9668SoOcn	 9	C	03/01/2016	14:58	279.079	-53.312		    48.05	0	  8.2814	0	34.0653	0	26.417	0	227.9	0	77.4	0	17.71	0	7.9991	0	7.7601	0
9668SoOcn	 9	C	03/01/2016	14:58	279.079	-53.312		    42.97	0	  8.2820	0	34.0652	0	26.417	0	227.9	0	77.4	0	17.60	0	8.0007	0	7.7615	0
9668SoOcn	 9	C	03/01/2016	14:58	279.079	-53.312		    37.81	0	  8.2793	0	34.0650	0	26.417	0	227.9	0	77.4	0	17.70	0	8.0010	0	7.7616	0
9668SoOcn	 9	C	03/01/2016	14:58	279.079	-53.312		    32.54	0	  8.2790	0	34.0649	0	26.417	0	228.0	0	77.4	0	17.63	0	8.0004	0	7.7608	0
9668SoOcn	 9	C	03/01/2016	14:58	279.079	-53.312		    28.33	0	  8.2810	0	34.0655	0	26.418	0	228.0	0	77.4	0	17.66	0	8.0010	0	7.7613	0
9668SoOcn	 9	C	03/01/2016	14:58	279.079	-53.312		    24.55	0	  8.2839	0	34.0654	0	26.417	0	228.0	0	77.4	0	17.64	0	8.0030	0	7.7630	0
9668SoOcn	 9	C	03/01/2016	14:58	279.079	-53.312		    21.24	0	  8.2833	0	34.0652	0	26.417	0	228.0	0	77.4	0	17.64	0	8.0030	0	7.7629	0
9668SoOcn	 9	C	03/01/2016	14:58	279.079	-53.312		    17.87	0	  8.2824	0	34.0658	0	26.418	0	228.1	0	77.5	0	17.66	0	8.0036	0	7.7633	0
9668SoOcn	 9	C	03/01/2016	14:58	279.079	-53.312		    14.28	0	  8.2832	0	34.0654	0	26.417	0	228.1	0	77.5	0	17.60	0	8.0040	0	7.7636	0
9668SoOcn	 9	C	03/01/2016	14:58	279.079	-53.312		    11.21	0	  8.2842	0	34.0656	0	26.417	0	228.2	0	77.5	0	17.66	0	8.0061	0	7.7655	0
9668SoOcn	 9	C	03/01/2016	14:58	279.079	-53.312		     7.86	0	  8.2835	0	34.0656	0	26.417	0	228.2	0	77.5	0	17.53	0	8.0077	0	7.7667	0
9668SoOcn	 9	C	03/01/2016	14:58	279.079	-53.312																	
