//0																													
Cruise	Station	Type	mon/day/yr	hh:mm	Lon [°E]	Lat [°N]	Bot. Depth[m]	Depth[m]	QF	Temperature[°C]	QF	Salinity	QF	Density	QF	Oxygen[µM]	QF	OxygenSat[%]	QF	Nitrate[µM]	QF	pHinsitu[Total]	QF	pH25C[Total]	QF
9749SoOcn	 1	C	01/13/2016	07:49	  99.470	-39.451		  1798.82	0	  2.5593	0	34.6566	0	27.617	0	152.5	0	45.4	0	32.48	0	7.8396	0	7.5913	0
9749SoOcn	 1	C	01/13/2016	07:49	  99.470	-39.451		  1699.35	0	  2.6215	0	34.6251	0	27.586	0	152.5	0	45.4	0	32.72	0	7.8362	0	7.5858	0
9749SoOcn	 1	C	01/13/2016	07:49	  99.470	-39.451		  1598.98	0	  2.7097	0	34.5933	0	27.551	0	150.3	0	44.9	0	33.21	0	7.8298	0	7.5779	0
9749SoOcn	 1	C	01/13/2016	07:49	  99.470	-39.451		  1498.30	0	  2.8429	0	34.5586	0	27.51	0	147.4	0	44.1	0	33.67	0	7.8270	0	7.5738	0
9749SoOcn	 1	C	01/13/2016	07:49	  99.470	-39.451		  1398.82	0	  2.9544	0	34.5265	0	27.472	0	148.2	0	44.5	0	33.75	0	7.8266	0	7.5717	0
9749SoOcn	 1	C	01/13/2016	07:49	  99.470	-39.451		  1299.85	0	  3.1259	0	34.4829	0	27.419	0	151.3	0	45.6	0	33.63	0	7.8288	0	7.5729	0
9749SoOcn	 1	C	01/13/2016	07:49	  99.470	-39.451		  1199.25	0	  3.3151	0	34.4462	0	27.37	0	155.7	0	47.1	0	33.28	0	7.8349	0	7.5777	0
9749SoOcn	 1	C	01/13/2016	07:49	  99.470	-39.451		  1098.96	0	  3.5580	0	34.4087	0	27.313	0	161.5	0	49.2	0	32.63	0	7.8460	0	7.5879	0
9749SoOcn	 1	C	01/13/2016	07:49	  99.470	-39.451		   998.73	0	  3.8843	0	34.3767	0	27.252	0	168.4	0	51.7	0	31.78	0	7.8584	0	7.6006	0
9749SoOcn	 1	C	01/13/2016	07:49	  99.470	-39.451		   951.27	0	  4.1546	0	34.3795	0	27.224	0	167.6	0	51.8	0	31.17	0	7.8518	0	7.5968	0
9749SoOcn	 1	C	01/13/2016	07:49	  99.470	-39.451		   901.35	0	  4.4486	0	34.3685	0	27.182	0	170.4	0	53.0	0	30.47	0	7.8574	0	7.6044	0
9749SoOcn	 1	C	01/13/2016	07:49	  99.470	-39.451		   851.59	0	  4.7788	0	34.3680	0	27.143	0	172.2	0	54.0	0	29.76	0	7.8609	0	7.6105	0
9749SoOcn	 1	C	01/13/2016	07:49	  99.470	-39.451		   800.84	0	  5.1171	0	34.3744	0	27.107	0	172.8	0	54.6	0	29.10	0	7.8641	0	7.6165	0
9749SoOcn	 1	C	01/13/2016	07:49	  99.470	-39.451		   749.85	0	  5.6038	0	34.3885	0	27.058	0	172.5	0	55.2	0	27.98	0	7.8697	0	7.6268	0
9749SoOcn	 1	C	01/13/2016	07:49	  99.470	-39.451		   700.93	0	  6.0771	0	34.4087	0	27.014	0	172.5	0	55.8	0	26.88	0	7.8737	0	7.6355	0
9749SoOcn	 1	C	01/13/2016	07:49	  99.470	-39.451		   651.29	0	  6.5553	0	34.4317	0	26.97	0	174.2	0	57.0	0	25.70	0	7.8782	0	7.6447	0
9749SoOcn	 1	C	01/13/2016	07:49	  99.470	-39.451		   601.40	0	  7.1045	0	34.4655	0	26.922	0	176.5	0	58.5	0	24.01	0	7.8887	0	7.6604	0
9749SoOcn	 1	C	01/13/2016	07:49	  99.470	-39.451		   550.91	0	  7.6721	0	34.5043	0	26.873	0	182.0	0	61.1	0	22.21	0	7.9029	0	7.6799	0
9749SoOcn	 1	C	01/13/2016	07:49	  99.470	-39.451		   501.33	0	  8.2255	0	34.5503	0	26.829	0	189.9	0	64.6	0	19.91	0	7.9171	0	7.6991	0
9749SoOcn	 1	C	01/13/2016	07:49	  99.470	-39.451		   451.00	0	  8.6547	0	34.5956	0	26.8	0	197.5	0	67.9	0	18.14	0	7.9336	0	7.7187	0
9749SoOcn	 1	C	01/13/2016	07:49	  99.470	-39.451		   401.09	0	  9.3988	0	34.7065	0	26.775	0	204.3	0	71.4	0	14.74	0	7.9555	0	7.7478	0
9749SoOcn	 1	C	01/13/2016	07:49	  99.470	-39.451		   381.02	0	  9.9185	0	34.7969	0	26.765	0	206.6	0	73.1	0	12.97	0	7.9713	0	7.7691	0
9749SoOcn	 1	C	01/13/2016	07:49	  99.470	-39.451		   361.38	0	 10.2830	0	34.8583	0	26.755	0	209.7	0	74.8	0	11.09	0	7.9931	0	7.7937	0
9749SoOcn	 1	C	01/13/2016	07:49	  99.470	-39.451		   350.69	0	 11.1582	0	34.9949	0	26.716	0	212.9	0	77.5	0	08.14	0	8.0164	0	7.8273	0
9749SoOcn	 1	C	01/13/2016	07:49	  99.470	-39.451		   340.51	0	 12.0072	0	35.1461	0	26.688	0	219.0	0	81.2	0	05.57	0	8.0144	0	7.8375	0
9749SoOcn	 1	C	01/13/2016	07:49	  99.470	-39.451		   331.56	0	 12.0052	0	35.1474	0	26.69	0	221.4	0	82.1	0	05.67	0	8.0138	0	7.8366	0
9749SoOcn	 1	C	01/13/2016	07:49	  99.470	-39.451		   321.36	0	 12.0039	0	35.1476	0	26.69	0	222.0	0	82.3	0	05.37	0	8.0144	0	7.8368	0
9749SoOcn	 1	C	01/13/2016	07:49	  99.470	-39.451		   311.28	0	 12.0042	0	35.1481	0	26.691	0	222.2	0	82.4	0	05.52	0	8.0154	0	7.8373	0
9749SoOcn	 1	C	01/13/2016	07:49	  99.470	-39.451		   301.24	0	 12.0033	0	35.1474	0	26.69	0	222.3	0	82.4	0	05.48	0	8.0142	0	7.8359	0
9749SoOcn	 1	C	01/13/2016	07:49	  99.470	-39.451		   291.36	0	 12.0006	0	35.1480	0	26.691	0	222.4	0	82.5	0	05.53	0	8.0144	0	7.8357	0
9749SoOcn	 1	C	01/13/2016	07:49	  99.470	-39.451		   281.36	0	 12.0000	0	35.1479	0	26.691	0	222.5	0	82.5	0	05.46	0	8.0158	0	7.8367	0
9749SoOcn	 1	C	01/13/2016	07:49	  99.470	-39.451		   271.59	0	 11.9992	0	35.1485	0	26.692	0	222.5	0	82.5	0	05.45	0	8.0164	0	7.8369	0
9749SoOcn	 1	C	01/13/2016	07:49	  99.470	-39.451		   261.29	0	 11.9975	0	35.1480	0	26.692	0	222.6	0	82.5	0	05.52	0	8.0160	0	7.8361	0
9749SoOcn	 1	C	01/13/2016	07:49	  99.470	-39.451		   251.60	0	 11.9977	0	35.1484	0	26.692	0	222.7	0	82.6	0	05.45	0	8.0166	0	7.8364	0
9749SoOcn	 1	C	01/13/2016	07:49	  99.470	-39.451		   241.24	0	 11.9977	0	35.1485	0	26.692	0	222.8	0	82.6	0	05.37	0	8.0172	0	7.8366	0
9749SoOcn	 1	C	01/13/2016	07:49	  99.470	-39.451		   231.71	0	 11.9973	0	35.1488	0	26.692	0	222.8	0	82.6	0	05.48	0	8.0172	0	7.8363	0
9749SoOcn	 1	C	01/13/2016	07:49	  99.470	-39.451		   221.75	0	 12.0345	0	35.1572	0	26.693	0	222.7	0	82.6	0	05.19	0	8.0203	0	7.8393	0
9749SoOcn	 1	C	01/13/2016	07:49	  99.470	-39.451		   211.28	0	 12.0532	0	35.1616	0	26.693	0	223.1	0	82.8	0	05.22	0	8.0200	0	7.8390	0
9749SoOcn	 1	C	01/13/2016	07:49	  99.470	-39.451		   201.32	0	 12.0514	0	35.1616	0	26.693	0	223.2	0	82.8	0	05.19	0	8.0227	0	7.8412	0
9749SoOcn	 1	C	01/13/2016	07:49	  99.470	-39.451		   191.78	0	 12.0753	0	35.1670	0	26.693	0	223.2	0	82.9	0	05.11	0	8.0226	0	7.8411	0
9749SoOcn	 1	C	01/13/2016	07:49	  99.470	-39.451		   181.42	0	 12.0840	0	35.1687	0	26.693	0	223.3	0	82.9	0	05.06	0	8.0226	0	7.8409	0
9749SoOcn	 1	C	01/13/2016	07:49	  99.470	-39.451		   168.72	0	 12.0956	0	35.1687	0	26.691	0	223.3	0	83.0	0	05.02	0	8.0228	0	7.8408	0
9749SoOcn	 1	C	01/13/2016	07:49	  99.470	-39.451		   160.67	0	 12.1006	0	35.1690	0	26.69	0	223.2	0	83.0	0	05.06	0	8.0228	0	7.8406	0
9749SoOcn	 1	C	01/13/2016	07:49	  99.470	-39.451		   151.51	0	 12.1077	0	35.1667	0	26.687	0	223.3	0	83.0	0	04.98	0	8.0244	0	7.8419	0
9749SoOcn	 1	C	01/13/2016	07:49	  99.470	-39.451		   141.55	0	 12.0935	0	35.1576	0	26.682	0	223.9	0	83.2	0		8	8.0244	0	7.8413	0
9749SoOcn	 1	C	01/13/2016	07:49	  99.470	-39.451		   130.52	0	 12.1386	0	35.1459	0	26.664	0	224.7	0	83.5	0	04.09	0	8.0313	0	7.8480	0
9749SoOcn	 1	C	01/13/2016	07:49	  99.470	-39.451		   121.50	0	 12.4147	0	35.1603	0	26.624	0	226.1	0	84.6	0	03.41	0	8.0373	0	7.8572	0
9749SoOcn	 1	C	01/13/2016	07:49	  99.470	-39.451		   111.62	0	 12.7363	0	35.1666	0	26.567	0	227.6	0	85.7	0	02.66	0	8.0427	0	7.8665	0
9749SoOcn	 1	C	01/13/2016	07:49	  99.470	-39.451		   101.16	0	 12.9779	0	35.1664	0	26.52	0	230.5	0	87.2	0	02.18	0	8.0476	0	7.8742	0
9749SoOcn	 1	C	01/13/2016	07:49	  99.470	-39.451		    95.64	0	 13.0385	0	35.1672	0	26.509	0	232.3	0	88.0	0	02.08	0	8.0522	0	7.8791	0
9749SoOcn	 1	C	01/13/2016	07:49	  99.470	-39.451		    89.96	0	 13.1079	0	35.1582	0	26.488	0	234.5	0	89.0	0	01.89	0	8.0523	0	7.8800	0
9749SoOcn	 1	C	01/13/2016	07:49	  99.470	-39.451		    84.50	0	 13.3217	0	35.1592	0	26.446	0	236.2	0	90.0	0	02.12	0	8.0506	0	7.8814	0
9749SoOcn	 1	C	01/13/2016	07:49	  99.470	-39.451		    79.54	0	 14.2768	0	35.1585	0	26.252	0	228.7	0	88.9	0	01.45	0	8.0382	0	7.8839	0
9749SoOcn	 1	C	01/13/2016	07:49	  99.470	-39.451		    75.62	0	 14.7773	0	35.1722	0	26.158	0	224.5	0	88.1	0	01.18	0	8.0362	0	7.8894	0
9749SoOcn	 1	C	01/13/2016	07:49	  99.470	-39.451		    71.57	0	 14.9239	0	35.1837	0	26.136	0	222.7	0	87.7	0	01.05	0	8.0368	0	7.8919	0
9749SoOcn	 1	C	01/13/2016	07:49	  99.470	-39.451		    66.64	0	 15.0594	0	35.1911	0	26.113	0	222.4	0	87.8	0	00.79	0	8.0373	0	7.8942	0
9749SoOcn	 1	C	01/13/2016	07:49	  99.470	-39.451		    61.47	0	 15.1023	0	35.1888	0	26.102	0	223.2	0	88.2	0	00.80	0	8.0405	0	7.8976	0
9749SoOcn	 1	C	01/13/2016	07:49	  99.470	-39.451		    56.75	0	 15.4017	0	35.1703	0	26.022	0	223.6	0	88.9	0	00.70	0	8.0445	0	7.9056	0
9749SoOcn	 1	C	01/13/2016	07:49	  99.470	-39.451		    51.86	0	 15.6183	0	35.1620	0	25.967	0	224.8	0	89.7	0	00.38	0	8.0447	0	7.9088	0
9749SoOcn	 1	C	01/13/2016	07:49	  99.470	-39.451		    46.20	0	 15.6960	0	35.1687	0	25.955	0	225.4	0	90.1	0	00.26	0	8.0459	0	7.9109	0
9749SoOcn	 1	C	01/13/2016	07:49	  99.470	-39.451		    41.50	0	 15.7201	0	35.1685	0	25.95	0	225.6	0	90.2	0	00.34	0	8.0431	0	7.9085	0
9749SoOcn	 1	C	01/13/2016	07:49	  99.470	-39.451		    36.55	0	 15.7282	0	35.1677	0	25.947	0	225.9	0	90.4	0	00.38	0	8.0423	0	7.9077	0
9749SoOcn	 1	C	01/13/2016	07:49	  99.470	-39.451		    32.03	0	 15.7313	0	35.1675	0	25.947	0	226.1	0	90.5	0	00.32	0	8.0421	0	7.9074	0
9749SoOcn	 1	C	01/13/2016	07:49	  99.470	-39.451		    26.22	0	 15.7446	0	35.1674	0	25.944	0	226.2	0	90.5	0	00.36	0	8.0393	0	7.9049	0
9749SoOcn	 1	C	01/13/2016	07:49	  99.470	-39.451		    21.83	0	 15.7477	0	35.1669	0	25.942	0	226.4	0	90.6	0	00.40	0	8.0377	0	7.9034	0
9749SoOcn	 1	C	01/13/2016	07:49	  99.470	-39.451		    16.45	0	 15.7600	0	35.1669	0	25.94	0	226.3	0	90.6	0	00.39	0	8.0350	0	7.9009	0
9749SoOcn	 1	C	01/13/2016	07:49	  99.470	-39.451		    11.98	0	 15.7827	0	35.1659	0	25.934	0	226.2	0	90.6	0	00.39	0	8.0371	0	7.9030	0
9749SoOcn	 1	C	01/13/2016	07:49	  99.470	-39.451		     7.97	0	 15.7820	0	35.1669	0	25.935	0	226.3	0	90.6	0	00.26	0	8.0397	0	7.9052	0
9749SoOcn	 1	C	01/13/2016	07:49	  99.470	-39.451																	
9749SoOcn	 2	C	01/23/2016	16:30	  99.566	-39.563		  1799.41	0	  2.5736	0	34.6560	0	27.615	0	149.9	0	44.6	0	31.85	0	7.8115	0	7.5658	0
9749SoOcn	 2	C	01/23/2016	16:30	  99.566	-39.563		  1699.64	0	  2.6411	0	34.6189	0	27.579	0	151.4	0	45.1	0	31.99	0	7.8092	0	7.5613	0
9749SoOcn	 2	C	01/23/2016	16:30	  99.566	-39.563		  1598.78	0	  2.7379	0	34.5955	0	27.55	0	147.2	0	44.0	0	32.61	0	7.8057	0	7.5561	0
9749SoOcn	 2	C	01/23/2016	16:30	  99.566	-39.563		  1498.91	0	  2.8338	0	34.5586	0	27.51	0	147.5	0	44.1	0	32.77	0	7.8025	0	7.5512	0
9749SoOcn	 2	C	01/23/2016	16:30	  99.566	-39.563		  1398.75	0	  2.9767	0	34.5194	0	27.464	0	148.1	0	44.5	0	33.01	0	7.8039	0	7.5512	0
9749SoOcn	 2	C	01/23/2016	16:30	  99.566	-39.563		  1299.56	0	  3.1249	0	34.4866	0	27.422	0	149.9	0	45.2	0	32.95	0	7.8077	0	7.5534	0
9749SoOcn	 2	C	01/23/2016	16:30	  99.566	-39.563		  1198.82	0	  3.3240	0	34.4478	0	27.37	0	154.1	0	46.7	0	32.64	0	7.8143	0	7.5590	0
9749SoOcn	 2	C	01/23/2016	16:30	  99.566	-39.563		  1099.42	0	  3.5215	0	34.4141	0	27.322	0	160.1	0	48.7	0	32.20	0	7.8255	0	7.5687	0
9749SoOcn	 2	C	01/23/2016	16:30	  99.566	-39.563		   999.04	0	  3.9633	0	34.3786	0	27.245	0	167.2	0	51.4	0	31.01	0	7.8392	0	7.5841	0
9749SoOcn	 2	C	01/23/2016	16:30	  99.566	-39.563		   950.58	0	  4.2159	0	34.3791	0	27.217	0	167.2	0	51.7	0	30.64	0	7.8406	0	7.5873	0
9749SoOcn	 2	C	01/23/2016	16:30	  99.566	-39.563		   901.75	0	  4.4373	0	34.3708	0	27.185	0	169.7	0	52.8	0	30.05	0	7.8449	0	7.5927	0
9749SoOcn	 2	C	01/23/2016	16:30	  99.566	-39.563		   851.57	0	  4.6877	0	34.3679	0	27.153	0	171.4	0	53.6	0	29.48	0	7.8506	0	7.5998	0
9749SoOcn	 2	C	01/23/2016	16:30	  99.566	-39.563		   800.87	0	  5.1435	0	34.3764	0	27.106	0	171.5	0	54.3	0	28.46	0	7.8547	0	7.6082	0
9749SoOcn	 2	C	01/23/2016	16:30	  99.566	-39.563		   751.80	0	  5.5391	0	34.3877	0	27.066	0	171.7	0	54.8	0	27.64	0	7.8605	0	7.6175	0
9749SoOcn	 2	C	01/23/2016	16:30	  99.566	-39.563		   701.55	0	  5.9936	0	34.4066	0	27.023	0	171.7	0	55.4	0	26.68	0	7.8660	0	7.6273	0
9749SoOcn	 2	C	01/23/2016	16:30	  99.566	-39.563		   650.59	0	  6.6790	0	34.4393	0	26.959	0	173.5	0	56.9	0	24.77	0	7.8742	0	7.6428	0
9749SoOcn	 2	C	01/23/2016	16:30	  99.566	-39.563		   600.95	0	  7.2192	0	34.4735	0	26.912	0	176.2	0	58.5	0	23.34	0	7.8836	0	7.6574	0
9749SoOcn	 2	C	01/23/2016	16:30	  99.566	-39.563		   550.83	0	  7.6818	0	34.5054	0	26.872	0	181.0	0	60.8	0	21.71	0	7.8965	0	7.6741	0
9749SoOcn	 2	C	01/23/2016	16:30	  99.566	-39.563		   501.20	0	  8.2216	0	34.5510	0	26.83	0	188.6	0	64.2	0	19.52	0	7.9139	0	7.6961	0
9749SoOcn	 2	C	01/23/2016	16:30	  99.566	-39.563		   451.44	0	  8.7686	0	34.6096	0	26.794	0	197.9	0	68.2	0	17.22	0	7.9331	0	7.7199	0
9749SoOcn	 2	C	01/23/2016	16:30	  99.566	-39.563		   401.37	0	  9.3936	0	34.7076	0	26.777	0	203.6	0	71.2	0	14.54	0	7.9539	0	7.7462	0
9749SoOcn	 2	C	01/23/2016	16:30	  99.566	-39.563		   380.44	0	  9.7979	0	34.7753	0	26.767	0	205.0	0	72.3	0	13.02	0	7.9604	0	7.7573	0
9749SoOcn	 2	C	01/23/2016	16:30	  99.566	-39.563		   361.04	0	 10.0560	0	34.8223	0	26.763	0	207.5	0	73.6	0	11.85	0	7.9749	0	7.7737	0
9749SoOcn	 2	C	01/23/2016	16:30	  99.566	-39.563		   350.33	0	 10.2921	0	34.8622	0	26.756	0	208.9	0	74.5	0	11.33	0	7.9801	0	7.7815	0
9749SoOcn	 2	C	01/23/2016	16:30	  99.566	-39.563		   340.76	0	 11.0505	0	34.9792	0	26.722	0	208.9	0	75.8	0	08.54	0	7.9981	0	7.8086	0
9749SoOcn	 2	C	01/23/2016	16:30	  99.566	-39.563		   330.58	0	 11.7441	0	35.0899	0	26.69	0	214.2	0	79.0	0	06.12	0	8.0114	0	7.8306	0
9749SoOcn	 2	C	01/23/2016	16:30	  99.566	-39.563		   321.24	0	 11.9087	0	35.1290	0	26.692	0	218.2	0	80.7	0	05.68	0	8.0103	0	7.8316	0
9749SoOcn	 2	C	01/23/2016	16:30	  99.566	-39.563		   310.72	0	 11.9069	0	35.1294	0	26.693	0	219.3	0	81.1	0	05.55	0	8.0154	0	7.8359	0
9749SoOcn	 2	C	01/23/2016	16:30	  99.566	-39.563		   300.71	0	 12.0107	0	35.1511	0	26.692	0	220.3	0	81.7	0	05.30	0	8.0133	0	7.8352	0
9749SoOcn	 2	C	01/23/2016	16:30	  99.566	-39.563		   291.21	0	 12.0097	0	35.1515	0	26.692	0	220.6	0	81.8	0	05.35	0	8.0144	0	7.8359	0
9749SoOcn	 2	C	01/23/2016	16:30	  99.566	-39.563		   281.24	0	 12.0088	0	35.1514	0	26.692	0	220.8	0	81.9	0	05.39	0	8.0139	0	7.8351	0
9749SoOcn	 2	C	01/23/2016	16:30	  99.566	-39.563		   271.55	0	 12.0077	0	35.1512	0	26.693	0	221.0	0	81.9	0	05.35	0	8.0137	0	7.8345	0
9749SoOcn	 2	C	01/23/2016	16:30	  99.566	-39.563		   261.18	0	 12.0070	0	35.1514	0	26.693	0	221.0	0	82.0	0	05.35	0	8.0149	0	7.8353	0
9749SoOcn	 2	C	01/23/2016	16:30	  99.566	-39.563		   251.83	0	 12.0060	0	35.1517	0	26.693	0	221.1	0	82.0	0	05.27	0	8.0158	0	7.8358	0
9749SoOcn	 2	C	01/23/2016	16:30	  99.566	-39.563		   241.49	0	 12.0417	0	35.1586	0	26.692	0	221.2	0	82.1	0	05.19	0	8.0172	0	7.8373	0
9749SoOcn	 2	C	01/23/2016	16:30	  99.566	-39.563		   231.65	0	 12.0403	0	35.1592	0	26.693	0	221.5	0	82.2	0	05.07	0	8.0175	0	7.8372	0
9749SoOcn	 2	C	01/23/2016	16:30	  99.566	-39.563		   221.36	0	 12.0727	0	35.1650	0	26.692	0	221.6	0	82.3	0	05.07	0	8.0186	0	7.8383	0
9749SoOcn	 2	C	01/23/2016	16:30	  99.566	-39.563		   211.76	0	 12.0719	0	35.1648	0	26.692	0	221.8	0	82.4	0	05.04	0	8.0182	0	7.8376	0
9749SoOcn	 2	C	01/23/2016	16:30	  99.566	-39.563		   201.59	0	 12.0956	0	35.1686	0	26.691	0	221.8	0	82.4	0	05.02	0	8.0195	0	7.8388	0
9749SoOcn	 2	C	01/23/2016	16:30	  99.566	-39.563		   191.24	0	 12.0995	0	35.1689	0	26.69	0	221.8	0	82.4	0	04.97	0	8.0198	0	7.8388	0
9749SoOcn	 2	C	01/23/2016	16:30	  99.566	-39.563		   181.80	0	 12.1038	0	35.1681	0	26.689	0	221.9	0	82.5	0	04.95	0	8.0205	0	7.8392	0
9749SoOcn	 2	C	01/23/2016	16:30	  99.566	-39.563		   170.00	0	 12.1096	0	35.1654	0	26.685	0	222.1	0	82.5	0	04.98	0	8.0221	0	7.8404	0
9749SoOcn	 2	C	01/23/2016	16:30	  99.566	-39.563		   160.80	0	 12.0991	0	35.1572	0	26.681	0	222.4	0	82.6	0	04.61	0	8.0234	0	7.8411	0
9749SoOcn	 2	C	01/23/2016	16:30	  99.566	-39.563		   151.16	0	 12.1161	0	35.1515	0	26.673	0	222.9	0	82.9	0	04.33	0	8.0256	0	7.8431	0
9749SoOcn	 2	C	01/23/2016	16:30	  99.566	-39.563		   141.38	0	 12.2107	0	35.1543	0	26.657	0	223.3	0	83.2	0	03.89	0	8.0321	0	7.8501	0
9749SoOcn	 2	C	01/23/2016	16:30	  99.566	-39.563		   131.13	0	 12.5278	0	35.1654	0	26.606	0	224.5	0	84.2	0	03.10	0	8.0364	0	7.8583	0
9749SoOcn	 2	C	01/23/2016	16:30	  99.566	-39.563		   121.54	0	 12.8088	0	35.1622	0	26.55	0	225.7	0	85.1	0	02.55	0	8.0437	0	7.8688	0
9749SoOcn	 2	C	01/23/2016	16:30	  99.566	-39.563		   110.69	0	 12.9930	0	35.1701	0	26.52	0	228.6	0	86.5	0	02.01	0	8.0478	0	7.8749	0
9749SoOcn	 2	C	01/23/2016	16:30	  99.566	-39.563		   101.60	0	 13.1145	0	35.1681	0	26.495	0	231.2	0	87.8	0	01.86	0	8.0507	0	7.8790	0
9749SoOcn	 2	C	01/23/2016	16:30	  99.566	-39.563		    95.85	0	 13.1539	0	35.1628	0	26.483	0	232.9	0	88.5	0	01.72	0	8.0511	0	7.8797	0
9749SoOcn	 2	C	01/23/2016	16:30	  99.566	-39.563		    90.54	0	 13.2471	0	35.1600	0	26.462	0	233.7	0	88.9	0	01.76	0	8.0504	0	7.8803	0
9749SoOcn	 2	C	01/23/2016	16:30	  99.566	-39.563		    85.98	0	 13.4978	0	35.1633	0	26.415	0	232.7	0	89.0	0	01.70	0	8.0474	0	7.8811	0
9749SoOcn	 2	C	01/23/2016	16:30	  99.566	-39.563		    81.71	0	 14.0981	0	35.1742	0	26.302	0	228.3	0	88.4	0	01.28	0	8.0385	0	7.8817	0
9749SoOcn	 2	C	01/23/2016	16:30	  99.566	-39.563		    76.45	0	 14.6279	0	35.1805	0	26.197	0	222.9	0	87.3	0	01.21	0	8.0348	0	7.8859	0
9749SoOcn	 2	C	01/23/2016	16:30	  99.566	-39.563		    71.36	0	 15.0338	0	35.1955	0	26.123	0	219.0	0	86.4	0	00.95	0	8.0332	0	7.8902	0
9749SoOcn	 2	C	01/23/2016	16:30	  99.566	-39.563		    66.54	0	 15.1063	0	35.1973	0	26.109	0	218.8	0	86.5	0	00.75	0	8.0351	0	7.8929	0
9749SoOcn	 2	C	01/23/2016	16:30	  99.566	-39.563		    61.43	0	 15.1559	0	35.1953	0	26.096	0	219.4	0	86.8	0	00.63	0	8.0380	0	7.8962	0
9749SoOcn	 2	C	01/23/2016	16:30	  99.566	-39.563		    56.65	0	 15.2215	0	35.1950	0	26.082	0	220.1	0	87.2	0	00.62	0	8.0422	0	7.9007	0
9749SoOcn	 2	C	01/23/2016	16:30	  99.566	-39.563		    51.62	0	 15.6972	0	35.1754	0	25.961	0	219.9	0	87.9	0	00.13	0	8.0496	0	7.9145	0
9749SoOcn	 2	C	01/23/2016	16:30	  99.566	-39.563		    46.43	0	 15.8210	0	35.1816	0	25.939	0	222.3	0	89.1	0	-00.09	0	8.0516	0	7.9180	0
9749SoOcn	 2	C	01/23/2016	16:30	  99.566	-39.563		    41.50	0	 15.8246	0	35.1815	0	25.938	0	222.8	0	89.3	0	-00.05	0	8.0516	0	7.9179	0
9749SoOcn	 2	C	01/23/2016	16:30	  99.566	-39.563		    36.21	0	 15.8366	0	35.1824	0	25.936	0	223.4	0	89.6	0	-00.08	0	8.0532	0	7.9194	0
9749SoOcn	 2	C	01/23/2016	16:30	  99.566	-39.563		    31.69	0	 15.8543	0	35.1851	0	25.934	0	223.9	0	89.8	0	-00.02	0	8.0516	0	7.9180	0
9749SoOcn	 2	C	01/23/2016	16:30	  99.566	-39.563		    26.23	0	 15.8966	0	35.1891	0	25.928	0	224.4	0	90.1	0	-00.15	0	8.0505	0	7.9174	0
9749SoOcn	 2	C	01/23/2016	16:30	  99.566	-39.563		    21.65	0	 15.9800	0	35.1910	0	25.911	0	224.5	0	90.3	0	-00.21	0	8.0492	0	7.9173	0
9749SoOcn	 2	C	01/23/2016	16:30	  99.566	-39.563		    16.75	0	 16.0113	0	35.1923	0	25.905	0	224.5	0	90.3	0	-00.21	0	8.0482	0	7.9167	0
9749SoOcn	 2	C	01/23/2016	16:30	  99.566	-39.563		    11.60	0	 16.0533	0	35.1927	0	25.896	0	224.4	0	90.4	0	-00.34	0	8.0474	0	7.9164	0
9749SoOcn	 2	C	01/23/2016	16:30	  99.566	-39.563		     7.68	0	 16.2412	0	35.1927	0	25.853	0	223.6	0	90.4	0	-00.16	0	8.0479	0	7.9196	0
9749SoOcn	 2	C	01/23/2016	16:30	  99.566	-39.563																	
9749SoOcn	 3	C	02/03/2016	00:01	  99.610	-39.603		  1798.43	0	  2.5567	0	34.6547	0	27.616	0	152.7	0	45.4	0	31.35	0	7.8153	0	7.5690	0
9749SoOcn	 3	C	02/03/2016	00:01	  99.610	-39.603		  1700.07	0	  2.6335	0	34.6232	0	27.583	0	151.3	0	45.1	0	31.86	0	7.8120	0	7.5638	0
9749SoOcn	 3	C	02/03/2016	00:01	  99.610	-39.603		  1599.88	0	  2.7503	0	34.5874	0	27.542	0	147.3	0	44.0	0	32.53	0	7.8055	0	7.5562	0
9749SoOcn	 3	C	02/03/2016	00:01	  99.610	-39.603		  1499.64	0	  2.8623	0	34.5537	0	27.504	0	146.5	0	43.9	0	32.90	0	7.8036	0	7.5526	0
9749SoOcn	 3	C	02/03/2016	00:01	  99.610	-39.603		  1399.11	0	  2.9733	0	34.5251	0	27.469	0	147.0	0	44.2	0	33.06	0	7.8049	0	7.5520	0
9749SoOcn	 3	C	02/03/2016	00:01	  99.610	-39.603		  1298.74	0	  3.1484	0	34.4826	0	27.417	0	149.9	0	45.2	0	32.86	0	7.8098	0	7.5557	0
9749SoOcn	 3	C	02/03/2016	00:01	  99.610	-39.603		  1200.01	0	  3.3083	0	34.4502	0	27.374	0	153.9	0	46.6	0	32.63	0	7.8159	0	7.5602	0
9749SoOcn	 3	C	02/03/2016	00:01	  99.610	-39.603		  1100.02	0	  3.5796	0	34.4077	0	27.31	0	160.9	0	49.0	0	32.02	0	7.8278	0	7.5716	0
9749SoOcn	 3	C	02/03/2016	00:01	  99.610	-39.603		   999.68	0	  3.9129	0	34.3769	0	27.249	0	167.1	0	51.3	0	31.05	0	7.8420	0	7.5860	0
9749SoOcn	 3	C	02/03/2016	00:01	  99.610	-39.603		   951.13	0	  4.2026	0	34.3780	0	27.217	0	167.1	0	51.7	0	30.53	0	7.8413	0	7.5878	0
9749SoOcn	 3	C	02/03/2016	00:01	  99.610	-39.603		   901.57	0	  4.4443	0	34.3702	0	27.183	0	169.5	0	52.7	0	30.03	0	7.8476	0	7.5953	0
9749SoOcn	 3	C	02/03/2016	00:01	  99.610	-39.603		   851.82	0	  4.8078	0	34.3679	0	27.139	0	171.3	0	53.8	0	29.28	0	7.8526	0	7.6033	0
9749SoOcn	 3	C	02/03/2016	00:01	  99.610	-39.603		   800.90	0	  5.2194	0	34.3776	0	27.097	0	171.3	0	54.3	0	28.29	0	7.8565	0	7.6110	0
9749SoOcn	 3	C	02/03/2016	00:01	  99.610	-39.603		   751.07	0	  5.5177	0	34.3870	0	27.068	0	171.6	0	54.8	0	27.56	0	7.8605	0	7.6172	0
9749SoOcn	 3	C	02/03/2016	00:01	  99.610	-39.603		   701.02	0	  6.0901	0	34.4098	0	27.013	0	171.5	0	55.5	0	26.37	0	7.8668	0	7.6293	0
9749SoOcn	 3	C	02/03/2016	00:01	  99.610	-39.603		   651.67	0	  6.5783	0	34.4348	0	26.969	0	172.9	0	56.6	0	25.13	0	7.8734	0	7.6406	0
9749SoOcn	 3	C	02/03/2016	00:01	  99.610	-39.603		   601.64	0	  7.2234	0	34.4744	0	26.912	0	176.4	0	58.6	0	23.20	0	7.8862	0	7.6598	0
9749SoOcn	 3	C	02/03/2016	00:01	  99.610	-39.603		   550.88	0	  7.7652	0	34.5132	0	26.866	0	182.4	0	61.4	0	21.35	0	7.9004	0	7.6789	0
9749SoOcn	 3	C	02/03/2016	00:01	  99.610	-39.603		   501.64	0	  8.2622	0	34.5555	0	26.827	0	189.5	0	64.5	0	19.32	0	7.9151	0	7.6978	0
9749SoOcn	 3	C	02/03/2016	00:01	  99.610	-39.603		   450.98	0	  8.8437	0	34.6195	0	26.791	0	198.5	0	68.5	0	16.84	0	7.9341	0	7.7219	0
9749SoOcn	 3	C	02/03/2016	00:01	  99.610	-39.603		   400.27	0	  9.5565	0	34.7382	0	26.776	0	204.2	0	71.7	0	13.78	0	7.9578	0	7.7521	0
9749SoOcn	 3	C	02/03/2016	00:01	  99.610	-39.603		   381.14	0	  9.9548	0	34.8072	0	26.767	0	206.5	0	73.1	0	12.49	0	7.9671	0	7.7657	0
9749SoOcn	 3	C	02/03/2016	00:01	  99.610	-39.603		   361.17	0	 10.3004	0	34.8650	0	26.757	0	208.8	0	74.5	0	11.27	0	7.9710	0	7.7736	0
9749SoOcn	 3	C	02/03/2016	00:01	  99.610	-39.603		   351.38	0	 11.4075	0	35.0301	0	26.701	0	208.1	0	76.1	0	06.89	0	8.0114	0	7.8264	0
9749SoOcn	 3	C	02/03/2016	00:01	  99.610	-39.603		   341.39	0	 11.9734	0	35.1368	0	26.687	0	216.6	0	80.2	0	05.44	0	8.0113	0	7.8341	0
9749SoOcn	 3	C	02/03/2016	00:01	  99.610	-39.603		   331.53	0	 11.9931	0	35.1445	0	26.69	0	219.3	0	81.3	0	05.38	0	8.0119	0	7.8347	0
9749SoOcn	 3	C	02/03/2016	00:01	  99.610	-39.603		   321.51	0	 11.9935	0	35.1451	0	26.69	0	220.0	0	81.5	0	05.45	0	8.0119	0	7.8343	0
9749SoOcn	 3	C	02/03/2016	00:01	  99.610	-39.603		   310.77	0	 11.9927	0	35.1450	0	26.69	0	220.2	0	81.6	0	05.33	0	8.0131	0	7.8351	0
9749SoOcn	 3	C	02/03/2016	00:01	  99.610	-39.603		   301.11	0	 11.9911	0	35.1451	0	26.69	0	220.3	0	81.7	0	05.48	0	8.0114	0	7.8331	0
9749SoOcn	 3	C	02/03/2016	00:01	  99.610	-39.603		   291.19	0	 11.9909	0	35.1453	0	26.691	0	220.4	0	81.7	0	05.47	0	8.0128	0	7.8341	0
9749SoOcn	 3	C	02/03/2016	00:01	  99.610	-39.603		   281.73	0	 11.9888	0	35.1457	0	26.691	0	220.5	0	81.7	0	05.39	0	8.0128	0	7.8337	0
9749SoOcn	 3	C	02/03/2016	00:01	  99.610	-39.603		   270.74	0	 11.9883	0	35.1456	0	26.691	0	220.6	0	81.8	0	05.37	0	8.0144	0	7.8348	0
9749SoOcn	 3	C	02/03/2016	00:01	  99.610	-39.603		   261.35	0	 11.9878	0	35.1460	0	26.692	0	220.6	0	81.8	0	05.38	0	8.0139	0	7.8341	0
9749SoOcn	 3	C	02/03/2016	00:01	  99.610	-39.603		   251.34	0	 11.9865	0	35.1460	0	26.692	0	220.7	0	81.8	0	05.44	0	8.0143	0	7.8342	0
9749SoOcn	 3	C	02/03/2016	00:01	  99.610	-39.603		   240.90	0	 11.9846	0	35.1459	0	26.692	0	220.7	0	81.8	0	05.46	0	8.0151	0	7.8345	0
9749SoOcn	 3	C	02/03/2016	00:01	  99.610	-39.603		   231.65	0	 11.9835	0	35.1461	0	26.693	0	220.8	0	81.8	0	05.48	0	8.0153	0	7.8344	0
9749SoOcn	 3	C	02/03/2016	00:01	  99.610	-39.603		   218.76	0	 12.0360	0	35.1571	0	26.692	0	221.1	0	82.0	0	05.13	0	8.0169	0	7.8361	0
9749SoOcn	 3	C	02/03/2016	00:01	  99.610	-39.603		   209.45	0	 12.0609	0	35.1612	0	26.691	0	221.1	0	82.1	0	05.17	0	8.0178	0	7.8370	0
9749SoOcn	 3	C	02/03/2016	00:01	  99.610	-39.603		   201.63	0	 12.0604	0	35.1615	0	26.691	0	221.2	0	82.1	0	05.10	0	8.0186	0	7.8375	0
9749SoOcn	 3	C	02/03/2016	00:01	  99.610	-39.603		   190.53	0	 12.0860	0	35.1657	0	26.69	0	221.2	0	82.2	0	05.04	0	8.0182	0	7.8372	0
9749SoOcn	 3	C	02/03/2016	00:01	  99.610	-39.603		   180.90	0	 12.0890	0	35.1648	0	26.689	0	221.2	0	82.2	0	05.02	0	8.0187	0	7.8373	0
9749SoOcn	 3	C	02/03/2016	00:01	  99.610	-39.603		   171.43	0	 12.0997	0	35.1635	0	26.686	0	221.3	0	82.2	0	05.10	0	8.0194	0	7.8378	0
9749SoOcn	 3	C	02/03/2016	00:01	  99.610	-39.603		   161.72	0	 12.0958	0	35.1586	0	26.682	0	221.4	0	82.3	0	05.13	0	8.0209	0	7.8388	0
9749SoOcn	 3	C	02/03/2016	00:01	  99.610	-39.603		   150.39	0	 12.1001	0	35.1500	0	26.674	0	221.9	0	82.4	0	04.46	0	8.0216	0	7.8391	0
9749SoOcn	 3	C	02/03/2016	00:01	  99.610	-39.603		   140.34	0	 12.2265	0	35.1524	0	26.653	0	222.2	0	82.8	0	04.08	0	8.0270	0	7.8456	0
9749SoOcn	 3	C	02/03/2016	00:01	  99.610	-39.603		   130.85	0	 12.4195	0	35.1581	0	26.621	0	223.1	0	83.5	0	03.37	0	8.0351	0	7.8556	0
9749SoOcn	 3	C	02/03/2016	00:01	  99.610	-39.603		   121.32	0	 12.6618	0	35.1620	0	26.578	0	224.7	0	84.5	0	02.84	0	8.0377	0	7.8611	0
9749SoOcn	 3	C	02/03/2016	00:01	  99.610	-39.603		   110.83	0	 12.9719	0	35.1798	0	26.533	0	225.7	0	85.4	0	02.12	0	8.0408	0	7.8682	0
9749SoOcn	 3	C	02/03/2016	00:01	  99.610	-39.603		   101.13	0	 13.0580	0	35.1786	0	26.515	0	227.9	0	86.4	0	01.87	0	8.0454	0	7.8733	0
9749SoOcn	 3	C	02/03/2016	00:01	  99.610	-39.603		    95.13	0	 13.1184	0	35.1742	0	26.499	0	229.4	0	87.1	0	01.73	0	8.0494	0	7.8777	0
9749SoOcn	 3	C	02/03/2016	00:01	  99.610	-39.603		    89.60	0	 13.4344	0	35.1607	0	26.425	0	230.3	0	88.0	0	01.63	0	8.0435	0	7.8767	0
9749SoOcn	 3	C	02/03/2016	00:01	  99.610	-39.603		    85.07	0	 13.9198	0	35.1565	0	26.324	0	227.5	0	87.8	0	01.66	0	8.0390	0	7.8796	0
9749SoOcn	 3	C	02/03/2016	00:01	  99.610	-39.603		    80.83	0	 14.7166	0	35.1612	0	26.161	0	221.8	0	87.0	0	01.18	0	8.0330	0	7.8856	0
9749SoOcn	 3	C	02/03/2016	00:01	  99.610	-39.603		    76.19	0	 14.9714	0	35.1823	0	26.125	0	219.1	0	86.3	0	00.88	0	8.0314	0	7.8878	0
9749SoOcn	 3	C	02/03/2016	00:01	  99.610	-39.603		    71.86	0	 15.0578	0	35.1835	0	26.107	0	218.2	0	86.1	0	00.81	0	8.0330	0	7.8904	0
9749SoOcn	 3	C	02/03/2016	00:01	  99.610	-39.603		    66.95	0	 15.1528	0	35.1730	0	26.078	0	218.7	0	86.5	0	00.78	0	8.0353	0	7.8937	0
9749SoOcn	 3	C	02/03/2016	00:01	  99.610	-39.603		    61.90	0	 15.3533	0	35.1685	0	26.031	0	219.3	0	87.1	0	00.60	0	8.0396	0	7.9005	0
9749SoOcn	 3	C	02/03/2016	00:01	  99.610	-39.603		    56.51	0	 15.8211	0	35.1748	0	25.933	0	218.2	0	87.5	0	00.10	0	8.0500	0	7.9168	0
9749SoOcn	 3	C	02/03/2016	00:01	  99.610	-39.603		    51.51	0	 15.9749	0	35.1863	0	25.908	0	219.0	0	88.0	0	-00.03	0	8.0519	0	7.9207	0
9749SoOcn	 3	C	02/03/2016	00:01	  99.610	-39.603		    46.45	0	 16.0282	0	35.1976	0	25.906	0	219.5	0	88.3	0	-00.13	0	8.0513	0	7.9207	0
9749SoOcn	 3	C	02/03/2016	00:01	  99.610	-39.603		    41.83	0	 16.1258	0	35.2059	0	25.891	0	219.4	0	88.5	0	-00.37	0	8.0501	0	7.9210	0
9749SoOcn	 3	C	02/03/2016	00:01	  99.610	-39.603		    36.37	0	 16.1454	0	35.2074	0	25.888	0	219.5	0	88.6	0	-00.40	0	8.0510	0	7.9219	0
9749SoOcn	 3	C	02/03/2016	00:01	  99.610	-39.603		    32.12	0	 16.1432	0	35.2077	0	25.888	0	219.5	0	88.6	0	-00.33	0	8.0493	0	7.9202	0
9749SoOcn	 3	C	02/03/2016	00:01	  99.610	-39.603		    26.18	0	 16.1440	0	35.2080	0	25.888	0	219.5	0	88.6	0	-00.31	0	8.0459	0	7.9169	0
9749SoOcn	 3	C	02/03/2016	00:01	  99.610	-39.603		    21.49	0	 16.1434	0	35.2079	0	25.888	0	219.5	0	88.6	0	-00.27	0	8.0431	0	7.9141	0
9749SoOcn	 3	C	02/03/2016	00:01	  99.610	-39.603		    16.87	0	 16.1435	0	35.2079	0	25.888	0	219.6	0	88.6	0	-00.31	0	8.0441	0	7.9149	0
9749SoOcn	 3	C	02/03/2016	00:01	  99.610	-39.603		    11.09	0	 16.1434	0	35.2073	0	25.888	0	219.6	0	88.6	0	-00.26	0	8.0436	0	7.9143	0
9749SoOcn	 3	C	02/03/2016	00:01	  99.610	-39.603		     7.92	0	 16.1424	0	35.2078	0	25.889	0	219.6	0	88.6	0	-00.34	0	8.0485	0	7.9186	0
9749SoOcn	 3	C	02/03/2016	00:01	  99.610	-39.603																	
9749SoOcn	 4	C	02/13/2016	08:13	  99.781	-39.800		  1798.67	0	  2.5731	0	34.6488	0	27.61	0	152.2	0	45.3	0	31.56	0	7.8158	0	7.5697	0
9749SoOcn	 4	C	02/13/2016	08:13	  99.781	-39.800		  1699.46	0	  2.6260	0	34.6248	0	27.585	0	151.5	0	45.1	0	31.93	0	7.8150	0	7.5665	0
9749SoOcn	 4	C	02/13/2016	08:13	  99.781	-39.800		  1599.35	0	  2.7259	0	34.5936	0	27.55	0	148.6	0	44.4	0	32.49	0	7.8098	0	7.5597	0
9749SoOcn	 4	C	02/13/2016	08:13	  99.781	-39.800		  1498.73	0	  2.8515	0	34.5581	0	27.508	0	146.4	0	43.8	0	32.88	0	7.8046	0	7.5534	0
9749SoOcn	 4	C	02/13/2016	08:13	  99.781	-39.800		  1400.11	0	  2.9946	0	34.5163	0	27.46	0	147.8	0	44.4	0	33.09	0	7.8064	0	7.5538	0
9749SoOcn	 4	C	02/13/2016	08:13	  99.781	-39.800		  1298.47	0	  3.1686	0	34.4778	0	27.411	0	150.5	0	45.4	0	32.84	0	7.8115	0	7.5575	0
9749SoOcn	 4	C	02/13/2016	08:13	  99.781	-39.800		  1198.89	0	  3.3621	0	34.4412	0	27.361	0	154.9	0	46.9	0	32.47	0	7.8191	0	7.5639	0
9749SoOcn	 4	C	02/13/2016	08:13	  99.781	-39.800		  1099.18	0	  3.5642	0	34.4086	0	27.313	0	160.8	0	49.0	0	31.99	0	7.8293	0	7.5728	0
9749SoOcn	 4	C	02/13/2016	08:13	  99.781	-39.800		   999.85	0	  3.9682	0	34.3787	0	27.244	0	167.2	0	51.4	0	31.10	0	7.8419	0	7.5866	0
9749SoOcn	 4	C	02/13/2016	08:13	  99.781	-39.800		   950.94	0	  4.2951	0	34.3751	0	27.205	0	168.0	0	52.1	0	30.41	0	7.8451	0	7.5925	0
9749SoOcn	 4	C	02/13/2016	08:13	  99.781	-39.800		   901.53	0	  4.5328	0	34.3696	0	27.173	0	170.1	0	53.0	0	29.97	0	7.8494	0	7.5982	0
9749SoOcn	 4	C	02/13/2016	08:13	  99.781	-39.800		   851.63	0	  4.8565	0	34.3699	0	27.135	0	171.3	0	53.8	0	29.19	0	7.8536	0	7.6049	0
9749SoOcn	 4	C	02/13/2016	08:13	  99.781	-39.800		   800.96	0	  5.2468	0	34.3785	0	27.095	0	171.4	0	54.4	0	28.32	0	7.8580	0	7.6127	0
9749SoOcn	 4	C	02/13/2016	08:13	  99.781	-39.800		   751.27	0	  5.7473	0	34.3958	0	27.046	0	171.3	0	55.0	0	27.20	0	7.8634	0	7.6230	0
9749SoOcn	 4	C	02/13/2016	08:13	  99.781	-39.800		   700.76	0	  6.2650	0	34.4178	0	26.997	0	172.0	0	55.9	0	25.83	0	7.8700	0	7.6347	0
9749SoOcn	 4	C	02/13/2016	08:13	  99.781	-39.800		   651.39	0	  6.7527	0	34.4449	0	26.954	0	173.3	0	57.0	0	24.69	0	7.8759	0	7.6454	0
9749SoOcn	 4	C	02/13/2016	08:13	  99.781	-39.800		   601.10	0	  7.3703	0	34.4834	0	26.899	0	177.1	0	59.0	0	22.77	0	7.8899	0	7.6653	0
9749SoOcn	 4	C	02/13/2016	08:13	  99.781	-39.800		   551.78	0	  7.8807	0	34.5217	0	26.856	0	183.1	0	61.8	0	20.87	0	7.9043	0	7.6841	0
9749SoOcn	 4	C	02/13/2016	08:13	  99.781	-39.800		   501.75	0	  8.4208	0	34.5717	0	26.817	0	191.6	0	65.5	0	18.82	0	7.9181	0	7.7028	0
9749SoOcn	 4	C	02/13/2016	08:13	  99.781	-39.800		   450.79	0	  8.9611	0	34.6426	0	26.792	0	199.6	0	69.1	0	16.39	0	7.9413	0	7.7301	0
9749SoOcn	 4	C	02/13/2016	08:13	  99.781	-39.800		   401.41	0	  9.8855	0	34.7944	0	26.768	0	204.6	0	72.3	0	12.49	0	7.9653	0	7.7637	0
9749SoOcn	 4	C	02/13/2016	08:13	  99.781	-39.800		   380.61	0	 10.3226	0	34.8707	0	26.758	0	207.7	0	74.2	0	11.09	0	7.9746	0	7.7779	0
9749SoOcn	 4	C	02/13/2016	08:13	  99.781	-39.800		   360.63	0	 11.4144	0	35.0413	0	26.709	0	210.1	0	76.9	0	06.80	0	8.0151	0	7.8301	0
9749SoOcn	 4	C	02/13/2016	08:13	  99.781	-39.800		   350.65	0	 11.9774	0	35.1378	0	26.687	0	216.9	0	80.4	0	05.50	0	8.0098	0	7.8331	0
9749SoOcn	 4	C	02/13/2016	08:13	  99.781	-39.800		   341.44	0	 11.9811	0	35.1407	0	26.689	0	219.0	0	81.1	0	05.58	0	8.0107	0	7.8337	0
9749SoOcn	 4	C	02/13/2016	08:13	  99.781	-39.800		   331.49	0	 11.9783	0	35.1406	0	26.689	0	219.6	0	81.4	0	05.55	0	8.0104	0	7.8330	0
9749SoOcn	 4	C	02/13/2016	08:13	  99.781	-39.800		   321.53	0	 11.9754	0	35.1405	0	26.69	0	219.7	0	81.4	0	05.63	0	8.0112	0	7.8335	0
9749SoOcn	 4	C	02/13/2016	08:13	  99.781	-39.800		   311.43	0	 11.9780	0	35.1415	0	26.69	0	219.9	0	81.5	0	05.45	0	8.0122	0	7.8340	0
9749SoOcn	 4	C	02/13/2016	08:13	  99.781	-39.800		   301.52	0	 11.9781	0	35.1416	0	26.69	0	220.0	0	81.5	0	05.63	0	8.0114	0	7.8330	0
9749SoOcn	 4	C	02/13/2016	08:13	  99.781	-39.800		   290.75	0	 11.9777	0	35.1420	0	26.69	0	220.1	0	81.6	0	05.58	0	8.0126	0	7.8337	0
9749SoOcn	 4	C	02/13/2016	08:13	  99.781	-39.800		   280.93	0	 11.9766	0	35.1414	0	26.69	0	220.1	0	81.6	0	05.64	0	8.0123	0	7.8331	0
9749SoOcn	 4	C	02/13/2016	08:13	  99.781	-39.800		   271.28	0	 11.9745	0	35.1418	0	26.691	0	220.2	0	81.6	0	05.44	0	8.0126	0	7.8331	0
9749SoOcn	 4	C	02/13/2016	08:13	  99.781	-39.800		   261.53	0	 11.9750	0	35.1418	0	26.691	0	220.2	0	81.6	0	05.55	0	8.0134	0	7.8335	0
9749SoOcn	 4	C	02/13/2016	08:13	  99.781	-39.800		   251.47	0	 11.9737	0	35.1419	0	26.691	0	220.3	0	81.6	0	05.53	0	8.0137	0	7.8334	0
9749SoOcn	 4	C	02/13/2016	08:13	  99.781	-39.800		   241.70	0	 11.9702	0	35.1416	0	26.691	0	220.3	0	81.6	0	05.52	0	8.0149	0	7.8341	0
9749SoOcn	 4	C	02/13/2016	08:13	  99.781	-39.800		   230.99	0	 11.9702	0	35.1420	0	26.692	0	220.3	0	81.6	0	05.54	0	8.0158	0	7.8346	0
9749SoOcn	 4	C	02/13/2016	08:13	  99.781	-39.800		   220.91	0	 11.9757	0	35.1440	0	26.692	0	220.4	0	81.7	0	05.48	0	8.0158	0	7.8343	0
9749SoOcn	 4	C	02/13/2016	08:13	  99.781	-39.800		   211.69	0	 11.9841	0	35.1459	0	26.692	0	220.4	0	81.7	0	05.44	0	8.0162	0	7.8345	0
9749SoOcn	 4	C	02/13/2016	08:13	  99.781	-39.800		   201.40	0	 12.0120	0	35.1513	0	26.692	0	220.6	0	81.8	0	05.30	0	8.0189	0	7.8371	0
9749SoOcn	 4	C	02/13/2016	08:13	  99.781	-39.800		   191.27	0	 12.0449	0	35.1582	0	26.691	0	220.8	0	81.9	0	05.16	0	8.0204	0	7.8386	0
9749SoOcn	 4	C	02/13/2016	08:13	  99.781	-39.800		   179.34	0	 12.0703	0	35.1611	0	26.689	0	220.9	0	82.0	0	05.11	0	8.0197	0	7.8379	0
9749SoOcn	 4	C	02/13/2016	08:13	  99.781	-39.800		   171.17	0	 12.0901	0	35.1628	0	26.687	0	220.7	0	82.0	0	05.15	0	8.0198	0	7.8381	0
9749SoOcn	 4	C	02/13/2016	08:13	  99.781	-39.800		   160.59	0	 12.0782	0	35.1523	0	26.68	0	221.0	0	82.1	0	05.24	0	8.0206	0	7.8383	0
9749SoOcn	 4	C	02/13/2016	08:13	  99.781	-39.800		   150.71	0	 12.1302	0	35.1453	0	26.665	0	221.3	0	82.3	0	04.25	0	8.0235	0	7.8413	0
9749SoOcn	 4	C	02/13/2016	08:13	  99.781	-39.800		   141.00	0	 12.3124	0	35.1559	0	26.639	0	222.1	0	82.9	0	03.83	0	8.0293	0	7.8490	0
9749SoOcn	 4	C	02/13/2016	08:13	  99.781	-39.800		   130.77	0	 12.5356	0	35.1620	0	26.602	0	223.1	0	83.6	0	03.08	0	8.0365	0	7.8586	0
9749SoOcn	 4	C	02/13/2016	08:13	  99.781	-39.800		   120.74	0	 12.8221	0	35.1651	0	26.549	0	224.3	0	84.6	0	02.49	0	8.0417	0	7.8671	0
9749SoOcn	 4	C	02/13/2016	08:13	  99.781	-39.800		   111.10	0	 12.9602	0	35.1674	0	26.525	0	226.3	0	85.6	0	02.13	0	8.0460	0	7.8728	0
9749SoOcn	 4	C	02/13/2016	08:13	  99.781	-39.800		   101.37	0	 13.2241	0	35.1606	0	26.467	0	229.5	0	87.3	0	01.91	0	8.0461	0	7.8764	0
9749SoOcn	 4	C	02/13/2016	08:13	  99.781	-39.800		    96.48	0	 13.6116	0	35.1552	0	26.385	0	228.5	0	87.6	0	01.78	0	8.0413	0	7.8775	0
9749SoOcn	 4	C	02/13/2016	08:13	  99.781	-39.800		    91.95	0	 14.1743	0	35.1511	0	26.267	0	224.9	0	87.2	0	01.49	0	8.0363	0	7.8810	0
9749SoOcn	 4	C	02/13/2016	08:13	  99.781	-39.800		    86.38	0	 14.5692	0	35.1584	0	26.19	0	221.3	0	86.5	0	01.23	0	8.0330	0	7.8837	0
9749SoOcn	 4	C	02/13/2016	08:13	  99.781	-39.800		    81.40	0	 14.9201	0	35.1655	0	26.122	0	218.6	0	86.1	0	01.10	0	8.0333	0	7.8890	0
9749SoOcn	 4	C	02/13/2016	08:13	  99.781	-39.800		    76.43	0	 15.3066	0	35.1625	0	26.036	0	217.4	0	86.2	0	00.87	0	8.0331	0	7.8943	0
9749SoOcn	 4	C	02/13/2016	08:13	  99.781	-39.800		    72.17	0	 15.5227	0	35.1657	0	25.991	0	217.1	0	86.5	0	00.60	0	8.0374	0	7.9014	0
9749SoOcn	 4	C	02/13/2016	08:13	  99.781	-39.800		    66.33	0	 15.8714	0	35.1808	0	25.927	0	215.9	0	86.6	0	00.18	0	8.0467	0	7.9149	0
9749SoOcn	 4	C	02/13/2016	08:13	  99.781	-39.800		    61.72	0	 16.1169	0	35.1806	0	25.871	0	215.0	0	86.7	0	-00.18	0	8.0458	0	7.9175	0
9749SoOcn	 4	C	02/13/2016	08:13	  99.781	-39.800		    56.49	0	 16.2277	0	35.1794	0	25.845	0	214.6	0	86.7	0	-00.24	0	8.0482	0	7.9212	0
9749SoOcn	 4	C	02/13/2016	08:13	  99.781	-39.800		    51.55	0	 16.2678	0	35.1796	0	25.836	0	215.2	0	87.0	0	-00.34	0	8.0485	0	7.9220	0
9749SoOcn	 4	C	02/13/2016	08:13	  99.781	-39.800		    46.50	0	 16.4160	0	35.1866	0	25.808	0	215.7	0	87.5	0	-00.44	0	8.0515	0	7.9267	0
9749SoOcn	 4	C	02/13/2016	08:13	  99.781	-39.800		    41.55	0	 16.4446	0	35.1904	0	25.805	0	216.7	0	87.9	0	-00.45	0	8.0521	0	7.9275	0
9749SoOcn	 4	C	02/13/2016	08:13	  99.781	-39.800		    36.24	0	 16.4501	0	35.1912	0	25.805	0	217.2	0	88.2	0	-00.51	0	8.0505	0	7.9260	0
9749SoOcn	 4	C	02/13/2016	08:13	  99.781	-39.800		    31.71	0	 16.4596	0	35.1915	0	25.803	0	217.4	0	88.3	0	-00.51	0	8.0503	0	7.9258	0
9749SoOcn	 4	C	02/13/2016	08:13	  99.781	-39.800		    26.57	0	 16.4664	0	35.1921	0	25.802	0	217.8	0	88.4	0	-00.49	0	8.0513	0	7.9267	0
9749SoOcn	 4	C	02/13/2016	08:13	  99.781	-39.800		    21.76	0	 16.4738	0	35.1919	0	25.8	0	218.1	0	88.6	0	-00.50	0	8.0480	0	7.9235	0
9749SoOcn	 4	C	02/13/2016	08:13	  99.781	-39.800		    16.87	0	 16.4876	0	35.1927	0	25.797	0	218.4	0	88.7	0	-00.55	0	8.0477	0	7.9233	0
9749SoOcn	 4	C	02/13/2016	08:13	  99.781	-39.800		    11.60	0	 16.4980	0	35.1935	0	25.796	0	218.5	0	88.8	0	-00.54	0	8.0507	0	7.9261	0
9749SoOcn	 4	C	02/13/2016	08:13	  99.781	-39.800		     7.61	0	 16.5064	0	35.1934	0	25.794	0	218.6	0	88.8	0	-00.54	0	8.0542	0	7.9292	0
9749SoOcn	 4	C	02/13/2016	08:13	  99.781	-39.800																	
9749SoOcn	 5	C	02/23/2016	14:58	  99.788	-39.940		  1798.77	0	  2.5717	0	34.6534	0	27.613	0	150.8	0	44.9	0	31.69	0	7.8168	0	7.5706	0
9749SoOcn	 5	C	02/23/2016	14:58	  99.788	-39.940		  1700.15	0	  2.6486	0	34.6184	0	27.577	0	150.3	0	44.8	0	32.03	0	7.8126	0	7.5646	0
9749SoOcn	 5	C	02/23/2016	14:58	  99.788	-39.940		  1599.19	0	  2.7346	0	34.5871	0	27.543	0	149.0	0	44.5	0	32.58	0	7.8088	0	7.5590	0
9749SoOcn	 5	C	02/23/2016	14:58	  99.788	-39.940		  1498.93	0	  2.8577	0	34.5530	0	27.503	0	146.9	0	44.0	0	32.87	0	7.8070	0	7.5557	0
9749SoOcn	 5	C	02/23/2016	14:58	  99.788	-39.940		  1399.42	0	  3.0020	0	34.5150	0	27.458	0	147.8	0	44.4	0	33.06	0	7.8078	0	7.5551	0
9749SoOcn	 5	C	02/23/2016	14:58	  99.788	-39.940		  1299.13	0	  3.1533	0	34.4770	0	27.412	0	150.7	0	45.5	0	32.84	0	7.8108	0	7.5567	0
9749SoOcn	 5	C	02/23/2016	14:58	  99.788	-39.940		  1199.28	0	  3.3459	0	34.4412	0	27.362	0	155.4	0	47.1	0	32.54	0	7.8197	0	7.5642	0
9749SoOcn	 5	C	02/23/2016	14:58	  99.788	-39.940		  1099.41	0	  3.6026	0	34.4040	0	27.305	0	161.5	0	49.2	0	31.93	0	7.8294	0	7.5734	0
9749SoOcn	 5	C	02/23/2016	14:58	  99.788	-39.940		   998.88	0	  3.9508	0	34.3780	0	27.246	0	167.1	0	51.4	0	31.18	0	7.8420	0	7.5865	0
9749SoOcn	 5	C	02/23/2016	14:58	  99.788	-39.940		   950.76	0	  4.1731	0	34.3682	0	27.213	0	169.6	0	52.4	0	30.54	0	7.8443	0	7.5901	0
9749SoOcn	 5	C	02/23/2016	14:58	  99.788	-39.940		   901.39	0	  4.4459	0	34.3668	0	27.18	0	170.4	0	53.0	0	29.93	0	7.8494	0	7.5969	0
9749SoOcn	 5	C	02/23/2016	14:58	  99.788	-39.940		   850.94	0	  4.8117	0	34.3673	0	27.138	0	171.7	0	53.9	0	29.16	0	7.8555	0	7.6060	0
9749SoOcn	 5	C	02/23/2016	14:58	  99.788	-39.940		   801.00	0	  5.1990	0	34.3772	0	27.099	0	171.3	0	54.3	0	28.46	0	7.8573	0	7.6114	0
9749SoOcn	 5	C	02/23/2016	14:58	  99.788	-39.940		   750.65	0	  5.7159	0	34.3943	0	27.049	0	171.3	0	54.9	0	27.29	0	7.8627	0	7.6220	0
9749SoOcn	 5	C	02/23/2016	14:58	  99.788	-39.940		   701.20	0	  6.2372	0	34.4155	0	26.999	0	171.9	0	55.8	0	26.06	0	7.8717	0	7.6359	0
9749SoOcn	 5	C	02/23/2016	14:58	  99.788	-39.940		   651.24	0	  6.9193	0	34.4544	0	26.938	0	174.0	0	57.4	0	24.14	0	7.8788	0	7.6503	0
9749SoOcn	 5	C	02/23/2016	14:58	  99.788	-39.940		   599.53	0	  7.5868	0	34.4986	0	26.88	0	179.2	0	60.1	0	22.06	0	7.8945	0	7.6726	0
9749SoOcn	 5	C	02/23/2016	14:58	  99.788	-39.940		   551.65	0	  8.0986	0	34.5387	0	26.838	0	185.8	0	63.0	0	20.18	0	7.9111	0	7.6934	0
9749SoOcn	 5	C	02/23/2016	14:58	  99.788	-39.940		   500.70	0	  8.6506	0	34.5956	0	26.801	0	195.1	0	67.0	0	17.80	0	7.9272	0	7.7144	0
9749SoOcn	 5	C	02/23/2016	14:58	  99.788	-39.940		   450.93	0	  9.1292	0	34.6712	0	26.789	0	201.1	0	69.9	0	15.70	0	7.9431	0	7.7341	0
9749SoOcn	 5	C	02/23/2016	14:58	  99.788	-39.940		   401.65	0	 10.3553	0	34.8856	0	26.765	0	208.2	0	74.4	0	10.73	0	7.9772	0	7.7815	0
9749SoOcn	 5	C	02/23/2016	14:58	  99.788	-39.940		   381.06	0	 11.4858	0	35.0382	0	26.694	0	208.9	0	76.6	0	06.45	0	8.0125	0	7.8295	0
9749SoOcn	 5	C	02/23/2016	14:58	  99.788	-39.940		   361.12	0	 11.9609	0	35.1332	0	26.686	0	219.1	0	81.2	0	05.58	0	8.0088	0	7.8323	0
9749SoOcn	 5	C	02/23/2016	14:58	  99.788	-39.940		   351.30	0	 11.9600	0	35.1333	0	26.686	0	219.4	0	81.3	0	05.58	0	8.0096	0	7.8327	0
9749SoOcn	 5	C	02/23/2016	14:58	  99.788	-39.940		   341.28	0	 11.9608	0	35.1342	0	26.687	0	219.5	0	81.3	0	05.61	0	8.0092	0	7.8321	0
9749SoOcn	 5	C	02/23/2016	14:58	  99.788	-39.940		   331.03	0	 11.9593	0	35.1342	0	26.687	0	219.6	0	81.3	0	05.70	0	8.0100	0	7.8324	0
9749SoOcn	 5	C	02/23/2016	14:58	  99.788	-39.940		   321.10	0	 11.9567	0	35.1342	0	26.688	0	219.7	0	81.4	0	05.71	0	8.0093	0	7.8314	0
9749SoOcn	 5	C	02/23/2016	14:58	  99.788	-39.940		   311.34	0	 11.9548	0	35.1343	0	26.688	0	219.7	0	81.4	0	05.61	0	8.0099	0	7.8316	0
9749SoOcn	 5	C	02/23/2016	14:58	  99.788	-39.940		   301.16	0	 11.9540	0	35.1335	0	26.688	0	219.8	0	81.4	0	05.78	0	8.0105	0	7.8318	0
9749SoOcn	 5	C	02/23/2016	14:58	  99.788	-39.940		   290.93	0	 11.9515	0	35.1334	0	26.688	0	219.8	0	81.4	0	05.61	0	8.0108	0	7.8317	0
9749SoOcn	 5	C	02/23/2016	14:58	  99.788	-39.940		   280.99	0	 11.9503	0	35.1334	0	26.688	0	219.9	0	81.4	0	05.70	0	8.0125	0	7.8329	0
9749SoOcn	 5	C	02/23/2016	14:58	  99.788	-39.940		   271.08	0	 11.9488	0	35.1336	0	26.689	0	219.9	0	81.4	0	05.65	0	8.0115	0	7.8316	0
9749SoOcn	 5	C	02/23/2016	14:58	  99.788	-39.940		   261.47	0	 11.9477	0	35.1333	0	26.689	0	220.0	0	81.5	0	05.77	0	8.0122	0	7.8320	0
9749SoOcn	 5	C	02/23/2016	14:58	  99.788	-39.940		   251.29	0	 11.9460	0	35.1336	0	26.689	0	220.0	0	81.5	0	05.75	0	8.0133	0	7.8326	0
9749SoOcn	 5	C	02/23/2016	14:58	  99.788	-39.940		   241.67	0	 11.9465	0	35.1332	0	26.689	0	220.0	0	81.5	0	05.68	0	8.0136	0	7.8326	0
9749SoOcn	 5	C	02/23/2016	14:58	  99.788	-39.940		   231.30	0	 11.9453	0	35.1349	0	26.69	0	220.1	0	81.5	0	05.74	0	8.0139	0	7.8325	0
9749SoOcn	 5	C	02/23/2016	14:58	  99.788	-39.940		   221.07	0	 11.9459	0	35.1346	0	26.69	0	220.1	0	81.5	0	05.72	0	8.0147	0	7.8329	0
9749SoOcn	 5	C	02/23/2016	14:58	  99.788	-39.940		   209.95	0	 11.9454	0	35.1348	0	26.69	0	220.1	0	81.5	0	05.63	0	8.0153	0	7.8331	0
9749SoOcn	 5	C	02/23/2016	14:58	  99.788	-39.940		   200.97	0	 11.9706	0	35.1400	0	26.69	0	220.2	0	81.6	0	05.54	0	8.0178	0	7.8354	0
9749SoOcn	 5	C	02/23/2016	14:58	  99.788	-39.940		   190.67	0	 12.0182	0	35.1495	0	26.689	0	220.5	0	81.8	0	05.41	0	8.0186	0	7.8365	0
9749SoOcn	 5	C	02/23/2016	14:58	  99.788	-39.940		   180.58	0	 12.0431	0	35.1546	0	26.689	0	220.5	0	81.8	0	05.26	0	8.0209	0	7.8386	0
9749SoOcn	 5	C	02/23/2016	14:58	  99.788	-39.940		   171.21	0	 12.0405	0	35.1514	0	26.687	0	220.7	0	81.9	0	05.36	0	8.0204	0	7.8379	0
9749SoOcn	 5	C	02/23/2016	14:58	  99.788	-39.940		   160.67	0	 12.0493	0	35.1490	0	26.683	0	220.8	0	81.9	0	05.40	0	8.0207	0	7.8379	0
9749SoOcn	 5	C	02/23/2016	14:58	  99.788	-39.940		   150.76	0	 12.0186	0	35.1316	0	26.674	0	221.0	0	82.0	0	05.50	0	8.0225	0	7.8388	0
9749SoOcn	 5	C	02/23/2016	14:58	  99.788	-39.940		   141.79	0	 12.1602	0	35.1425	0	26.657	0	220.8	0	82.1	0	04.31	0	8.0263	0	7.8441	0
9749SoOcn	 5	C	02/23/2016	14:58	  99.788	-39.940		   131.48	0	 12.4633	0	35.1577	0	26.612	0	222.0	0	83.1	0	03.28	0	8.0346	0	7.8557	0
9749SoOcn	 5	C	02/23/2016	14:58	  99.788	-39.940		   121.09	0	 12.7752	0	35.1633	0	26.557	0	223.9	0	84.4	0	02.62	0	8.0383	0	7.8633	0
9749SoOcn	 5	C	02/23/2016	14:58	  99.788	-39.940		   110.91	0	 12.9867	0	35.1681	0	26.52	0	225.4	0	85.3	0	02.16	0	8.0442	0	7.8715	0
9749SoOcn	 5	C	02/23/2016	14:58	  99.788	-39.940		   101.68	0	 13.0868	0	35.1637	0	26.497	0	227.9	0	86.4	0	01.91	0	8.0447	0	7.8731	0
9749SoOcn	 5	C	02/23/2016	14:58	  99.788	-39.940		    94.54	0	 13.3859	0	35.1499	0	26.426	0	228.1	0	87.1	0	01.93	0	8.0420	0	7.8748	0
9749SoOcn	 5	C	02/23/2016	14:58	  99.788	-39.940		    88.19	0	 13.8203	0	35.1473	0	26.336	0	225.8	0	86.9	0	01.73	0	8.0368	0	7.8762	0
9749SoOcn	 5	C	02/23/2016	14:58	  99.788	-39.940		    83.12	0	 14.1759	0	35.1584	0	26.272	0	223.1	0	86.5	0	01.58	0	8.0343	0	7.8790	0
9749SoOcn	 5	C	02/23/2016	14:58	  99.788	-39.940		    79.70	0	 14.3441	0	35.1469	0	26.228	0	222.1	0	86.4	0	01.54	0	8.0369	0	7.8838	0
9749SoOcn	 5	C	02/23/2016	14:58	  99.788	-39.940		    77.06	0	 14.7389	0	35.1548	0	26.151	0	219.5	0	86.1	0	01.15	0	8.0320	0	7.8849	0
9749SoOcn	 5	C	02/23/2016	14:58	  99.788	-39.940		    71.69	0	 15.7849	0	35.1659	0	25.933	0	214.3	0	85.8	0	00.26	0	8.0420	0	7.9094	0
9749SoOcn	 5	C	02/23/2016	14:58	  99.788	-39.940		    66.96	0	 16.1348	0	35.1692	0	25.858	0	213.4	0	86.1	0	00.02	0	8.0434	0	7.9158	0
9749SoOcn	 5	C	02/23/2016	14:58	  99.788	-39.940		    61.30	0	 16.2774	0	35.1699	0	25.826	0	213.7	0	86.4	0	-00.07	0	8.0424	0	7.9168	0
9749SoOcn	 5	C	02/23/2016	14:58	  99.788	-39.940		    56.78	0	 16.3280	0	35.1690	0	25.814	0	214.0	0	86.6	0	-00.04	0	8.0441	0	7.9189	0
9749SoOcn	 5	C	02/23/2016	14:58	  99.788	-39.940		    51.83	0	 16.3479	0	35.1696	0	25.81	0	214.4	0	86.8	0	-00.02	0	8.0438	0	7.9188	0
9749SoOcn	 5	C	02/23/2016	14:58	  99.788	-39.940		    46.40	0	 16.3979	0	35.1670	0	25.796	0	214.8	0	87.1	0	-00.21	0	8.0474	0	7.9227	0
9749SoOcn	 5	C	02/23/2016	14:58	  99.788	-39.940		    41.39	0	 16.4346	0	35.1658	0	25.787	0	216.1	0	87.6	0	-00.04	0	8.0472	0	7.9229	0
9749SoOcn	 5	C	02/23/2016	14:58	  99.788	-39.940		    36.88	0	 16.4332	0	35.1654	0	25.787	0	216.7	0	87.9	0	-00.05	0	8.0452	0	7.9209	0
9749SoOcn	 5	C	02/23/2016	14:58	  99.788	-39.940		    31.99	0	 16.4338	0	35.1650	0	25.786	0	216.9	0	88.0	0	-00.11	0	8.0435	0	7.9192	0
9749SoOcn	 5	C	02/23/2016	14:58	  99.788	-39.940		    26.63	0	 16.4370	0	35.1660	0	25.786	0	216.8	0	88.0	0	00.02	0	8.0429	0	7.9185	0
9749SoOcn	 5	C	02/23/2016	14:58	  99.788	-39.940		    21.60	0	 16.4364	0	35.1659	0	25.786	0	216.8	0	88.0	0	00.05	0	8.0401	0	7.9157	0
9749SoOcn	 5	C	02/23/2016	14:58	  99.788	-39.940		    16.39	0	 16.4350	0	35.1650	0	25.786	0	216.8	0	88.0	0	-00.05	0	8.0382	0	7.9138	0
9749SoOcn	 5	C	02/23/2016	14:58	  99.788	-39.940		    11.46	0	 16.4342	0	35.1652	0	25.786	0	216.9	0	88.0	0	-00.03	0	8.0401	0	7.9154	0
9749SoOcn	 5	C	02/23/2016	14:58	  99.788	-39.940		     7.82	0	 16.4322	0	35.1654	0	25.787	0	217.0	0	88.0	0	-00.04	0	8.0439	0	7.9187	0
9749SoOcn	 5	C	02/23/2016	14:58	  99.788	-39.940																	
9749SoOcn	 6	C	03/04/2016	21:48	  99.663	-39.987		  1799.03	0	  2.5664	0	34.6546	0	27.615	0	151.4	0	45.1	0	31.62	0	7.8199	0	7.5734	0
9749SoOcn	 6	C	03/04/2016	21:48	  99.663	-39.987		  1699.01	0	  2.6375	0	34.6204	0	27.58	0	151.0	0	45.0	0	32.04	0	7.8143	0	7.5659	0
9749SoOcn	 6	C	03/04/2016	21:48	  99.663	-39.987		  1598.82	0	  2.7339	0	34.5888	0	27.545	0	148.4	0	44.3	0	32.55	0	7.8102	0	7.5602	0
9749SoOcn	 6	C	03/04/2016	21:48	  99.663	-39.987		  1499.02	0	  2.8680	0	34.5520	0	27.502	0	146.6	0	43.9	0	32.95	0	7.8073	0	7.5561	0
9749SoOcn	 6	C	03/04/2016	21:48	  99.663	-39.987		  1399.22	0	  2.9778	0	34.5204	0	27.465	0	147.4	0	44.3	0	33.00	0	7.8084	0	7.5553	0
9749SoOcn	 6	C	03/04/2016	21:48	  99.663	-39.987		  1298.91	0	  3.1306	0	34.4863	0	27.421	0	149.7	0	45.1	0	32.95	0	7.8112	0	7.5568	0
9749SoOcn	 6	C	03/04/2016	21:48	  99.663	-39.987		  1198.87	0	  3.3453	0	34.4430	0	27.364	0	154.7	0	46.9	0	32.58	0	7.8204	0	7.5649	0
9749SoOcn	 6	C	03/04/2016	21:48	  99.663	-39.987		  1099.69	0	  3.6026	0	34.4029	0	27.304	0	161.7	0	49.3	0	31.95	0	7.8311	0	7.5750	0
9749SoOcn	 6	C	03/04/2016	21:48	  99.663	-39.987		   999.48	0	  3.9002	0	34.3790	0	27.252	0	166.6	0	51.2	0	31.12	0	7.8423	0	7.5861	0
9749SoOcn	 6	C	03/04/2016	21:48	  99.663	-39.987		   951.12	0	  4.1484	0	34.3683	0	27.216	0	169.2	0	52.2	0	30.68	0	7.8469	0	7.5922	0
9749SoOcn	 6	C	03/04/2016	21:48	  99.663	-39.987		   901.29	0	  4.5441	0	34.3666	0	27.169	0	170.6	0	53.2	0	29.87	0	7.8512	0	7.6000	0
9749SoOcn	 6	C	03/04/2016	21:48	  99.663	-39.987		   850.88	0	  4.8903	0	34.3706	0	27.131	0	171.0	0	53.8	0	29.19	0	7.8558	0	7.6074	0
9749SoOcn	 6	C	03/04/2016	21:48	  99.663	-39.987		   801.16	0	  5.1822	0	34.3774	0	27.102	0	170.9	0	54.1	0	28.61	0	7.8590	0	7.6127	0
9749SoOcn	 6	C	03/04/2016	21:48	  99.663	-39.987		   751.00	0	  5.6469	0	34.3923	0	27.056	0	171.1	0	54.8	0	27.44	0	7.8634	0	7.6216	0
9749SoOcn	 6	C	03/04/2016	21:48	  99.663	-39.987		   701.12	0	  6.2240	0	34.4156	0	27.001	0	171.4	0	55.6	0	26.12	0	7.8694	0	7.6336	0
9749SoOcn	 6	C	03/04/2016	21:48	  99.663	-39.987		   651.02	0	  6.7548	0	34.4454	0	26.954	0	173.3	0	57.0	0	24.77	0	7.8770	0	7.6464	0
9749SoOcn	 6	C	03/04/2016	21:48	  99.663	-39.987		   600.98	0	  7.3870	0	34.4860	0	26.899	0	177.2	0	59.1	0	22.75	0	7.8915	0	7.6670	0
9749SoOcn	 6	C	03/04/2016	21:48	  99.663	-39.987		   551.16	0	  7.8211	0	34.5175	0	26.862	0	182.9	0	61.6	0	21.30	0	7.9040	0	7.6830	0
9749SoOcn	 6	C	03/04/2016	21:48	  99.663	-39.987		   500.44	0	  8.4218	0	34.5720	0	26.817	0	191.6	0	65.5	0	18.81	0	7.9227	0	7.7070	0
9749SoOcn	 6	C	03/04/2016	21:48	  99.663	-39.987		   451.41	0	  8.9372	0	34.6379	0	26.791	0	198.9	0	68.8	0	16.38	0	7.9400	0	7.7286	0
9749SoOcn	 6	C	03/04/2016	21:48	  99.663	-39.987		   401.37	0	  9.6733	0	34.7595	0	26.774	0	203.7	0	71.7	0	13.65	0	7.9568	0	7.7529	0
9749SoOcn	 6	C	03/04/2016	21:48	  99.663	-39.987		   381.22	0	 10.0711	0	34.8256	0	26.763	0	204.9	0	72.8	0	12.28	0	7.9679	0	7.7681	0
9749SoOcn	 6	C	03/04/2016	21:48	  99.663	-39.987		   361.61	0	 10.2917	0	34.8616	0	26.756	0	207.6	0	74.1	0	11.52	0	7.9713	0	7.7738	0
9749SoOcn	 6	C	03/04/2016	21:48	  99.663	-39.987		   350.70	0	 10.5798	0	34.9036	0	26.742	0	207.5	0	74.5	0	10.22	0	7.9953	0	7.7996	0
9749SoOcn	 6	C	03/04/2016	21:48	  99.663	-39.987		   341.56	0	 11.6338	0	35.0697	0	26.693	0	210.3	0	77.3	0	06.45	0	8.0127	0	7.8305	0
9749SoOcn	 6	C	03/04/2016	21:48	  99.663	-39.987		   331.66	0	 11.9829	0	35.1414	0	26.689	0	216.5	0	80.2	0	05.63	0	8.0113	0	7.8340	0
9749SoOcn	 6	C	03/04/2016	21:48	  99.663	-39.987		   321.45	0	 11.9814	0	35.1421	0	26.69	0	218.2	0	80.9	0	05.69	0	8.0113	0	7.8336	0
9749SoOcn	 6	C	03/04/2016	21:48	  99.663	-39.987		   311.69	0	 11.9812	0	35.1424	0	26.69	0	218.6	0	81.0	0	05.61	0	8.0116	0	7.8335	0
9749SoOcn	 6	C	03/04/2016	21:48	  99.663	-39.987		   301.12	0	 11.9800	0	35.1419	0	26.69	0	218.8	0	81.1	0	05.58	0	8.0130	0	7.8344	0
9749SoOcn	 6	C	03/04/2016	21:48	  99.663	-39.987		   291.61	0	 11.9780	0	35.1425	0	26.691	0	219.0	0	81.2	0	05.64	0	8.0119	0	7.8331	0
9749SoOcn	 6	C	03/04/2016	21:48	  99.663	-39.987		   280.99	0	 11.9762	0	35.1422	0	26.691	0	219.0	0	81.2	0	05.73	0	8.0127	0	7.8335	0
9749SoOcn	 6	C	03/04/2016	21:48	  99.663	-39.987		   270.83	0	 11.9762	0	35.1419	0	26.691	0	219.1	0	81.2	0	05.60	0	8.0131	0	7.8335	0
9749SoOcn	 6	C	03/04/2016	21:48	  99.663	-39.987		   261.40	0	 12.0148	0	35.1502	0	26.69	0	219.2	0	81.3	0	05.46	0	8.0143	0	7.8348	0
9749SoOcn	 6	C	03/04/2016	21:48	  99.663	-39.987		   251.19	0	 12.0153	0	35.1502	0	26.69	0	219.4	0	81.4	0	05.50	0	8.0158	0	7.8359	0
9749SoOcn	 6	C	03/04/2016	21:48	  99.663	-39.987		   240.80	0	 12.0484	0	35.1565	0	26.689	0	219.5	0	81.5	0	05.39	0	8.0147	0	7.8350	0
9749SoOcn	 6	C	03/04/2016	21:48	  99.663	-39.987		   231.57	0	 12.0460	0	35.1569	0	26.69	0	219.6	0	81.5	0	05.44	0	8.0170	0	7.8368	0
9749SoOcn	 6	C	03/04/2016	21:48	  99.663	-39.987		   220.96	0	 12.0802	0	35.1630	0	26.689	0	219.6	0	81.6	0	05.35	0	8.0159	0	7.8359	0
9749SoOcn	 6	C	03/04/2016	21:48	  99.663	-39.987		   211.06	0	 12.0916	0	35.1654	0	26.689	0	219.7	0	81.6	0	05.21	0	8.0169	0	7.8367	0
9749SoOcn	 6	C	03/04/2016	21:48	  99.663	-39.987		   201.55	0	 12.0929	0	35.1638	0	26.687	0	219.7	0	81.6	0	05.18	0	8.0185	0	7.8379	0
9749SoOcn	 6	C	03/04/2016	21:48	  99.663	-39.987		   191.68	0	 12.0950	0	35.1605	0	26.684	0	219.7	0	81.6	0	05.35	0	8.0180	0	7.8371	0
9749SoOcn	 6	C	03/04/2016	21:48	  99.663	-39.987		   181.29	0	 12.1076	0	35.1550	0	26.677	0	219.8	0	81.7	0	05.29	0	8.0176	0	7.8366	0
9749SoOcn	 6	C	03/04/2016	21:48	  99.663	-39.987		   170.76	0	 12.1637	0	35.1515	0	26.664	0	219.9	0	81.8	0	04.75	0	8.0207	0	7.8399	0
9749SoOcn	 6	C	03/04/2016	21:48	  99.663	-39.987		   161.45	0	 12.2822	0	35.1563	0	26.645	0	220.3	0	82.2	0	04.15	0	8.0240	0	7.8444	0
9749SoOcn	 6	C	03/04/2016	21:48	  99.663	-39.987		   151.64	0	 12.5506	0	35.1653	0	26.602	0	220.5	0	82.7	0	03.48	0	8.0271	0	7.8508	0
9749SoOcn	 6	C	03/04/2016	21:48	  99.663	-39.987		   140.85	0	 12.8526	0	35.1716	0	26.549	0	221.8	0	83.7	0	02.49	0	8.0364	0	7.8634	0
9749SoOcn	 6	C	03/04/2016	21:48	  99.663	-39.987		   130.93	0	 12.9975	0	35.1753	0	26.524	0	223.9	0	84.8	0	02.08	0	8.0422	0	7.8705	0
9749SoOcn	 6	C	03/04/2016	21:48	  99.663	-39.987		   121.22	0	 13.1086	0	35.1689	0	26.497	0	226.5	0	86.0	0	01.86	0	8.0433	0	7.8728	0
9749SoOcn	 6	C	03/04/2016	21:48	  99.663	-39.987		   110.92	0	 13.4802	0	35.1630	0	26.418	0	226.8	0	86.7	0	01.62	0	8.0399	0	7.8748	0
9749SoOcn	 6	C	03/04/2016	21:48	  99.663	-39.987		   101.70	0	 14.0074	0	35.1658	0	26.313	0	222.8	0	86.1	0	01.41	0	8.0335	0	7.8764	0
9749SoOcn	 6	C	03/04/2016	21:48	  99.663	-39.987		    96.24	0	 14.3526	0	35.1668	0	26.243	0	219.6	0	85.5	0	01.36	0	8.0319	0	7.8798	0
9749SoOcn	 6	C	03/04/2016	21:48	  99.663	-39.987		    91.61	0	 14.6789	0	35.1674	0	26.175	0	217.0	0	85.0	0	01.15	0	8.0296	0	7.8823	0
9749SoOcn	 6	C	03/04/2016	21:48	  99.663	-39.987		    86.80	0	 15.1698	0	35.1747	0	26.076	0	213.4	0	84.4	0	00.90	0	8.0279	0	7.8879	0
9749SoOcn	 6	C	03/04/2016	21:48	  99.663	-39.987		    81.88	0	 15.6363	0	35.1700	0	25.97	0	211.5	0	84.4	0	00.39	0	8.0442	0	7.9096	0
9749SoOcn	 6	C	03/04/2016	21:48	  99.663	-39.987		    76.48	0	 16.2303	0	35.1733	0	25.839	0	210.1	0	84.9	0	-00.18	0	8.0483	0	7.9220	0
9749SoOcn	 6	C	03/04/2016	21:48	  99.663	-39.987		    71.31	0	 16.3242	0	35.1758	0	25.82	0	211.2	0	85.5	0	-00.27	0	8.0499	0	7.9247	0
9749SoOcn	 6	C	03/04/2016	21:48	  99.663	-39.987		    66.88	0	 16.3533	0	35.1769	0	25.815	0	211.7	0	85.8	0	-00.34	0	8.0491	0	7.9243	0
9749SoOcn	 6	C	03/04/2016	21:48	  99.663	-39.987		    62.07	0	 16.3671	0	35.1772	0	25.812	0	211.9	0	85.8	0	-00.34	0	8.0486	0	7.9239	0
9749SoOcn	 6	C	03/04/2016	21:48	  99.663	-39.987		    56.44	0	 16.3957	0	35.1780	0	25.806	0	212.2	0	86.0	0	-00.40	0	8.0510	0	7.9263	0
9749SoOcn	 6	C	03/04/2016	21:48	  99.663	-39.987		    51.59	0	 16.4201	0	35.1787	0	25.801	0	212.4	0	86.2	0	-00.38	0	8.0493	0	7.9249	0
9749SoOcn	 6	C	03/04/2016	21:48	  99.663	-39.987		    46.52	0	 16.4433	0	35.1799	0	25.797	0	212.8	0	86.3	0	-00.50	0	8.0483	0	7.9242	0
9749SoOcn	 6	C	03/04/2016	21:48	  99.663	-39.987		    41.51	0	 16.4508	0	35.1803	0	25.795	0	213.1	0	86.5	0	-00.43	0	8.0482	0	7.9241	0
9749SoOcn	 6	C	03/04/2016	21:48	  99.663	-39.987		    36.96	0	 16.4553	0	35.1802	0	25.794	0	213.1	0	86.5	0	-00.43	0	8.0478	0	7.9236	0
9749SoOcn	 6	C	03/04/2016	21:48	  99.663	-39.987		    31.61	0	 16.4616	0	35.1805	0	25.793	0	213.3	0	86.6	0	-00.45	0	8.0482	0	7.9239	0
9749SoOcn	 6	C	03/04/2016	21:48	  99.663	-39.987		    26.41	0	 16.4647	0	35.1808	0	25.792	0	213.4	0	86.6	0	-00.44	0	8.0446	0	7.9205	0
9749SoOcn	 6	C	03/04/2016	21:48	  99.663	-39.987		    21.33	0	 16.4706	0	35.1806	0	25.791	0	213.7	0	86.8	0	-00.40	0	8.0434	0	7.9193	0
9749SoOcn	 6	C	03/04/2016	21:48	  99.663	-39.987		    16.76	0	 16.4819	0	35.1810	0	25.789	0	213.8	0	86.8	0	-00.37	0	8.0451	0	7.9209	0
9749SoOcn	 6	C	03/04/2016	21:48	  99.663	-39.987		    11.36	0	 16.5651	0	35.1824	0	25.771	0	213.4	0	86.8	0	-00.47	0	8.0418	0	7.9189	0
9749SoOcn	 6	C	03/04/2016	21:48	  99.663	-39.987		     7.87	0	 16.5679	0	35.1818	0	25.77	0	213.3	0	86.8	0	-00.39	0	8.0446	0	7.9214	0
9749SoOcn	 6	C	03/04/2016	21:48	  99.663	-39.987																	
