//0																													
Cruise	Station	Type	mon/day/yr	hh:mm	Lon [°E]	Lat [°N]	Bot. Depth[m]	Depth[m]	QF	Temperature[°C]	QF	Salinity	QF	Density	QF	Oxygen[µM]	QF	OxygenSat[%]	QF	Nitrate[µM]	QF	Chlorophyll[µg/l]	QF	BackScatter[/m/sr]	QF	pHinsitu[Total]	QF	pH25C[Total]	QF
9757SoOcn	 1	C	01/19/2016	04:04	  78.823	-49.765		  1997.28	0	  1.8555	0	34.7495	0	27.758	0	163.8	0	47.9	0	33.08	0	0.01	0	0.000085	0	7.8313	0	7.5806	0
9757SoOcn	 1	C	01/19/2016	04:04	  78.823	-49.765		  1898.42	0	  1.9585	0	34.7491	0	27.749	0	162.0	0	47.5	0	33.24	0	0.01	0	0.000088	0	7.8299	0	7.5774	0
9757SoOcn	 1	C	01/19/2016	04:04	  78.823	-49.765		  1798.49	0	  2.0108	0	34.7474	0	27.743	0	161.1	0	47.3	0	33.36	0	0.01	0	0.000088	0	7.8309	0	7.5758	0
9757SoOcn	 1	C	01/19/2016	04:04	  78.823	-49.765		  1698.91	0	  2.0713	0	34.7409	0	27.732	0	158.9	0	46.7	0	33.75	0	0.01	0	0.000086	0	7.8276	0	7.5703	0
9757SoOcn	 1	C	01/19/2016	04:04	  78.823	-49.765		  1599.52	0	  2.1179	0	34.7321	0	27.72	0	156.8	0	46.2	0	34.09	0	0.02	0	0.000086	0	7.8215	0	7.5621	0
9757SoOcn	 1	C	01/19/2016	04:04	  78.823	-49.765		  1498.91	0	  2.1486	0	34.7206	0	27.708	0	154.3	0	45.5	0	34.50	0	0.01	0	0.000085	0	7.8159	0	7.5541	0
9757SoOcn	 1	C	01/19/2016	04:04	  78.823	-49.765		  1399.06	0	  2.2033	0	34.7057	0	27.691	0	151.5	0	44.7	0	35.07	0	0.02	0	0.000089	0	7.8076	0	7.5439	0
9757SoOcn	 1	C	01/19/2016	04:04	  78.823	-49.765		  1299.42	0	  2.2514	0	34.6893	0	27.673	0	149.0	0	44.0	0	35.57	0	0.01	0	0.000094	0	7.8030	0	7.5371	0
9757SoOcn	 1	C	01/19/2016	04:04	  78.823	-49.765		  1198.82	0	  2.3274	0	34.6755	0	27.655	0	147.8	0	43.7	0	35.83	0	0.01	0	0.000093	0	7.8007	0	7.5327	0
9757SoOcn	 1	C	01/19/2016	04:04	  78.823	-49.765		  1096.49	0	  2.3500	0	34.6519	0	27.633	0	145.6	0	43.1	0	36.33	0	0.01	0	0.000104	0	7.7948	0	7.5243	0
9757SoOcn	 1	C	01/19/2016	04:04	  78.823	-49.765		   999.46	0	  2.3890	0	34.6167	0	27.601	0	143.6	0	42.5	0	37.15	0	0.01	0	0.000094	0	7.7876	0	7.5150	0
9757SoOcn	 1	C	01/19/2016	04:04	  78.823	-49.765		   951.48	0	  2.4144	0	34.6032	0	27.588	0	143.0	0	42.4	0	37.38	0	0.02	0	0.000098	0	7.7501	0	7.4794	0
9757SoOcn	 1	C	01/19/2016	04:04	  78.823	-49.765		   901.59	0	  2.3793	0	34.5775	0	27.57	0	142.6	0	42.2	0	38.01	0	0.01	0	0.000106	0	7.7455	0	7.4731	0
9757SoOcn	 1	C	01/19/2016	04:04	  78.823	-49.765		   851.63	0	  2.3940	0	34.5508	0	27.547	0	142.5	0	42.2	0	38.38	0	0.01	0	0.000098	0	7.7472	0	7.4732	0
9757SoOcn	 1	C	01/19/2016	04:04	  78.823	-49.765		   801.44	0	  2.4324	0	34.5353	0	27.531	0	142.9	0	42.4	0	38.65	0	0.01	0	0.000107	0	7.7469	0	7.4719	0
9757SoOcn	 1	C	01/19/2016	04:04	  78.823	-49.765		   751.53	0	  2.4319	0	34.5005	0	27.502	0	144.3	0	42.8	0	38.99	0	0.01	0	0.000106	0	7.7466	0	7.4699	0
9757SoOcn	 1	C	01/19/2016	04:04	  78.823	-49.765		   701.39	0	  2.4427	0	34.4692	0	27.476	0	146.5	0	43.4	0	39.21	0	0.02	0	0.000103	0	7.7488	0	7.4704	0
9757SoOcn	 1	C	01/19/2016	04:04	  78.823	-49.765		   651.61	0	  2.4584	0	34.4377	0	27.448	0	149.0	0	44.1	0	39.40	0	0.01	0	0.000107	0	7.7504	0	7.4705	0
9757SoOcn	 1	C	01/19/2016	04:04	  78.823	-49.765		   601.51	0	  2.4428	0	34.3983	0	27.418	0	153.3	0	45.4	0	39.44	0	0.01	0	0.000116	0	7.7558	0	7.4736	0
9757SoOcn	 1	C	01/19/2016	04:04	  78.823	-49.765		   551.34	0	  2.4309	0	34.3489	0	27.379	0	160.3	0	47.4	0	39.39	0	0.01	0	0.000117	0	7.7644	0	7.4797	0
9757SoOcn	 1	C	01/19/2016	04:04	  78.823	-49.765		   501.12	0	  2.3267	0	34.2907	0	27.341	0	169.2	0	49.9	0	39.08	0	0.01	0	0.000129	0	7.7746	0	7.4859	0
9757SoOcn	 1	C	01/19/2016	04:04	  78.823	-49.765		   451.22	0	  2.4255	0	34.2522	0	27.3	0	176.6	0	52.2	0	38.43	0	0.01	0	0.000145	0	7.7891	0	7.4989	0
9757SoOcn	 1	C	01/19/2016	04:04	  78.823	-49.765		   401.31	0	  2.7856	0	34.2104	0	27.231	0	188.3	0	56.2	0	37.36	0	0.01	0	0.000106	0	7.8041	0	7.5160	0
9757SoOcn	 1	C	01/19/2016	04:04	  78.823	-49.765		   381.31	0	  2.6650	0	34.1695	0	27.21	0	189.5	0	56.4	0	37.16	0	0.01	0	0.000104	0	7.8156	0	7.5242	0
9757SoOcn	 1	C	01/19/2016	04:04	  78.823	-49.765		   361.17	0	  2.2563	0	34.1078	0	27.199	0	204.0	0	60.0	0	36.55	0	0.03	0	0.000129	0	7.8349	0	7.5356	0
9757SoOcn	 1	C	01/19/2016	04:04	  78.823	-49.765		   350.61	0	  2.2277	0	34.0877	0	27.185	0	210.4	0	61.8	0	36.30	0	0.02	0	0.000127	0	7.8400	0	7.5395	0
9757SoOcn	 1	C	01/19/2016	04:04	  78.823	-49.765		   341.41	0	  2.3738	0	34.0795	0	27.165	0	213.3	0	62.9	0	36.41	0	0.03	0	0.000124	0	7.8395	0	7.5408	0
9757SoOcn	 1	C	01/19/2016	04:04	  78.823	-49.765		   331.09	0	  2.6497	0	34.1061	0	27.159	0	209.8	0	62.3	0	35.94	0	0.01	0	0.000112	0	7.8422	0	7.5467	0
9757SoOcn	 1	C	01/19/2016	04:04	  78.823	-49.765		   321.62	0	  2.3635	0	34.0610	0	27.151	0	215.8	0	63.6	0	35.59	0	0.04	0	0.000129	0	7.8525	0	7.5519	0
9757SoOcn	 1	C	01/19/2016	04:04	  78.823	-49.765		   311.40	0	  2.3635	0	34.0333	0	27.128	0	222.9	0	65.7	0	35.51	0	0.04	0	0.000122	0	7.8516	0	7.5507	0
9757SoOcn	 1	C	01/19/2016	04:04	  78.823	-49.765		   301.48	0	  2.8222	0	34.0799	0	27.121	0	217.5	0	64.9	0	35.28	0	0.03	0	0.000112	0	7.8443	0	7.5501	0
9757SoOcn	 1	C	01/19/2016	04:04	  78.823	-49.765		   291.24	0	  3.0489	0	34.1009	0	27.115	0	213.3	0	64.0	0	34.69	0	0.03	0	0.000163	0	7.8533	0	7.5611	0
9757SoOcn	 1	C	01/19/2016	04:04	  78.823	-49.765		   281.21	0	  2.4496	0	34.0265	0	27.114	0	224.5	0	66.3	0	34.66	0	0.04	0	0.000138	0	7.8813	0	7.5782	0
9757SoOcn	 1	C	01/19/2016	04:04	  78.823	-49.765		   271.19	0	  2.7368	0	33.6359	0	26.767	0	225.9	0	67.1	0	35.60	0	0.03	0	0.000125	0	7.8821	0	7.5825	0
9757SoOcn	 1	C	01/19/2016	04:04	  78.823	-49.765		   261.01	0	  3.1382	0	33.6171	0	26.71	0	217.7	0	65.2	0	34.56	0	0.03	0	0.000122	0	7.8778	0	7.5838	0
9757SoOcn	 1	C	01/19/2016	04:04	  78.823	-49.765		   251.23	0	  3.0590	0	33.8076	0	26.874	0	221.8	0	66.4	0	34.56	0	0.03	0	0.000125	0	7.8817	0	7.5860	0
9757SoOcn	 1	C	01/19/2016	04:04	  78.823	-49.765		   241.41	0	  2.9942	0	33.9340	0	26.984	0	224.5	0	67.2	0	34.05	0	0.02	0	0.000140	0	7.8831	0	7.5860	0
9757SoOcn	 1	C	01/19/2016	04:04	  78.823	-49.765		   231.33	0	  3.1148	0	33.8036	0	26.865	0	226.7	0	68.0	0	34.04	0	0.01	0	0.000117	0	7.8787	0	7.5833	0
9757SoOcn	 1	C	01/19/2016	04:04	  78.823	-49.765		   221.64	0	  2.9680	0	34.0801	0	27.106	0	230.0	0	68.9	0	33.18	0	0.01	0	0.000119	0	7.8801	0	7.5823	0
9757SoOcn	 1	C	01/19/2016	04:04	  78.823	-49.765		   210.94	0	  2.7173	0	34.1555	0	27.193	0	239.4	0	71.2	0	32.99	0	0.05	0	0.000120	0	7.8900	0	7.5875	0
9757SoOcn	 1	C	01/19/2016	04:04	  78.823	-49.765		   201.33	0	  2.7141	0	34.0230	0	27.085	0	243.8	0	72.5	0	32.99	0	0.06	0	0.000142	0	7.8868	0	7.5843	0
9757SoOcn	 1	C	01/19/2016	04:04	  78.823	-49.765		   191.22	0	  2.8019	0	33.9043	0	26.98	0	245.8	0	73.2	0	32.83	0	0.04	0	0.000124	0	7.8851	0	7.5835	0
9757SoOcn	 1	C	01/19/2016	04:04	  78.823	-49.765		   181.36	0	  2.8012	0	33.9326	0	27.003	0	249.3	0	74.3	0	32.56	0	0.06	0	0.000132	0	7.8851	0	7.5832	0
9757SoOcn	 1	C	01/19/2016	04:04	  78.823	-49.765		   171.58	0	  2.8823	0	33.8804	0	26.952	0	251.1	0	74.9	0	32.46	0	0.05	0	0.000145	0	7.8827	0	7.5818	0
9757SoOcn	 1	C	01/19/2016	04:04	  78.823	-49.765		   161.11	0	  3.0343	0	33.8322	0	26.897	0	250.8	0	75.1	0	32.14	0	0.04	0	0.000148	0	7.8797	0	7.5809	0
9757SoOcn	 1	C	01/19/2016	04:04	  78.823	-49.765		   151.04	0	  3.0033	0	33.7816	0	26.859	0	253.1	0	75.7	0	32.04	0	0.15	0	0.000329	0	7.9248	0	7.6214	0
9757SoOcn	 1	C	01/19/2016	04:04	  78.823	-49.765		   141.37	0	  3.1367	0	33.8495	0	26.901	0	253.3	0	76.0	0	31.65	0	0.09	0	0.000151	0	7.9226	0	7.6209	0
9757SoOcn	 1	C	01/19/2016	04:04	  78.823	-49.765		   131.69	0	  3.2899	0	33.8397	0	26.876	0	253.2	0	76.3	0	31.04	0	0.07	0	0.000161	0	7.9250	0	7.6249	0
9757SoOcn	 1	C	01/19/2016	04:04	  78.823	-49.765		   120.61	0	  3.3809	0	33.8308	0	26.86	0	254.3	0	76.8	0	30.18	0	0.08	0	0.000168	0	7.9313	0	7.6316	0
9757SoOcn	 1	C	01/19/2016	04:04	  78.823	-49.765		   111.37	0	  3.5308	0	33.8322	0	26.845	0	255.3	0	77.4	0	29.74	0	0.21	0	0.000187	0	7.9318	0	7.6338	0
9757SoOcn	 1	C	01/19/2016	04:04	  78.823	-49.765		   101.45	0	  4.0001	0	33.8477	0	26.806	0	249.9	0	76.6	0	29.38	0	0.41	0	0.000176	0	7.9407	0	7.6481	0
9757SoOcn	 1	C	01/19/2016	04:04	  78.823	-49.765		    93.55	0	  4.1702	0	33.8281	0	26.77	0	249.3	0	76.8	0	28.35	0	1.32	0	0.000194	0	7.9471	0	7.6561	0
9757SoOcn	 1	C	01/19/2016	04:04	  78.823	-49.765		    86.10	0	  4.2074	0	33.8124	0	26.753	0	250.7	0	77.2	0	27.41	0	1.04	0	0.000212	0	7.9728	0	7.6799	0
9757SoOcn	 1	C	01/19/2016	04:04	  78.823	-49.765		    79.05	0	  4.2104	0	33.7906	0	26.735	0	255.3	0	78.7	0	27.04	0	0.48	0	0.000277	0	7.9773	0	7.6839	0
9757SoOcn	 1	C	01/19/2016	04:04	  78.823	-49.765		    72.26	0	  4.3858	0	33.7829	0	26.708	0	256.1	0	79.2	0	26.43	0	0.96	0	0.000273	0	7.9836	0	7.6919	0
9757SoOcn	 1	C	01/19/2016	04:04	  78.823	-49.765		    65.64	0	  4.6123	0	33.7606	0	26.663	0	255.0	0	79.3	0	25.85	0	0.79	0	0.000252	0	7.9915	0	7.7021	0
9757SoOcn	 1	C	01/19/2016	04:04	  78.823	-49.765		    59.53	0	  4.7723	0	33.7537	0	26.639	0	255.1	0	79.6	0	25.34	0	0.68	0	0.000264	0	7.9991	0	7.7111	0
9757SoOcn	 1	C	01/19/2016	04:04	  78.823	-49.765		    53.63	0	  5.1995	0	33.7621	0	26.593	0	253.9	0	80.1	0	25.14	0	2.34	0	0.000324	0	8.0006	0	7.7182	0
9757SoOcn	 1	C	01/19/2016	04:04	  78.823	-49.765		    47.94	0	  5.2732	0	33.7575	0	26.58	0	256.4	0	81.0	0	25.12	0	2.60	0	0.000351	0	8.0021	0	7.7205	0
9757SoOcn	 1	C	01/19/2016	04:04	  78.823	-49.765		    42.06	0	  5.3273	0	33.7543	0	26.571	0	257.3	0	81.4	0	25.02	0	1.81	0	0.000330	0	8.0025	0	7.7214	0
9757SoOcn	 1	C	01/19/2016	04:04	  78.823	-49.765		    36.17	0	  5.3752	0	33.7475	0	26.559	0	257.5	0	81.6	0	25.05	0	3.22	0	0.000511	0	8.0043	0	7.7235	0
9757SoOcn	 1	C	01/19/2016	04:04	  78.823	-49.765		    30.36	0	  5.4435	0	33.7442	0	26.548	0	257.9	0	81.8	0	24.81	0	1.66	0	0.000451	0	8.0053	0	7.7251	0
9757SoOcn	 1	C	01/19/2016	04:04	  78.823	-49.765		    24.80	0	  5.5242	0	33.7362	0	26.531	0	257.9	0	82.0	0	24.49	0	1.35	0	0.000439	0	8.0102	0	7.7306	0
9757SoOcn	 1	C	01/19/2016	04:04	  78.823	-49.765		    19.39	0	  5.6643	0	33.7264	0	26.505	0	257.8	0	82.2	0	24.09	0	0.48	0	0.000343	0	8.0169	0	7.7386	0
9757SoOcn	 1	C	01/19/2016	04:04	  78.823	-49.765		    14.22	0	  5.7128	0	33.7197	0	26.493	0	258.2	0	82.4	0	24.05	0	0.30	0	0.000304	0	8.0147	0	7.7370	0
9757SoOcn	 1	C	01/19/2016	04:04	  78.823	-49.765		     9.09	0	  5.7709	0	33.7093	0	26.477	0	257.9	0	82.5	0	23.92	0	0.26	0	0.000397	0	8.0169	0	7.7397	0
9757SoOcn	 1	C	01/19/2016	04:04	  78.823	-49.765		     4.40	0	  5.8581	0	33.7156	0	26.471	0	257.7	0	82.6	0	23.99	0	0.21	0	0.000312	0	8.0250	0	7.7482	0
9757SoOcn	 1	C	01/19/2016	04:04	  78.823	-49.765																					
9757SoOcn	 2	C	01/29/2016	10:27	  80.228	-49.228		  1998.89	0	  1.7475	0	34.7487	0	27.767	0	163.5	0	47.7	0	32.17	0	0.01	0	0.000088	0	7.8361	0	7.5835	0
9757SoOcn	 2	C	01/29/2016	10:27	  80.228	-49.228		  1898.37	0	  1.8231	0	34.7506	0	27.762	0	163.0	0	47.6	0	32.07	0	0.01	0	0.000085	0	7.8383	0	7.5833	0
9757SoOcn	 2	C	01/29/2016	10:27	  80.228	-49.228		  1798.88	0	  1.9026	0	34.7509	0	27.755	0	162.0	0	47.4	0	32.30	0	0.01	0	0.000088	0	7.8401	0	7.5827	0
9757SoOcn	 2	C	01/29/2016	10:27	  80.228	-49.228		  1698.84	0	  1.9859	0	34.7529	0	27.749	0	161.6	0	47.4	0	32.24	0	0.01	0	0.000106	0	7.8439	0	7.5840	0
9757SoOcn	 2	C	01/29/2016	10:27	  80.228	-49.228		  1599.51	0	  2.0346	0	34.7465	0	27.74	0	159.7	0	46.9	0	32.54	0	0.01	0	0.000301	0	7.8381	0	7.5762	0
9757SoOcn	 2	C	01/29/2016	10:27	  80.228	-49.228		  1498.54	0	  2.0827	0	34.7414	0	27.731	0	158.3	0	46.6	0	32.76	0	0.01	0	0.000099	0	7.8364	0	7.5719	0
9757SoOcn	 2	C	01/29/2016	10:27	  80.228	-49.228		  1399.05	0	  2.1461	0	34.7353	0	27.72	0	156.6	0	46.1	0	33.09	0	0.02	0	0.000106	0	7.8338	0	7.5672	0
9757SoOcn	 2	C	01/29/2016	10:27	  80.228	-49.228		  1299.00	0	  2.1876	0	34.7170	0	27.702	0	153.0	0	45.1	0	33.83	0	0.03	0	0.000093	0	7.8227	0	7.5543	0
9757SoOcn	 2	C	01/29/2016	10:27	  80.228	-49.228		  1199.56	0	  2.2483	0	34.7194	0	27.698	0	153.4	0	45.3	0	33.60	0	0.01	0	0.000098	0	7.8305	0	7.5590	0
9757SoOcn	 2	C	01/29/2016	10:27	  80.228	-49.228		  1099.33	0	  2.3291	0	34.7041	0	27.678	0	151.4	0	44.8	0	34.16	0	0.01	0	0.000098	0	7.8269	0	7.5535	0
9757SoOcn	 2	C	01/29/2016	10:27	  80.228	-49.228		   999.20	0	  2.3033	0	34.6670	0	27.65	0	146.6	0	43.3	0	35.44	0	0.01	0	0.000101	0	7.8057	0	7.5304	0
9757SoOcn	 2	C	01/29/2016	10:27	  80.228	-49.228		   951.07	0	  2.3192	0	34.6588	0	27.642	0	145.5	0	43.0	0	35.89	0	0.01	0	0.000096	0	7.7924	0	7.5169	0
9757SoOcn	 2	C	01/29/2016	10:27	  80.228	-49.228		   901.19	0	  2.3364	0	34.6466	0	27.63	0	143.8	0	42.5	0	36.29	0	0.02	0	0.000096	0	7.7875	0	7.5110	0
9757SoOcn	 2	C	01/29/2016	10:27	  80.228	-49.228		   850.75	0	  2.3365	0	34.6311	0	27.618	0	143.3	0	42.4	0	36.62	0	0.01	0	0.000099	0	7.7871	0	7.5090	0
9757SoOcn	 2	C	01/29/2016	10:27	  80.228	-49.228		   801.05	0	  2.3569	0	34.6154	0	27.603	0	142.7	0	42.2	0	37.12	0	0.01	0	0.000104	0	7.7808	0	7.5018	0
9757SoOcn	 2	C	01/29/2016	10:27	  80.228	-49.228		   751.53	0	  2.3715	0	34.6030	0	27.592	0	142.1	0	42.1	0	37.48	0	0.01	0	0.000103	0	7.7814	0	7.5010	0
9757SoOcn	 2	C	01/29/2016	10:27	  80.228	-49.228		   701.44	0	  2.3703	0	34.5746	0	27.568	0	141.6	0	41.9	0	37.98	0	0.01	0	0.000104	0	7.7755	0	7.4939	0
9757SoOcn	 2	C	01/29/2016	10:27	  80.228	-49.228		   651.20	0	  2.3378	0	34.5361	0	27.54	0	140.3	0	41.5	0	38.88	0	0.02	0	0.000117	0	7.7645	0	7.4817	0
9757SoOcn	 2	C	01/29/2016	10:27	  80.228	-49.228		   600.97	0	  2.3400	0	34.5099	0	27.519	0	141.0	0	41.7	0	39.27	0	0.01	0	0.000101	0	7.7641	0	7.4797	0
9757SoOcn	 2	C	01/29/2016	10:27	  80.228	-49.228		   551.61	0	  2.3393	0	34.4891	0	27.502	0	142.3	0	42.0	0	39.43	0	0.01	0	0.000114	0	7.7666	0	7.4804	0
9757SoOcn	 2	C	01/29/2016	10:27	  80.228	-49.228		   501.22	0	  2.3051	0	34.4471	0	27.471	0	146.4	0	43.2	0	39.30	0	0.01	0	0.000106	0	7.7675	0	7.4791	0
9757SoOcn	 2	C	01/29/2016	10:27	  80.228	-49.228		   451.09	0	  2.2602	0	34.4080	0	27.443	0	151.5	0	44.6	0	39.25	0	0.01	0	0.000116	0	7.7732	0	7.4821	0
9757SoOcn	 2	C	01/29/2016	10:27	  80.228	-49.228		   401.15	0	  2.2118	0	34.3382	0	27.391	0	161.9	0	47.7	0	38.66	0	0.03	0	0.000130	0	7.7886	0	7.4938	0
9757SoOcn	 2	C	01/29/2016	10:27	  80.228	-49.228		   381.11	0	  2.1512	0	34.3184	0	27.38	0	166.3	0	48.9	0	38.49	0	0.02	0	0.000125	0	7.7920	0	7.4955	0
9757SoOcn	 2	C	01/29/2016	10:27	  80.228	-49.228		   361.59	0	  2.1162	0	34.3035	0	27.372	0	169.5	0	49.8	0	38.36	0	0.02	0	0.000133	0	7.7979	0	7.4998	0
9757SoOcn	 2	C	01/29/2016	10:27	  80.228	-49.228		   350.81	0	  2.0670	0	34.2883	0	27.364	0	172.2	0	50.5	0	38.30	0	0.02	0	0.000130	0	7.7997	0	7.5004	0
9757SoOcn	 2	C	01/29/2016	10:27	  80.228	-49.228		   341.64	0	  2.0638	0	34.2772	0	27.355	0	173.5	0	50.8	0	38.13	0	0.02	0	0.000132	0	7.8040	0	7.5040	0
9757SoOcn	 2	C	01/29/2016	10:27	  80.228	-49.228		   331.68	0	  2.0161	0	34.2565	0	27.343	0	177.3	0	51.9	0	38.09	0	0.02	0	0.000137	0	7.8079	0	7.5066	0
9757SoOcn	 2	C	01/29/2016	10:27	  80.228	-49.228		   321.50	0	  1.9671	0	34.2405	0	27.334	0	180.9	0	52.9	0	37.93	0	0.02	0	0.000150	0	7.8134	0	7.5107	0
9757SoOcn	 2	C	01/29/2016	10:27	  80.228	-49.228		   311.17	0	  1.9485	0	34.2269	0	27.325	0	184.2	0	53.8	0	37.72	0	0.02	0	0.000145	0	7.8183	0	7.5145	0
9757SoOcn	 2	C	01/29/2016	10:27	  80.228	-49.228		   301.55	0	  1.8929	0	34.2079	0	27.314	0	188.7	0	55.0	0	37.56	0	0.02	0	0.000151	0	7.8221	0	7.5170	0
9757SoOcn	 2	C	01/29/2016	10:27	  80.228	-49.228		   291.28	0	  1.8737	0	34.1941	0	27.305	0	191.8	0	55.9	0	36.64	0	0.03	0	0.000145	0	7.8344	0	7.5276	0
9757SoOcn	 2	C	01/29/2016	10:27	  80.228	-49.228		   281.56	0	  1.7444	0	34.1624	0	27.291	0	199.1	0	57.8	0	37.11	0	0.04	0	0.000145	0	7.8360	0	7.5270	0
9757SoOcn	 2	C	01/29/2016	10:27	  80.228	-49.228		   270.84	0	  1.8788	0	34.1412	0	27.261	0	200.7	0	58.5	0	36.43	0	0.04	0	0.000151	0	7.8448	0	7.5365	0
9757SoOcn	 2	C	01/29/2016	10:27	  80.228	-49.228		   260.82	0	  1.8870	0	34.1242	0	27.247	0	205.8	0	60.0	0	36.32	0	0.04	0	0.000148	0	7.8516	0	7.5425	0
9757SoOcn	 2	C	01/29/2016	10:27	  80.228	-49.228		   251.04	0	  1.8939	0	34.0845	0	27.214	0	211.4	0	61.6	0	35.89	0	0.06	0	0.000142	0	7.8667	0	7.5562	0
9757SoOcn	 2	C	01/29/2016	10:27	  80.228	-49.228		   240.99	0	  1.6628	0	34.0279	0	27.189	0	224.0	0	64.9	0	35.00	0	0.09	0	0.000166	0	7.8861	0	7.5705	0
9757SoOcn	 2	C	01/29/2016	10:27	  80.228	-49.228		   231.10	0	  1.7119	0	34.0082	0	27.168	0	231.8	0	67.2	0	34.72	0	0.12	0	0.000185	0	7.8872	0	7.5718	0
9757SoOcn	 2	C	01/29/2016	10:27	  80.228	-49.228		   221.40	0	  1.6988	0	33.9811	0	27.147	0	235.9	0	68.3	0	34.47	0	0.12	0	0.000176	0	7.8954	0	7.5788	0
9757SoOcn	 2	C	01/29/2016	10:27	  80.228	-49.228		   211.22	0	  1.7409	0	33.9564	0	27.124	0	241.0	0	69.9	0	33.83	0	0.14	0	0.000179	0	7.9057	0	7.5885	0
9757SoOcn	 2	C	01/29/2016	10:27	  80.228	-49.228		   201.54	0	  1.7308	0	33.9413	0	27.112	0	246.4	0	71.4	0	33.51	0	0.17	0	0.000189	0	7.9137	0	7.5954	0
9757SoOcn	 2	C	01/29/2016	10:27	  80.228	-49.228		   191.44	0	  1.7310	0	33.9332	0	27.106	0	250.9	0	72.7	0	33.11	0	0.20	0	0.000197	0	7.9277	0	7.6079	0
9757SoOcn	 2	C	01/29/2016	10:27	  80.228	-49.228		   181.08	0	  1.8113	0	33.9089	0	27.079	0	258.7	0	75.1	0	32.13	0	0.31	0	0.000200	0	7.9427	0	7.6224	0
9757SoOcn	 2	C	01/29/2016	10:27	  80.228	-49.228		   171.39	0	  1.8590	0	33.8985	0	27.066	0	265.1	0	77.1	0	32.19	0	0.37	0	0.000246	0	7.9401	0	7.6204	0
9757SoOcn	 2	C	01/29/2016	10:27	  80.228	-49.228		   161.24	0	  1.9417	0	33.8925	0	27.053	0	264.5	0	77.1	0	31.94	0	0.32	0	0.000221	0	7.9429	0	7.6237	0
9757SoOcn	 2	C	01/29/2016	10:27	  80.228	-49.228		   151.54	0	  2.0468	0	33.8828	0	27.036	0	265.1	0	77.5	0	31.74	0	0.37	0	0.000278	0	7.9433	0	7.6252	0
9757SoOcn	 2	C	01/29/2016	10:27	  80.228	-49.228		   141.42	0	  2.1149	0	33.8740	0	27.022	0	265.6	0	77.7	0	31.31	0	0.39	0	0.000244	0	7.9518	0	7.6336	0
9757SoOcn	 2	C	01/29/2016	10:27	  80.228	-49.228		   131.22	0	  2.3533	0	33.8609	0	26.989	0	266.6	0	78.5	0	30.60	0	0.50	0	0.000246	0	7.9557	0	7.6402	0
9757SoOcn	 2	C	01/29/2016	10:27	  80.228	-49.228		   121.17	0	  2.4804	0	33.8593	0	26.975	0	267.3	0	78.9	0	30.18	0	0.61	0	0.000267	0	7.9629	0	7.6481	0
9757SoOcn	 2	C	01/29/2016	10:27	  80.228	-49.228		   110.74	0	  2.5887	0	33.8581	0	26.963	0	268.0	0	79.4	0	30.10	0	0.85	0	0.000322	0	7.9632	0	7.6496	0
9757SoOcn	 2	C	01/29/2016	10:27	  80.228	-49.228		   100.90	0	  2.5956	0	33.8586	0	26.963	0	268.5	0	79.5	0	29.98	0	0.84	0	0.000308	0	7.9659	0	7.6518	0
9757SoOcn	 2	C	01/29/2016	10:27	  80.228	-49.228		    92.77	0	  2.6075	0	33.8572	0	26.961	0	268.9	0	79.7	0	29.78	0	0.87	0	0.000283	0	7.9762	0	7.6612	0
9757SoOcn	 2	C	01/29/2016	10:27	  80.228	-49.228		    84.78	0	  2.8332	0	33.8458	0	26.929	0	268.7	0	80.1	0	29.60	0	1.27	0	0.000351	0	7.9828	0	7.6701	0
9757SoOcn	 2	C	01/29/2016	10:27	  80.228	-49.228		    77.30	0	  3.2852	0	33.8266	0	26.866	0	267.4	0	80.5	0	28.87	0	2.49	0	0.000443	0	7.9861	0	7.6791	0
9757SoOcn	 2	C	01/29/2016	10:27	  80.228	-49.228		    71.28	0	  3.7250	0	33.8166	0	26.811	0	266.1	0	81.0	0	28.23	0	2.05	0	0.000521	0	7.9929	0	7.6912	0
9757SoOcn	 2	C	01/29/2016	10:27	  80.228	-49.228		    66.14	0	  4.1830	0	33.8025	0	26.748	0	264.0	0	81.3	0	27.41	0	1.82	0	0.000490	0	7.9963	0	7.7005	0
9757SoOcn	 2	C	01/29/2016	10:27	  80.228	-49.228		    61.50	0	  4.5344	0	33.7914	0	26.698	0	261.6	0	81.2	0	27.06	0	1.63	0	0.000464	0	7.9951	0	7.7042	0
9757SoOcn	 2	C	01/29/2016	10:27	  80.228	-49.228		    55.96	0	  4.6791	0	33.7861	0	26.676	0	260.8	0	81.3	0	26.90	0	1.97	0	0.000486	0	7.9997	0	7.7102	0
9757SoOcn	 2	C	01/29/2016	10:27	  80.228	-49.228		    50.07	0	  4.7903	0	33.7843	0	26.662	0	260.6	0	81.4	0	26.77	0	1.52	0	0.000509	0	7.9992	0	7.7111	0
9757SoOcn	 2	C	01/29/2016	10:27	  80.228	-49.228		    43.96	0	  4.8068	0	33.7846	0	26.66	0	260.9	0	81.5	0	26.69	0	1.24	0	0.000441	0	7.9987	0	7.7106	0
9757SoOcn	 2	C	01/29/2016	10:27	  80.228	-49.228		    37.71	0	  4.8369	0	33.7820	0	26.654	0	260.9	0	81.6	0	26.70	0	1.27	0	0.000459	0	7.9999	0	7.7120	0
9757SoOcn	 2	C	01/29/2016	10:27	  80.228	-49.228		    31.25	0	  4.8815	0	33.7814	0	26.648	0	260.8	0	81.7	0	26.36	0	0.83	0	0.000509	0	7.9989	0	7.7115	0
9757SoOcn	 2	C	01/29/2016	10:27	  80.228	-49.228		    24.91	0	  4.9209	0	33.7801	0	26.642	0	260.6	0	81.7	0	26.21	0	0.51	0	0.000428	0	8.0003	0	7.7131	0
9757SoOcn	 2	C	01/29/2016	10:27	  80.228	-49.228		    18.78	0	  4.9681	0	33.7794	0	26.636	0	260.2	0	81.6	0	26.17	0	0.37	0	0.000418	0	7.9988	0	7.7122	0
9757SoOcn	 2	C	01/29/2016	10:27	  80.228	-49.228		    12.78	0	  5.0788	0	33.7777	0	26.621	0	259.5	0	81.6	0	26.13	0	0.25	0	0.000399	0	8.0000	0	7.7146	0
9757SoOcn	 2	C	01/29/2016	10:27	  80.228	-49.228		     7.21	0	  5.2159	0	33.7676	0	26.596	0	259.1	0	81.8	0	26.04	0	0.14	0	0.000407	0	7.9985	0	7.7150	0
9757SoOcn	 2	C	01/29/2016	10:27	  80.228	-49.228																					
9757SoOcn	 3	C	02/08/2016	18:10	  78.972	-49.233		  1999.63	0	  1.6755	0	34.7459	0	27.771	0	163.8	0	47.7	0	31.44	0	0.01	0	0.000085	0	7.8522	0	7.5973	0
9757SoOcn	 3	C	02/08/2016	18:10	  78.972	-49.233		  1898.18	0	  1.7561	0	34.7473	0	27.765	0	162.8	0	47.5	0	31.38	0	0.01	0	0.000083	0	7.8524	0	7.5953	0
9757SoOcn	 3	C	02/08/2016	18:10	  78.972	-49.233		  1799.33	0	  1.8439	0	34.7487	0	27.759	0	162.0	0	47.4	0	31.51	0	0.01	0	0.000086	0	7.8532	0	7.5940	0
9757SoOcn	 3	C	02/08/2016	18:10	  78.972	-49.233		  1699.43	0	  1.9022	0	34.7482	0	27.753	0	161.0	0	47.2	0	31.75	0	0.01	0	0.000085	0	7.8548	0	7.5929	0
9757SoOcn	 3	C	02/08/2016	18:10	  78.972	-49.233		  1599.31	0	  1.9723	0	34.7463	0	27.745	0	159.9	0	46.9	0	31.85	0	0.01	0	0.000096	0	7.8537	0	7.5896	0
9757SoOcn	 3	C	02/08/2016	18:10	  78.972	-49.233		  1497.99	0	  2.0507	0	34.7405	0	27.733	0	157.8	0	46.4	0	32.16	0	0.01	0	0.000093	0	7.8509	0	7.5847	0
9757SoOcn	 3	C	02/08/2016	18:10	  78.972	-49.233		  1399.39	0	  2.1597	0	34.7320	0	27.716	0	155.6	0	45.9	0	32.35	0	0.01	0	0.000091	0	7.8478	0	7.5802	0
9757SoOcn	 3	C	02/08/2016	18:10	  78.972	-49.233		  1298.36	0	  2.2100	0	34.7173	0	27.7	0	152.6	0	45.0	0	32.96	0	0.01	0	0.000093	0	7.8410	0	7.5713	0
9757SoOcn	 3	C	02/08/2016	18:10	  78.972	-49.233		  1198.62	0	  2.2667	0	34.7051	0	27.685	0	150.9	0	44.6	0	33.20	0	0.01	0	0.000096	0	7.8398	0	7.5677	0
9757SoOcn	 3	C	02/08/2016	18:10	  78.972	-49.233		  1097.72	0	  2.3476	0	34.6986	0	27.672	0	150.6	0	44.6	0	33.30	0	0.01	0	0.000099	0	7.8415	0	7.5671	0
9757SoOcn	 3	C	02/08/2016	18:10	  78.972	-49.233		   998.81	0	  2.3853	0	34.6802	0	27.653	0	148.2	0	43.9	0	34.04	0	0.02	0	0.000106	0	7.8343	0	7.5577	0
9757SoOcn	 3	C	02/08/2016	18:10	  78.972	-49.233		   951.22	0	  2.3441	0	34.6561	0	27.637	0	145.7	0	43.1	0	34.93	0	0.01	0	0.000130	0	7.8164	0	7.5392	0
9757SoOcn	 3	C	02/08/2016	18:10	  78.972	-49.233		   901.58	0	  2.3382	0	34.6367	0	27.622	0	143.8	0	42.5	0	35.46	0	0.01	0	0.000098	0	7.8076	0	7.5295	0
9757SoOcn	 3	C	02/08/2016	18:10	  78.972	-49.233		   851.24	0	  2.2986	0	34.6009	0	27.597	0	140.4	0	41.5	0	36.47	0	0.01	0	0.000099	0	7.7943	0	7.5151	0
9757SoOcn	 3	C	02/08/2016	18:10	  78.972	-49.233		   801.24	0	  2.3371	0	34.5783	0	27.575	0	139.5	0	41.2	0	36.93	0	0.01	0	0.000098	0	7.7908	0	7.5108	0
9757SoOcn	 3	C	02/08/2016	18:10	  78.972	-49.233		   751.45	0	  2.4015	0	34.5571	0	27.551	0	141.0	0	41.8	0	36.96	0	0.01	0	0.000111	0	7.7960	0	7.5148	0
9757SoOcn	 3	C	02/08/2016	18:10	  78.972	-49.233		   701.61	0	  2.4287	0	34.5428	0	27.537	0	141.7	0	42.0	0	37.25	0	0.01	0	0.000109	0	7.7939	0	7.5116	0
9757SoOcn	 3	C	02/08/2016	18:10	  78.972	-49.233		   650.78	0	  2.4075	0	34.5132	0	27.515	0	142.8	0	42.3	0	37.65	0	0.01	0	0.000119	0	7.7929	0	7.5087	0
9757SoOcn	 3	C	02/08/2016	18:10	  78.972	-49.233		   600.89	0	  2.3861	0	34.4811	0	27.491	0	144.9	0	42.9	0	37.80	0	0.01	0	0.000120	0	7.7916	0	7.5056	0
9757SoOcn	 3	C	02/08/2016	18:10	  78.972	-49.233		   549.17	0	  2.3717	0	34.4461	0	27.464	0	147.8	0	43.7	0	38.05	0	0.01	0	0.000111	0	7.7945	0	7.5064	0
9757SoOcn	 3	C	02/08/2016	18:10	  78.972	-49.233		   501.25	0	  2.3657	0	34.4039	0	27.43	0	152.0	0	44.9	0	38.29	0	0.01	0	0.000117	0	7.7952	0	7.5054	0
9757SoOcn	 3	C	02/08/2016	18:10	  78.972	-49.233		   450.93	0	  2.4898	0	34.3807	0	27.399	0	155.6	0	46.1	0	37.99	0	0.01	0	0.000117	0	7.8015	0	7.5111	0
9757SoOcn	 3	C	02/08/2016	18:10	  78.972	-49.233		   401.63	0	  2.5832	0	34.3316	0	27.35	0	161.6	0	48.0	0	37.48	0	0.01	0	0.000119	0	7.8157	0	7.5239	0
9757SoOcn	 3	C	02/08/2016	18:10	  78.972	-49.233		   381.19	0	  2.5237	0	34.2945	0	27.325	0	166.9	0	49.5	0	37.24	0	0.00	0	0.000127	0	7.8250	0	7.5308	0
9757SoOcn	 3	C	02/08/2016	18:10	  78.972	-49.233		   361.50	0	  2.3014	0	34.2465	0	27.308	0	177.5	0	52.3	0	36.68	0	0.01	0	0.000124	0	7.8396	0	7.5405	0
9757SoOcn	 3	C	02/08/2016	18:10	  78.972	-49.233		   350.80	0	  2.1739	0	34.2191	0	27.297	0	183.5	0	53.9	0	36.44	0	0.01	0	0.000135	0	7.8441	0	7.5426	0
9757SoOcn	 3	C	02/08/2016	18:10	  78.972	-49.233		   341.29	0	  2.1837	0	34.2068	0	27.286	0	187.3	0	55.0	0	36.35	0	0.01	0	0.000132	0	7.8481	0	7.5461	0
9757SoOcn	 3	C	02/08/2016	18:10	  78.972	-49.233		   330.56	0	  2.0953	0	34.1885	0	27.28	0	191.4	0	56.1	0	36.13	0	0.00	0	0.000129	0	7.8546	0	7.5505	0
9757SoOcn	 3	C	02/08/2016	18:10	  78.972	-49.233		   321.25	0	  1.9529	0	34.1620	0	27.271	0	196.2	0	57.3	0	35.77	0	0.01	0	0.000125	0	7.8652	0	7.5579	0
9757SoOcn	 3	C	02/08/2016	18:10	  78.972	-49.233		   310.80	0	  1.7986	0	34.1283	0	27.258	0	204.9	0	59.6	0	35.43	0	0.00	0	0.000130	0	7.8749	0	7.5644	0
9757SoOcn	 3	C	02/08/2016	18:10	  78.972	-49.233		   301.64	0	  1.7877	0	34.1076	0	27.242	0	211.3	0	61.4	0	35.24	0	0.01	0	0.000129	0	7.8777	0	7.5664	0
9757SoOcn	 3	C	02/08/2016	18:10	  78.972	-49.233		   291.50	0	  1.7181	0	34.0846	0	27.23	0	216.0	0	62.7	0	34.98	0	0.01	0	0.000137	0	7.8873	0	7.5740	0
9757SoOcn	 3	C	02/08/2016	18:10	  78.972	-49.233		   281.68	0	  1.6744	0	34.0638	0	27.217	0	222.8	0	64.6	0	34.59	0	0.01	0	0.000133	0	7.8930	0	7.5783	0
9757SoOcn	 3	C	02/08/2016	18:10	  78.972	-49.233		   271.50	0	  1.6378	0	34.0290	0	27.192	0	229.2	0	66.3	0	34.16	0	0.01	0	0.000145	0	7.9080	0	7.5912	0
9757SoOcn	 3	C	02/08/2016	18:10	  78.972	-49.233		   261.35	0	  1.6600	0	34.0116	0	27.176	0	234.5	0	67.9	0	33.85	0	0.01	0	0.000140	0	7.9112	0	7.5941	0
9757SoOcn	 3	C	02/08/2016	18:10	  78.972	-49.233		   250.11	0	  1.7561	0	33.9956	0	27.154	0	237.6	0	68.9	0	33.77	0	0.01	0	0.000150	0	7.9111	0	7.5950	0
9757SoOcn	 3	C	02/08/2016	18:10	  78.972	-49.233		   237.80	0	  1.7728	0	33.9904	0	27.148	0	237.9	0	69.1	0	33.59	0	0.01	0	0.000181	0	7.9169	0	7.6001	0
9757SoOcn	 3	C	02/08/2016	18:10	  78.972	-49.233		   227.36	0	  1.9278	0	33.9850	0	27.13	0	239.1	0	69.7	0	33.31	0	0.01	0	0.000156	0	7.9197	0	7.6044	0
9757SoOcn	 3	C	02/08/2016	18:10	  78.972	-49.233		   216.65	0	  1.8647	0	33.9648	0	27.119	0	242.7	0	70.6	0	33.26	0	0.01	0	0.000174	0	7.9258	0	7.6088	0
9757SoOcn	 3	C	02/08/2016	18:10	  78.972	-49.233		   205.56	0	  1.9998	0	33.9588	0	27.102	0	243.9	0	71.2	0	33.21	0	0.02	0	0.000161	0	7.9245	0	7.6091	0
9757SoOcn	 3	C	02/08/2016	18:10	  78.972	-49.233		   195.09	0	  2.1125	0	33.9541	0	27.087	0	243.4	0	71.3	0	32.81	0	0.05	0	0.000172	0	7.9423	0	7.6266	0
9757SoOcn	 3	C	02/08/2016	18:10	  78.972	-49.233		   185.14	0	  1.8395	0	33.9138	0	27.08	0	252.3	0	73.3	0	32.14	0	0.15	0	0.000197	0	7.9551	0	7.6343	0
9757SoOcn	 3	C	02/08/2016	18:10	  78.972	-49.233		   176.05	0	  1.9641	0	33.8988	0	27.056	0	257.8	0	75.2	0	32.02	0	0.14	0	0.000236	0	7.9478	0	7.6290	0
9757SoOcn	 3	C	02/08/2016	18:10	  78.972	-49.233		   167.69	0	  2.0858	0	33.9031	0	27.048	0	257.3	0	75.2	0	31.77	0	0.16	0	0.000187	0	7.9501	0	7.6325	0
9757SoOcn	 3	C	02/08/2016	18:10	  78.972	-49.233		   160.35	0	  2.2514	0	33.8936	0	27.025	0	256.8	0	75.4	0	31.14	0	0.15	0	0.000220	0	7.9512	0	7.6355	0
9757SoOcn	 3	C	02/08/2016	18:10	  78.972	-49.233		   151.10	0	  2.4559	0	33.8840	0	26.997	0	255.0	0	75.3	0	31.39	0	0.08	0	0.000177	0	7.9486	0	7.6357	0
9757SoOcn	 3	C	02/08/2016	18:10	  78.972	-49.233		   140.69	0	  2.6540	0	33.8719	0	26.968	0	253.0	0	75.0	0	30.75	0	0.10	0	0.000198	0	7.9587	0	7.6473	0
9757SoOcn	 3	C	02/08/2016	18:10	  78.972	-49.233		   130.81	0	  2.8973	0	33.8545	0	26.929	0	253.6	0	75.7	0	29.80	0	0.15	0	0.000190	0	7.9692	0	7.6599	0
9757SoOcn	 3	C	02/08/2016	18:10	  78.972	-49.233		   121.63	0	  3.2398	0	33.8330	0	26.876	0	253.8	0	76.4	0	28.40	0	0.24	0	0.000216	0	7.9838	0	7.6778	0
9757SoOcn	 3	C	02/08/2016	18:10	  78.972	-49.233		   110.48	0	  3.7592	0	33.8101	0	26.802	0	253.8	0	77.4	0	27.39	0	0.42	0	0.000207	0	7.9897	0	7.6900	0
9757SoOcn	 3	C	02/08/2016	18:10	  78.972	-49.233		   101.02	0	  4.2256	0	33.7919	0	26.734	0	252.5	0	77.8	0	26.55	0	0.60	0	0.000239	0	7.9894	0	7.6959	0
9757SoOcn	 3	C	02/08/2016	18:10	  78.972	-49.233		    91.74	0	  4.3943	0	33.7909	0	26.714	0	253.1	0	78.3	0	26.31	0	0.69	0	0.000254	0	7.9975	0	7.7054	0
9757SoOcn	 3	C	02/08/2016	18:10	  78.972	-49.233		    84.01	0	  4.8396	0	33.7775	0	26.65	0	251.5	0	78.7	0	25.77	0	0.86	0	0.000275	0	8.0053	0	7.7185	0
9757SoOcn	 3	C	02/08/2016	18:10	  78.972	-49.233		    77.68	0	  5.2974	0	33.7646	0	26.583	0	249.9	0	79.0	0	25.12	0	0.97	0	0.000314	0	8.0044	0	7.7239	0
9757SoOcn	 3	C	02/08/2016	18:10	  78.972	-49.233		    72.24	0	  5.5138	0	33.7593	0	26.552	0	249.0	0	79.1	0	24.95	0	1.09	0	0.000308	0	8.0064	0	7.7285	0
9757SoOcn	 3	C	02/08/2016	18:10	  78.972	-49.233		    66.72	0	  5.6016	0	33.7597	0	26.541	0	249.2	0	79.4	0	24.64	0	1.17	0	0.000291	0	8.0119	0	7.7347	0
9757SoOcn	 3	C	02/08/2016	18:10	  78.972	-49.233		    60.91	0	  5.7033	0	33.7575	0	26.526	0	249.2	0	79.5	0	24.67	0	1.20	0	0.000312	0	8.0087	0	7.7329	0
9757SoOcn	 3	C	02/08/2016	18:10	  78.972	-49.233		    54.77	0	  5.7282	0	33.7562	0	26.522	0	249.3	0	79.6	0	24.59	0	1.27	0	0.000314	0	8.0102	0	7.7344	0
9757SoOcn	 3	C	02/08/2016	18:10	  78.972	-49.233		    48.60	0	  5.7368	0	33.7558	0	26.52	0	249.4	0	79.7	0	24.57	0	1.24	0	0.000366	0	8.0092	0	7.7335	0
9757SoOcn	 3	C	02/08/2016	18:10	  78.972	-49.233		    42.71	0	  5.7668	0	33.7551	0	26.516	0	249.3	0	79.7	0	24.58	0	1.30	0	0.000299	0	8.0103	0	7.7347	0
9757SoOcn	 3	C	02/08/2016	18:10	  78.972	-49.233		    37.36	0	  5.9441	0	33.7491	0	26.488	0	248.3	0	79.7	0	24.42	0	1.43	0	0.000309	0	8.0075	0	7.7345	0
9757SoOcn	 3	C	02/08/2016	18:10	  78.972	-49.233		    32.43	0	  5.9747	0	33.7498	0	26.484	0	248.5	0	79.9	0	24.32	0	1.42	0	0.000355	0	8.0066	0	7.7339	0
9757SoOcn	 3	C	02/08/2016	18:10	  78.972	-49.233		    27.43	0	  5.9958	0	33.7493	0	26.481	0	248.5	0	79.9	0	24.53	0	1.46	0	0.000316	0	8.0075	0	7.7348	0
9757SoOcn	 3	C	02/08/2016	18:10	  78.972	-49.233		    22.05	0	  6.0002	0	33.7496	0	26.481	0	248.5	0	79.9	0	24.26	0	1.48	0	0.000342	0	8.0066	0	7.7339	0
9757SoOcn	 3	C	02/08/2016	18:10	  78.972	-49.233		    16.64	0	  5.9986	0	33.7497	0	26.481	0	248.6	0	79.9	0	24.30	0	1.52	0	0.000301	0	8.0085	0	7.7354	0
9757SoOcn	 3	C	02/08/2016	18:10	  78.972	-49.233		    11.08	0	  5.9979	0	33.7497	0	26.481	0	248.6	0	79.9	0	24.23	0	1.51	0	0.000303	0	8.0094	0	7.7361	0
9757SoOcn	 3	C	02/08/2016	18:10	  78.972	-49.233		     5.21	0	  5.9991	0	33.7493	0	26.481	0	248.7	0	80.0	0	24.27	0	1.40	0	0.000311	0	8.0101	0	7.7365	0
9757SoOcn	 3	C	02/08/2016	18:10	  78.972	-49.233																					
9757SoOcn	 4	C	02/19/2016	01:21	  80.024	-48.476		  1999.80	0	  1.7350	0	34.7467	0	27.767	0	162.9	0	47.5	0	31.34	0	0.01	0	0.000086	0	7.8553	0	7.6010	0
9757SoOcn	 4	C	02/19/2016	01:21	  80.024	-48.476		  1899.18	0	  1.8580	0	34.7486	0	27.757	0	161.7	0	47.3	0	31.23	0	0.01	0	0.000088	0	7.8577	0	7.6015	0
9757SoOcn	 4	C	02/19/2016	01:21	  80.024	-48.476		  1798.84	0	  1.9504	0	34.7465	0	27.747	0	160.2	0	46.9	0	31.35	0	0.01	0	0.000104	0	7.8547	0	7.5968	0
9757SoOcn	 4	C	02/19/2016	01:21	  80.024	-48.476		  1699.30	0	  2.0086	0	34.7449	0	27.741	0	159.0	0	46.7	0	31.68	0	0.01	0	0.000085	0	7.8544	0	7.5940	0
9757SoOcn	 4	C	02/19/2016	01:21	  80.024	-48.476		  1599.06	0	  2.0743	0	34.7372	0	27.728	0	156.8	0	46.1	0	31.99	0	0.01	0	0.000089	0	7.8516	0	7.5890	0
9757SoOcn	 4	C	02/19/2016	01:21	  80.024	-48.476		  1499.31	0	  2.1484	0	34.7317	0	27.717	0	155.3	0	45.7	0	32.18	0	0.01	0	0.000089	0	7.8506	0	7.5859	0
9757SoOcn	 4	C	02/19/2016	01:21	  80.024	-48.476		  1398.78	0	  2.2185	0	34.7197	0	27.701	0	152.9	0	45.1	0	32.49	0	0.01	0	0.000093	0	7.8459	0	7.5793	0
9757SoOcn	 4	C	02/19/2016	01:21	  80.024	-48.476		  1299.34	0	  2.2751	0	34.7012	0	27.681	0	149.7	0	44.2	0	32.99	0	0.01	0	0.000091	0	7.8374	0	7.5690	0
9757SoOcn	 4	C	02/19/2016	01:21	  80.024	-48.476		  1199.20	0	  2.3391	0	34.6771	0	27.655	0	147.0	0	43.5	0	33.55	0	0.01	0	0.000104	0	7.8307	0	7.5604	0
9757SoOcn	 4	C	02/19/2016	01:21	  80.024	-48.476		  1098.30	0	  2.3299	0	34.6432	0	27.628	0	143.3	0	42.4	0	34.73	0	0.02	0	0.000096	0	7.8164	0	7.5439	0
9757SoOcn	 4	C	02/19/2016	01:21	  80.024	-48.476		   998.44	0	  2.3653	0	34.6154	0	27.602	0	141.8	0	42.0	0	35.40	0	0.01	0	0.000104	0	7.8101	0	7.5353	0
9757SoOcn	 4	C	02/19/2016	01:21	  80.024	-48.476		   950.66	0	  2.3830	0	34.5915	0	27.581	0	140.9	0	41.7	0	35.85	0	0.01	0	0.000103	0	7.7999	0	7.5246	0
9757SoOcn	 4	C	02/19/2016	01:21	  80.024	-48.476		   901.40	0	  2.3915	0	34.5678	0	27.561	0	140.6	0	41.6	0	36.33	0	0.01	0	0.000103	0	7.7954	0	7.5190	0
9757SoOcn	 4	C	02/19/2016	01:21	  80.024	-48.476		   850.38	0	  2.4392	0	34.5520	0	27.543	0	141.3	0	41.9	0	36.57	0	0.02	0	0.000103	0	7.7986	0	7.5209	0
9757SoOcn	 4	C	02/19/2016	01:21	  80.024	-48.476		   800.82	0	  2.5482	0	34.5341	0	27.518	0	141.9	0	42.2	0	36.56	0	0.01	0	0.000106	0	7.8024	0	7.5243	0
9757SoOcn	 4	C	02/19/2016	01:21	  80.024	-48.476		   751.44	0	  2.6331	0	34.5144	0	27.494	0	142.7	0	42.5	0	36.72	0	0.01	0	0.000111	0	7.7994	0	7.5211	0
9757SoOcn	 4	C	02/19/2016	01:21	  80.024	-48.476		   701.40	0	  2.5774	0	34.4653	0	27.459	0	145.5	0	43.2	0	37.03	0	0.01	0	0.000107	0	7.8027	0	7.5217	0
9757SoOcn	 4	C	02/19/2016	01:21	  80.024	-48.476		   651.64	0	  2.7748	0	34.4541	0	27.431	0	146.2	0	43.7	0	36.96	0	0.01	0	0.000109	0	7.8016	0	7.5218	0
9757SoOcn	 4	C	02/19/2016	01:21	  80.024	-48.476		   600.99	0	  2.7474	0	34.4101	0	27.398	0	150.8	0	45.0	0	37.18	0	0.03	0	0.000129	0	7.8062	0	7.5240	0
9757SoOcn	 4	C	02/19/2016	01:21	  80.024	-48.476		   550.63	0	  2.8524	0	34.3831	0	27.365	0	153.3	0	45.9	0	37.02	0	0.01	0	0.000107	0	7.8092	0	7.5265	0
9757SoOcn	 4	C	02/19/2016	01:21	  80.024	-48.476		   500.74	0	  2.8983	0	34.3542	0	27.337	0	158.9	0	47.6	0	36.70	0	0.01	0	0.000114	0	7.8215	0	7.5368	0
9757SoOcn	 4	C	02/19/2016	01:21	  80.024	-48.476		   450.84	0	  2.6053	0	34.2694	0	27.297	0	170.8	0	50.7	0	36.54	0	0.01	0	0.000119	0	7.8265	0	7.5356	0
9757SoOcn	 4	C	02/19/2016	01:21	  80.024	-48.476		   401.62	0	  2.6097	0	34.2116	0	27.249	0	181.7	0	54.0	0	35.87	0	0.01	0	0.000127	0	7.8413	0	7.5476	0
9757SoOcn	 4	C	02/19/2016	01:21	  80.024	-48.476		   381.13	0	  2.5614	0	34.1894	0	27.236	0	187.6	0	55.6	0	35.63	0	0.01	0	0.000125	0	7.8517	0	7.5559	0
9757SoOcn	 4	C	02/19/2016	01:21	  80.024	-48.476		   361.42	0	  2.5020	0	34.1563	0	27.215	0	193.4	0	57.3	0	35.20	0	0.01	0	0.000125	0	7.8600	0	7.5620	0
9757SoOcn	 4	C	02/19/2016	01:21	  80.024	-48.476		   351.54	0	  2.5132	0	34.1419	0	27.202	0	197.4	0	58.5	0	34.99	0	0.01	0	0.000132	0	7.8619	0	7.5636	0
9757SoOcn	 4	C	02/19/2016	01:21	  80.024	-48.476		   339.45	0	  2.5705	0	34.1358	0	27.191	0	200.1	0	59.3	0	34.64	0	0.01	0	0.000130	0	7.8692	0	7.5707	0
9757SoOcn	 4	C	02/19/2016	01:21	  80.024	-48.476		   329.98	0	  2.6158	0	34.1289	0	27.181	0	202.3	0	60.1	0	34.60	0	0.02	0	0.000135	0	7.8711	0	7.5727	0
9757SoOcn	 4	C	02/19/2016	01:21	  80.024	-48.476		   321.04	0	  2.6815	0	34.1296	0	27.175	0	202.8	0	60.3	0	34.31	0	0.01	0	0.000135	0	7.8746	0	7.5766	0
9757SoOcn	 4	C	02/19/2016	01:21	  80.024	-48.476		   310.93	0	  2.5515	0	34.0979	0	27.162	0	207.7	0	61.6	0	34.18	0	0.01	0	0.000150	0	7.8805	0	7.5799	0
9757SoOcn	 4	C	02/19/2016	01:21	  80.024	-48.476		   301.27	0	  2.4842	0	34.0813	0	27.155	0	211.5	0	62.6	0	33.89	0	0.01	0	0.000164	0	7.8858	0	7.5834	0
9757SoOcn	 4	C	02/19/2016	01:21	  80.024	-48.476		   290.93	0	  2.5370	0	34.0653	0	27.137	0	215.3	0	63.8	0	33.64	0	0.01	0	0.000231	0	7.8924	0	7.5899	0
9757SoOcn	 4	C	02/19/2016	01:21	  80.024	-48.476		   281.66	0	  2.6921	0	34.0656	0	27.122	0	216.4	0	64.4	0	33.17	0	0.01	0	0.000138	0	7.8948	0	7.5939	0
9757SoOcn	 4	C	02/19/2016	01:21	  80.024	-48.476		   271.53	0	  2.5991	0	34.0444	0	27.114	0	220.5	0	65.4	0	33.12	0	0.00	0	0.000127	0	7.9018	0	7.5987	0
9757SoOcn	 4	C	02/19/2016	01:21	  80.024	-48.476		   261.12	0	  2.6326	0	34.0307	0	27.1	0	223.4	0	66.3	0	32.76	0	0.01	0	0.000161	0	7.9075	0	7.6040	0
9757SoOcn	 4	C	02/19/2016	01:21	  80.024	-48.476		   251.70	0	  2.6147	0	34.0175	0	27.091	0	226.7	0	67.3	0	32.67	0	0.01	0	0.000130	0	7.9087	0	7.6046	0
9757SoOcn	 4	C	02/19/2016	01:21	  80.024	-48.476		   241.43	0	  2.6358	0	34.0099	0	27.082	0	228.6	0	67.8	0	32.61	0	0.01	0	0.000148	0	7.9104	0	7.6061	0
9757SoOcn	 4	C	02/19/2016	01:21	  80.024	-48.476		   231.40	0	  2.6735	0	33.9945	0	27.066	0	230.3	0	68.4	0	32.61	0	0.00	0	0.000146	0	7.9189	0	7.6140	0
9757SoOcn	 4	C	02/19/2016	01:21	  80.024	-48.476		   221.37	0	  2.7257	0	33.9847	0	27.053	0	233.5	0	69.5	0	31.81	0	0.02	0	0.000151	0	7.9255	0	7.6205	0
9757SoOcn	 4	C	02/19/2016	01:21	  80.024	-48.476		   211.60	0	  2.7310	0	33.9639	0	27.035	0	237.4	0	70.6	0	31.59	0	0.01	0	0.000145	0	7.9308	0	7.6251	0
9757SoOcn	 4	C	02/19/2016	01:21	  80.024	-48.476		   201.10	0	  2.7930	0	33.9475	0	27.016	0	240.2	0	71.5	0	31.39	0	0.01	0	0.000164	0	7.9312	0	7.6260	0
9757SoOcn	 4	C	02/19/2016	01:21	  80.024	-48.476		   191.54	0	  2.8015	0	33.9413	0	27.01	0	241.5	0	71.9	0	31.21	0	0.01	0	0.000177	0	7.9373	0	7.6314	0
9757SoOcn	 4	C	02/19/2016	01:21	  80.024	-48.476		   181.52	0	  2.9037	0	33.9285	0	26.989	0	243.5	0	72.7	0	30.88	0	0.01	0	0.000168	0	7.9418	0	7.6366	0
9757SoOcn	 4	C	02/19/2016	01:21	  80.024	-48.476		   170.95	0	  2.9621	0	33.9192	0	26.975	0	245.7	0	73.5	0	30.68	0	0.02	0	0.000195	0	7.9452	0	7.6402	0
9757SoOcn	 4	C	02/19/2016	01:21	  80.024	-48.476		   161.30	0	  3.1087	0	33.9095	0	26.952	0	245.8	0	73.8	0	30.33	0	0.02	0	0.000168	0	7.9451	0	7.6418	0
9757SoOcn	 4	C	02/19/2016	01:21	  80.024	-48.476		   151.13	0	  3.2160	0	33.9065	0	26.939	0	245.9	0	74.0	0	30.31	0	0.03	0	0.000197	0	7.9430	0	7.6410	0
9757SoOcn	 4	C	02/19/2016	01:21	  80.024	-48.476		   139.44	0	  3.3517	0	33.8937	0	26.914	0	245.5	0	74.1	0	29.94	0	0.03	0	0.000311	0	7.9489	0	7.6479	0
9757SoOcn	 4	C	02/19/2016	01:21	  80.024	-48.476		   130.06	0	  3.3501	0	33.8663	0	26.892	0	247.7	0	74.7	0	29.55	0	0.04	0	0.000218	0	7.9570	0	7.6550	0
9757SoOcn	 4	C	02/19/2016	01:21	  80.024	-48.476		   121.35	0	  3.4226	0	33.8580	0	26.877	0	249.1	0	75.3	0	29.08	0	0.09	0	0.000213	0	7.9613	0	7.6597	0
9757SoOcn	 4	C	02/19/2016	01:21	  80.024	-48.476		   111.56	0	  3.5780	0	33.8420	0	26.847	0	250.5	0	76.0	0	27.96	0	0.23	0	0.000215	0	7.9758	0	7.6748	0
9757SoOcn	 4	C	02/19/2016	01:21	  80.024	-48.476		   101.30	0	  3.8472	0	33.8335	0	26.811	0	250.6	0	76.5	0	27.11	0	0.16	0	0.000197	0	7.9882	0	7.6896	0
9757SoOcn	 4	C	02/19/2016	01:21	  80.024	-48.476		    94.09	0	  4.0293	0	33.8304	0	26.788	0	252.1	0	77.3	0	26.18	0	0.30	0	0.000247	0	8.0032	0	7.7056	0
9757SoOcn	 4	C	02/19/2016	01:21	  80.024	-48.476		    86.74	0	  4.6288	0	33.8099	0	26.702	0	251.2	0	78.2	0	25.06	0	0.63	0	0.000275	0	8.0135	0	7.7232	0
9757SoOcn	 4	C	02/19/2016	01:21	  80.024	-48.476		    79.59	0	  5.0329	0	33.7955	0	26.641	0	251.1	0	78.9	0	24.56	0	0.84	0	0.000299	0	8.0134	0	7.7284	0
9757SoOcn	 4	C	02/19/2016	01:21	  80.024	-48.476		    73.07	0	  5.2261	0	33.7842	0	26.608	0	250.8	0	79.2	0	24.19	0	1.02	0	0.000309	0	8.0166	0	7.7339	0
9757SoOcn	 4	C	02/19/2016	01:21	  80.024	-48.476		    66.67	0	  5.3333	0	33.7808	0	26.592	0	250.6	0	79.3	0	23.98	0	1.00	0	0.000312	0	8.0180	0	7.7365	0
9757SoOcn	 4	C	02/19/2016	01:21	  80.024	-48.476		    59.84	0	  5.4749	0	33.7781	0	26.572	0	249.8	0	79.3	0	23.85	0	1.04	0	0.000337	0	8.0179	0	7.7381	0
9757SoOcn	 4	C	02/19/2016	01:21	  80.024	-48.476		    52.76	0	  5.6242	0	33.7665	0	26.543	0	249.0	0	79.4	0	23.70	0	1.09	0	0.000296	0	8.0202	0	7.7421	0
9757SoOcn	 4	C	02/19/2016	01:21	  80.024	-48.476		    45.88	0	  5.7403	0	33.7629	0	26.526	0	248.9	0	79.5	0	23.65	0	1.04	0	0.000304	0	8.0184	0	7.7418	0
9757SoOcn	 4	C	02/19/2016	01:21	  80.024	-48.476		    39.16	0	  5.7670	0	33.7622	0	26.522	0	249.1	0	79.7	0	23.65	0	0.99	0	0.000316	0	8.0171	0	7.7408	0
9757SoOcn	 4	C	02/19/2016	01:21	  80.024	-48.476		    33.12	0	  5.7828	0	33.7617	0	26.519	0	249.2	0	79.7	0	23.47	0	0.97	0	0.000301	0	8.0160	0	7.7398	0
9757SoOcn	 4	C	02/19/2016	01:21	  80.024	-48.476		    27.32	0	  5.7845	0	33.7609	0	26.518	0	249.3	0	79.7	0	23.48	0	0.99	0	0.000311	0	8.0157	0	7.7394	0
9757SoOcn	 4	C	02/19/2016	01:21	  80.024	-48.476		    22.19	0	  5.7831	0	33.7616	0	26.519	0	249.2	0	79.7	0	23.59	0	0.94	0	0.000301	0	8.0145	0	7.7381	0
9757SoOcn	 4	C	02/19/2016	01:21	  80.024	-48.476		    17.00	0	  5.7847	0	33.7616	0	26.519	0	249.3	0	79.8	0	23.53	0	0.94	0	0.000296	0	8.0159	0	7.7392	0
9757SoOcn	 4	C	02/19/2016	01:21	  80.024	-48.476		    11.50	0	  5.7849	0	33.7614	0	26.519	0	249.4	0	79.8	0	23.69	0	0.98	0	0.000288	0	8.0172	0	7.7402	0
9757SoOcn	 4	C	02/19/2016	01:21	  80.024	-48.476		     5.01	0	  5.7852	0	33.7611	0	26.518	0	249.5	0	79.8	0	23.60	0	0.92	0	0.000304	0	8.0194	0	7.7420	0
9757SoOcn	 4	C	02/19/2016	01:21	  80.024	-48.476																					
